96624840826126,-0.20481873,-3.4914398,9.349762

96624865057083,-0.1572113,-3.7532806,9.168854

96624875036331,-0.054855347,-3.8223114,9.054596

96624890081497,-0.114364624,-3.9080048,8.971283

96624899328324,-0.13816833,-4.0746307,8.964142

96624907140824,-0.12150574,-4.2650604,8.945099

96624920110794,-0.026290894,-4.3745575,8.95224

96624930608841,0.0236969,-4.3483734,9.035553

96624938390824,-0.012008667,-4.2793427,8.945099

96624950140091,-0.13102722,-4.3245697,8.95224

96624960302445,-0.1572113,-4.334091,9.092682

96624970190140,-0.17149353,-4.165085,9.183136

96624980962845,-0.21672058,-3.7628021,9.054596

96624990972611,-0.2809906,-3.5081024,9.095062

96625000951859,-0.26908875,-3.608078,9.225983

96625011022659,-0.36668396,-3.717575,9.14505

96625020238968,-0.40715027,-3.6033173,8.978424

96625031103226,-0.4547577,-3.5390472,8.9427185

96625040990921,-0.40715027,-4.012741,9.133148

96625051000687,-0.29051208,-4.0222626,8.973663

96625061010452,-0.20481873,-4.186508,8.916534

96625070409866,-0.09770203,-4.3816986,9.037933

96625081121536,-0.12150574,-4.179367,9.116486

96625091070267,-0.23100281,-3.7413788,9.073639

96625086309525,-0.20410156,-4.0214233,9.0381775

96625101049515,-0.26194763,-3.9199066,9.106964

96625111089798,-0.17625427,-4.2150726,9.175995

96625120489212,-0.17149353,-3.9318085,9.228363

96625130834671,-0.29289246,-3.865158,8.923676

96625140905472,-0.28831482,-3.8693542,8.923965

96625150976273,-0.18009949,-3.9682465,8.930496

96625161047074,-0.0718689,-4.0671387,8.937027

96625171117874,-0.0038452148,-4.2162476,8.930359

96625181188675,0.022506714,-4.417404,8.909988

96625191259476,0.025939941,-4.5161743,8.864883

96625201330277,0.0067443848,-4.5137787,8.795334

96625211401077,-0.008712769,-4.4219055,8.792267

96625221471878,-0.020706177,-4.246811,8.851028

96625231542679,-0.015472412,-4.132614,8.887375

96625241613480,0.0048217773,-4.0717316,8.904083

96625251684281,0.05355835,-3.9409943,8.955704

96625261755081,0.12661743,-3.7506104,9.037125

96625271825882,0.18974304,-3.8237152,9.047226

96625281896683,0.24482727,-4.1110992,8.999329

96625291967484,0.28170776,-4.336548,8.9453125

96625302038284,0.30448914,-4.514038,8.886551

96625312109085,0.31481934,-4.517578,8.866837

96625322179886,0.3160553,-4.3945312,8.875534

96625316564652,0.07701111,-4.206497,8.910828

96625332250687,0.32414246,-4.4550934,8.850861

96625342321488,0.33569336,-4.608734,8.809265

96625352392288,0.32800293,-4.811981,8.711166

96625362463089,0.3076477,-5.047882,8.575851

96625372533890,0.28952026,-5.072464,8.566437

96625382604691,0.27278137,-4.9648743,8.635788

96625392675491,0.29563904,-4.8713684,8.679779

96625402746292,0.3423462,-4.7863464,8.708527

96625412817093,0.42903137,-4.515396,8.994644

96625422887894,0.5385895,-4.138199,9.427872

96625432958695,0.583786,-3.688507,9.268311

96625443029495,0.6044922,-3.2112122,8.883026

96625453100296,0.565979,-3.1848907,8.925507

96625463171097,0.49620056,-3.3966064,9.193756

96625473241898,0.421875,-3.6381683,9.226608

96625483312699,0.34535217,-3.8940125,9.1465

96625493383499,0.314682,-3.898407,9.148315

96625503454300,0.3050995,-3.787033,9.187836

96625513525101,0.42712402,-4.112488,8.908295

96625523595902,0.60639954,-4.6278687,8.4900055

96625516759964,0.4188385,-4.250061,8.899628

96625533666702,0.55200195,-4.7189026,8.575104

96625543737503,0.4335327,-4.6936035,8.798233

96625553808304,0.364563,-4.5489655,8.787064

96625563879105,0.31532288,-4.356781,8.682571

96625573949906,0.3381958,-4.3090515,8.790802

96625584020706,0.38728333,-4.313843,8.97641

96625594091507,0.38282776,-4.320404,8.973663

96625604162308,0.3600769,-4.327591,8.906616

96625614233109,0.31211853,-4.284073,8.983719

96625624303909,0.25610352,-4.2243195,9.106964

96625634374710,0.26879883,-4.394699,8.881348

96625644445511,0.29406738,-4.6071625,8.591934

96625654516312,0.314682,-5.099777,8.450867

96625664587113,0.3339386,-5.674774,8.353424

96625674657913,0.32269287,-5.6915436,8.450287

96625684728714,0.30352783,-5.5634155,8.597565

96625694799515,0.37026978,-5.1061554,8.856827

96625704870316,0.45768738,-4.5697174,9.143005

96625714941116,0.54577637,-3.7389832,9.006912

96625725011917,0.6340332,-2.8428345,8.776978

96625716985794,0.37574768,-4.506668,8.799179

96625735082718,0.58729553,-2.9676666,9.063446

96625745153519,0.5260773,-3.202179,9.40538

96625755218561,0.5023041,-3.615387,9.342255

96625765289361,0.48553467,-4.062027,9.203354

96625775360162,0.4370575,-4.1484985,9.021469

96625785430963,0.38316345,-4.173645,8.832275

96625795501764,0.33239746,-4.0794373,8.802887

96625805572565,0.2821045,-3.9668884,8.798111

96625815643365,0.31532288,-3.8789673,8.841217

96625825714166,0.3600769,-3.7944489,8.89093

96625835784967,0.38719177,-3.697174,8.886093

96625845855768,0.4136505,-3.599411,8.879181

96625855926568,0.38742065,-3.774002,8.906418

96625865997369,0.3549347,-3.9809113,8.937698

96625876068170,0.3368683,-4.3114014,8.912994

96625886138971,0.3201294,-4.653351,8.883102

96625896209772,0.30223083,-4.6171875,8.90744

96625906280572,0.28424072,-4.5500183,8.936218

96625916351373,0.23272705,-4.688034,8.768387

96625926422174,0.17906189,-4.839279,8.58786

96625917541559,0.3562317,-4.0941467,8.936295

96625936492975,0.12854004,-5.395569,8.3142395

96625946563775,0.078048706,-5.9568176,8.03949

96625956634576,0.09919739,-6.114334,8.086533

96625966705377,0.123306274,-6.255295,8.146774

96625976776178,0.32058716,-6.026535,8.541519

96625986846979,0.52053833,-5.7920685,8.9414215

96625996917779,0.57066345,-4.342575,8.792053

96626006988580,0.6184845,-2.8743286,8.634232

96626017059381,0.45835876,-2.7964783,9.149033

96626027130182,0.29811096,-2.7261353,9.666061

96626037200982,0.52116394,-2.3255768,9.5677185

96626047271783,0.73851013,-1.9449158,9.465866

96626057342584,0.64630127,-2.63945,9.173676

96626067413385,0.55366516,-3.3300476,8.892166

96626077484186,0.44709778,-3.895218,8.952042

96626087554986,0.34254456,-4.452011,9.004501

96626097625787,0.28378296,-4.818985,8.8893585

96626107696588,0.221344,-5.1553955,8.774139

96626117767389,0.09870911,-4.9911194,8.657288

96626127838190,-0.023910522,-4.826828,8.540436

96626118835504,0.34861755,-4.3290863,8.811554

96626137908990,0.04185486,-4.877716,8.684387

96626147979791,0.10801697,-4.948242,8.811478

96626158050592,0.17866516,-5.239212,8.749207

96626168121393,0.25358582,-5.4483185,8.721573

96626178192193,0.36975098,-4.8675537,9.028122

96626188262994,0.47103882,-4.267868,9.314102

96626198333795,0.44709778,-3.5086975,9.426651

96626208404596,0.42782593,-2.899826,9.505493

96626218475397,0.44354248,-3.4126587,9.332687

96626228546197,0.45924377,-3.9254913,9.159866

96626238616998,0.37498474,-3.9040527,8.957489

96626248687799,0.2936859,-3.916092,8.7668915

96626258758600,0.23260498,-4.144806,8.649536

96626268829400,0.1713562,-4.378418,8.568649

96626278900201,0.10910034,-4.63945,8.691986

96626288971002,0.07601929,-4.82193,8.803757

96626299041803,0.19216919,-4.6027985,8.856445

96626309112604,0.29737854,-4.3834534,8.900513

96626319183404,0.35127258,-4.1631165,8.9040985

96626318359430,0.29267883,-4.302902,8.943192

96626329254205,0.3792572,-3.8460693,8.926392

96626339325006,0.29530334,-3.1109161,9.029541

96626349395807,0.24754333,-2.5957947,9.1328125

96626359466607,0.3418579,-2.9443817,9.236679

96626369537408,0.43751526,-3.407135,9.309799

96626379608209,0.5382538,-4.301773,9.266632

96626389679010,0.5849304,-4.836914,9.164551

96626399749811,0.44462585,-4.1281433,8.858749

96626409820611,0.31697083,-3.848175,8.600052

96626419891412,0.22955322,-4.930664,8.491089

96626429962213,0.1499939,-5.8253937,8.3914795

96626440033014,0.093811035,-6.1613617,8.319748

96626450103815,0.070999146,-6.363846,8.271072

96626460174615,0.1429596,-6.187546,8.287872

96626470245416,0.22409058,-5.70282,8.47081

96626480316217,0.32929993,-4.4079742,9.090118

96626490387018,0.4106903,-3.3414154,9.55011

96626500457818,0.43223572,-2.848053,9.609985

96626510528619,0.44596863,-2.4274902,9.628571

96626520599420,0.44117737,-2.179245,9.549423

96626518524225,0.3300476,-4.0532074,8.994614

96626530670221,0.48303223,-1.9767609,9.4266815

96626540741022,0.6277008,-1.8751373,9.207886

96626550811822,0.6732025,-2.1753693,9.071671

96626560882623,0.5091553,-3.3249207,9.109985

96626570953424,0.31356812,-4.424576,8.991043

96626581024225,0.05493164,-5.4244537,8.557571

96626591095025,-0.11354065,-6.019348,8.318512

96626601165826,-0.11114502,-5.8469086,8.447845

96626611236627,-0.020980835,-5.710449,8.586151

96626621307428,0.22688293,-5.6385956,8.740631

96626631378229,0.37161255,-5.2342987,8.829575

96626641449029,0.34048462,-4.263199,8.806824

96626651519830,0.3422699,-3.615738,8.904312

96626661590631,0.39735413,-3.4924011,9.196487

96626671661432,0.4472351,-3.6351166,9.283951

96626681732232,0.489151,-4.187134,9.056427

96626691803033,0.4357605,-4.285034,8.891647

96626701873834,0.24298096,-3.7186432,8.8186035

96626711944635,0.23695374,-3.1817932,8.837692

96626722015436,0.4908142,-2.6860504,8.98497

96626718750055,0.33171082,-4.069397,8.877014

96626732086236,0.62620544,-2.6286163,9.123337

96626742157037,0.6047058,-3.1514893,9.249878

96626752227838,0.5056,-3.4954834,9.300247

96626762298639,0.30621338,-3.6083832,9.252197

96626772369440,0.19581604,-3.8931274,9.149796

96626782440240,0.19223022,-4.384079,8.982147

96626792511041,0.16181946,-4.7476196,8.847473

96626802581842,0.100753784,-4.965561,8.750488

96626812652643,0.08381653,-4.924942,8.689041

96626822723443,0.11495972,-4.602829,8.66629

96626832794244,0.110824585,-4.738632,8.6405945

96626842865045,0.070114136,-5.3493195,8.611847

96626852935846,0.072769165,-5.4450226,8.641541

96626863006647,0.118270874,-5.031906,8.728958

96626873077447,0.20848083,-4.7536163,8.863449

96626883148248,0.3407898,-4.602234,9.042236

96626893219049,0.3796234,-4.0586853,9.074783

96626903289850,0.3314972,-3.1504364,8.971329

96626913360650,0.31062317,-2.8862305,9.03331

96626923431451,0.3130188,-3.171997,9.236572

96626918975885,0.23983765,-4.2326813,8.954376

96626933502252,0.304245,-3.5387726,9.27121

96626943573053,0.2862854,-3.9722443,9.167023

96626953643854,0.2810974,-4.080612,9.05748

96626963714654,0.2859497,-3.9341583,8.943695

96626973785455,0.33076477,-4.037689,8.791412

96626983856256,0.40293884,-4.312149,8.612762

96626993927057,0.374588,-4.410904,8.595886

96627003997857,0.27400208,-4.383362,8.695282

96627014068658,0.25167847,-4.278885,8.833923

96627024139459,0.28286743,-4.1217804,8.99942

96627034210260,0.24990845,-4.20018,9.00441

96627044281061,0.17576599,-4.4297333,8.906372

96627054351861,0.120773315,-4.4551086,8.94455

96627064422662,0.0776062,-4.35437,9.066879

96627074493463,0.10435486,-4.4167786,8.998199

96627084564264,0.17156982,-4.5736237,8.818939

96627094635065,0.13482666,-4.9494934,8.642242

96627104705865,0.057876587,-5.4100037,8.466537

96627114776666,0.06047058,-5.5079193,8.433624

96627124847467,0.10618591,-5.4092865,8.478134

96627119171197,0.20793152,-4.5297546,8.800369

96627134918268,0.30223083,-5.045227,8.783478

96627144989068,0.57244873,-4.550232,9.217499

96627155059869,0.5885315,-3.7873077,9.435745

96627165130670,0.48435974,-2.8976288,9.551895

96627175201471,0.34207153,-2.8436584,9.509537

96627185272272,0.182724,-3.1635895,9.3962555

96627195343072,0.1618042,-3.5012665,9.265503

96627205413873,0.1802063,-3.8440094,9.129791

96627215484674,0.24952698,-3.9914856,9.155991

96627225555475,0.3397522,-4.058853,9.248611

96627235626275,0.40249634,-3.913742,9.005539

96627245697076,0.45510864,-3.690155,8.638489

96627255767877,0.40596008,-3.80542,8.813751

96627265838678,0.3209381,-4.0401154,9.1801605

96627275909479,0.4006958,-3.8406525,9.095612

96627285980279,0.53492737,-3.4976044,8.861954

96627296051080,0.4133606,-3.768982,8.965317

96627306121881,0.241745,-4.1605835,9.134628

96627316192682,0.16061401,-4.447693,9.104294

96627326263482,0.10656738,-4.703537,9.014206

96627319397027,0.34313965,-3.844925,9.148621

96627336334283,0.046035767,-4.5738373,8.975281

96627346405084,-0.016220093,-4.340332,8.950134

96627356475885,0.015380859,-4.3731384,8.964264

96627366546686,0.07046509,-4.472534,8.98822

96627376617486,0.14642334,-4.875778,8.867554

96627386688287,0.22721863,-5.3493347,8.713425

96627396759088,0.29022217,-4.9617615,8.735718

96627406829889,0.35116577,-4.4752655,8.778275

96627416900690,0.2870636,-4.09169,9.013504

96627426971490,0.19685364,-3.7296143,9.288986

96627437042291,0.24099731,-3.4789429,9.309418

96627447113092,0.30914307,-3.2481995,9.284317

96627457183893,0.29725647,-3.4744873,9.228287

96627467254693,0.27207947,-3.776703,9.1671295

96627477325494,0.17124939,-4.0559845,8.939148

96627487396295,0.059387207,-4.331909,8.686829

96627497467096,-0.03126526,-4.3039703,8.567093

96627507537897,-0.12097168,-4.2625732,8.453232

96627517608697,0.11567688,-4.5420227,8.625244

96627527679498,0.39356995,-4.862015,8.833359

96627519592340,0.17628479,-4.2772064,8.916061

96627537750299,0.32739258,-4.6320343,8.882751

96627547821100,0.22680664,-4.3470306,8.916275

96627557891900,0.122909546,-4.0686646,8.946503

96627567962701,0.018737793,-3.7908478,8.97644

96627578033502,0.088775635,-3.693039,9.160004

96627588104303,0.1712799,-3.608078,9.354523

96627598175104,0.19447327,-3.3388977,9.342926

96627608245904,0.21768188,-3.0697021,9.331329

96627618316705,0.198349,-3.4608765,9.193817

96627628387506,0.17669678,-3.8879242,9.049454

96627638458307,0.1377716,-4.179123,8.984787

96627648529107,0.09831238,-4.4660645,8.922623

96627658599908,0.14091492,-4.4393005,9.010513

96627668670709,0.18528748,-4.405716,9.101654

96627678741510,0.19979858,-4.422119,8.997787

96627688812311,0.21412659,-4.4388275,8.892731

96627698883111,0.10139465,-4.458023,8.847168

96627708953912,-0.008712769,-4.4765625,8.802017

96627719024713,0.052459717,-4.4525757,8.784027

96627719787652,0.13961792,-4.08844,9.011276

96627729095514,0.11013794,-4.4378204,8.764664

96627739166315,0.05633545,-4.718796,8.701294

96627749237115,0.0061035156,-4.9775696,8.645279

96627759307916,0.04322815,-4.694977,8.768616

96627769378717,0.07980347,-4.419586,8.889648

96627779449518,0.10646057,-4.2770844,8.968445

96627789520318,0.13310242,-4.1345825,9.047226

96627799591119,0.1158905,-4.1563873,8.999283

96627809661920,0.09614563,-4.184616,8.9461975

96627819732721,0.047042847,-4.285202,8.834824

96627829803522,0.0047912598,-4.399048,8.729889

96627839874322,0.03352356,-4.6504974,8.691574

96627849945123,0.06587219,-4.8937225,8.653839

96627860015924,0.1306305,-5.0628204,8.62146

96627870086725,0.20399475,-5.204422,8.632324

96627880157525,0.34355164,-5.1346436,8.975571

96627890228326,0.48310852,-5.064865,9.318817

96627900299127,0.31295776,-3.8904572,9.322662

96627910369928,0.17936707,-2.9017181,9.315445

96627920440729,0.27156067,-3.059784,9.2400055

96627919982965,0.15652466,-4.333145,8.933197

96627930511529,0.33148193,-3.2171173,9.164398

96627940582330,0.21054077,-3.3703918,9.087753

96627950653131,0.10632324,-3.5280914,9.010056

96627960723932,0.08758545,-3.708374,8.926941

96627970794732,0.062072754,-3.8783417,8.853165

96627980865533,-0.008773804,-3.979538,8.841782

96627990936334,-0.031158447,-4.1397705,8.861191

96628001007135,0.09300232,-4.478592,8.97374

96628011077936,0.19766235,-4.7140503,9.030106

96628021148736,0.22283936,-4.5281677,8.857422

96628031219537,0.21707153,-4.409851,8.728455

96628041290338,0.09631348,-4.542572,8.761932

96628051361139,0.021331787,-4.62236,8.808136

96628061431940,0.107559204,-4.5157776,8.899139

96628071502740,0.1893158,-4.477173,8.9526825

96628081573541,0.256485,-4.66185,8.883118

96628091644342,0.30815125,-4.788452,8.82132

96628101715143,0.31292725,-4.7393646,8.783005

96628111785943,0.2980652,-4.574814,8.751251

96628121856744,0.22741699,-4.082657,8.738068

96628120178277,0.1529541,-4.2860107,8.856781

96628131927545,0.1855011,-3.511795,8.841156

96628141998346,0.2202301,-2.7310638,9.254272

96628152069147,0.25598145,-2.2740173,9.521759

96628162139947,0.29429626,-2.629654,9.423569

96628172210748,0.29631042,-3.2133942,9.277954

96628182281549,0.21235657,-4.337097,9.020126

96628192352350,0.09490967,-5.129135,8.814758

96628202423150,-0.09638977,-5.1901093,8.725098

96628212493951,-0.22317505,-5.2029877,8.599121

96628222564752,-0.21357727,-5.1142426,8.396454

96628232635553,-0.13723755,-5.3561554,8.345581

96628242706354,0.07080078,-6.250473,8.594269

96628252777154,0.18128967,-6.261261,8.756226

96628262847955,0.106933594,-4.59787,8.75383

96628272918756,0.060256958,-3.6094208,8.811447

96628282989557,0.06265259,-3.8177795,8.97551

96628293060357,0.12387085,-3.7234344,9.103363

96628303131158,0.28407288,-3.1196594,9.170319

96628313201959,0.34786987,-2.9396057,9.131119

96628323272760,0.25552368,-3.4457245,8.920044

96628320343072,0.12010193,-4.126526,8.926529

96628333343561,0.16661072,-3.9416962,8.804626

96628343414361,0.08291626,-4.422333,8.834518

96628353485162,0.0750885,-4.915268,8.811371

96628363555963,0.17822266,-5.4261475,8.710632

96628373626764,0.21902466,-5.260681,8.80928

96628383697565,0.17417908,-4.1657715,9.181915

96628393768365,0.15782166,-3.778839,9.2716675

96628403839166,0.19403076,-4.697983,8.839569

96628413909967,0.19068909,-5.0106354,8.694214

96628423980768,0.13807678,-4.568268,8.905838

96628434051568,0.13317871,-4.3150635,8.98233

96628444122369,0.18554688,-4.2888794,8.896637

96628454193170,0.20048523,-4.114319,8.841171

96628464263971,0.17051697,-3.7617493,8.821976

96628474334772,0.19477844,-3.372757,8.876877

96628484405572,0.2803192,-2.9426422,9.015427

96628494476373,0.22129822,-3.115921,8.986176

96628504547174,0.014144897,-3.9074097,8.785019

96628514617975,-0.14273071,-4.894043,8.555969

96628524688775,-0.25048828,-6.0711365,8.299713

96628520538385,0.104156494,-4.493103,8.815842

96628534759576,-0.29992676,-6.35968,8.230469

96628544830377,-0.29512024,-5.821945,8.335129

96628554901178,-0.22410583,-5.5755615,8.33255

96628564971979,-0.09655762,-5.577942,8.238373

96628575042779,0.16378784,-5.9278107,8.601227

96628585113580,0.5362091,-6.5708466,9.34964

96628595184381,0.5257263,-5.4026337,9.355499

96628605255182,0.20770264,-2.7794952,8.764862

96628615325982,0.2099762,-2.1510468,8.770996

96628625396783,0.4602356,-3.067093,9.239197

96628635467584,0.51997375,-3.332138,9.394974

96628645538385,0.4393158,-3.1174622,9.320526

96628655609186,0.47407532,-2.441452,9.590942

96628665679986,0.5689392,-1.5252075,10.04097

96628675750787,1.0300446,-2.1091766,10.3589325

96628685821588,1.7353363,-3.6934052,10.588837

96628695892389,1.7589722,-4.9250793,9.983902

96628705963190,1.350647,-5.9333344,8.849915

96628716033990,0.7121124,-5.7500916,8.3550415

96628726104791,-0.06503296,-4.8496094,8.244873

96628720764215,0.4883423,-4.244583,9.102921

96628736175592,-0.41656494,-4.9118958,8.049545

96628746246393,-0.5248718,-5.5243835,7.805542

96628756317193,-0.5846863,-6.0317993,7.7257843

96628766387994,-0.62602234,-6.4992065,7.708557

96628776458795,-0.58322144,-6.8321686,7.5152435

96628786529596,-0.4954071,-7.0932007,7.2277374

96628796600397,-0.59916687,-7.0043793,7.1440887

96628806671197,-0.79615784,-6.7453156,7.159607

96628816741998,-0.9230194,-6.436264,7.3048096

96628826812799,-1.0167084,-6.1035614,7.5114136

96628836883600,-0.9229584,-5.9767456,7.709152

96628846954400,-0.7477112,-5.9394684,7.9030457

96628857025201,-0.5509796,-5.6746826,7.914734

96628867096002,-0.3482666,-5.3464355,7.87558

96628877166803,-0.35064697,-5.3104706,7.804291

96628887237604,-0.4347229,-5.3909454,7.720215

96628897308404,-0.34649658,-5.6969147,7.9050293

96628907379205,-0.19561768,-6.0848846,8.187622

96628917450006,0.09361267,-6.1773987,8.514847

96628927520807,0.43008423,-6.1690216,8.857315

96628920959527,-0.4669037,-6.114609,7.8020477

96628937591607,0.47299194,-5.1361847,9.040314

96628947662408,0.4219513,-3.775528,9.172272

96628957733209,0.15962219,-3.235138,9.270279

96628967804010,-0.14134216,-2.8447113,9.362076

96628977874811,-0.08198547,-3.5897064,8.925415

96628987945611,0.06916809,-4.6239777,8.354126

96628998016412,-0.014480591,-4.920685,8.096161

96629008087213,-0.15795898,-5.02948,7.9180145

96629018158014,-0.12208557,-5.3913116,7.9635773

96629028228815,-0.043045044,-5.8139954,8.062958

96629038299615,0.048736572,-5.634186,8.206314

96629048370416,0.14334106,-5.3204803,8.359436

96629058441217,0.16786194,-5.194092,8.9709015

96629068512018,0.18510437,-5.087143,9.629913

96629078582818,0.17488098,-5.091736,9.295776

96629088653619,0.15925598,-5.118164,8.767273

96629098724420,-0.0016174316,-4.6635895,8.599335

96629108795221,-0.18722534,-4.127121,8.492767

96629118866022,-0.22546387,-4.5630646,8.398651

96629128936822,-0.24102783,-5.1486053,8.306442

96629121154840,0.013931274,-4.686386,8.635178

96629139007623,-0.21884155,-5.288513,8.318237

96629149078424,-0.19145203,-5.3669434,8.344376

96629159149225,-0.10160828,-4.8803864,8.51091

96629169220025,-0.009597778,-4.374344,8.682266

96629179290826,0.16604614,-4.4236145,8.826172

96629189361627,0.3513031,-4.5366974,8.966919

96629199432428,0.26766968,-4.437271,8.856583

96629209503229,0.1600647,-4.3189087,8.723862

96629219574029,0.12998962,-4.593857,8.734222

96629229644830,0.10600281,-4.8996735,8.755814

96629239715631,0.05958557,-5.0454865,8.753586

96629249786432,0.011795044,-5.1815033,8.749908

96629259857232,-0.10977173,-5.0482635,8.531326

96629269928033,-0.23135376,-4.9149933,8.312744

96629279998834,-0.17913818,-5.143585,8.329056

96629290069635,-0.12037659,-5.3858337,8.354233

96629300140436,-0.07348633,-5.3956604,8.283386

96629310211236,-0.026870728,-5.4004517,8.2104645

96629320282037,0.099090576,-5.425354,8.633057

96629330352838,0.22602844,-5.450485,9.061737

96629321350152,0.028930664,-4.979889,8.617554

96629340423639,0.15818787,-4.378128,8.843933

96629350494440,0.09034729,-3.3057709,8.626129

96629360565240,0.13491821,-3.8527527,9.009262

96629370636041,0.17669678,-4.3868103,9.37262

96629380706842,0.106048584,-4.401184,8.940338

96629390777643,0.03340149,-4.425949,8.519302

96629400848443,-0.09233093,-4.7265167,8.395966

96629410919244,-0.2103424,-5.021515,8.270523

96629420990045,-0.17675781,-5.2073975,8.103821

96629431060846,-0.13842773,-5.389679,7.9582977

96629441131647,-0.02999878,-5.518875,8.124405

96629451202447,0.078445435,-5.648056,8.290497

96629461273248,0.15922546,-5.4156494,8.428467

96629471344049,0.21801758,-5.1874847,8.555634

96629481414850,0.039611816,-5.005478,8.5664215

96629491485650,-0.115600586,-4.802353,8.593216

96629501556451,-0.054519653,-4.402405,8.769241

96629511627252,-0.004043579,-4.0120697,8.91861

96629521698053,-0.040023804,-3.7002563,8.85025

96629521514947,0.006790161,-4.5666504,8.589706

96629531768854,-0.060668945,-3.4775696,8.794144

96629541839654,0.026733398,-3.8832245,8.824402

96629551910455,0.114151,-4.288864,8.854645

96629561981256,0.13720703,-5.4972534,8.507385

96629572052057,0.12060547,-6.4671326,8.203598

96629582122857,-0.13482666,-6.0006104,8.161621

96629592193658,-0.34701538,-5.602127,8.11795

96629602264459,-0.32785034,-5.567398,8.065277

96629612335260,-0.28451538,-5.5893555,8.018677

96629622406061,-0.12286377,-5.8887177,8.001907

96629632476861,0.049621582,-6.155182,8.115585

96629642547662,0.270813,-6.2735443,8.816208

96629652618463,0.38760376,-6.125656,9.293716

96629662689264,0.061904907,-4.849182,8.825516

96629672760065,-0.15020752,-3.8683624,8.471115

96629682830865,0.08364868,-4.0482483,8.563461

96629692901666,0.25212097,-4.2774506,8.664398

96629702972467,0.18626404,-4.68338,8.796112

96629713043268,0.0879364,-4.8705597,8.8415985

96629723114068,-0.11891174,-4.3265533,8.598892

96629721771295,-3.5095215E-4,-5.140091,8.498306

96629733184869,-0.23805237,-3.874588,8.456482

96629743255670,-0.078552246,-3.715088,8.632782

96629753326471,0.04005432,-3.838745,8.713379

96629763397272,0.038848877,-4.791626,8.513702

96629773468072,-0.005584717,-5.4497833,8.362579

96629783538873,-0.1708374,-5.2845306,8.347

96629793609674,-0.27433777,-5.304199,8.357529

96629803680475,-0.21566772,-5.809494,8.436554

96629813751275,-0.19042969,-6.064575,8.43631

96629823822076,-0.24790955,-5.7005463,8.239929

96629833892877,-0.25689697,-5.6582184,8.056503

96629843963678,-0.15272522,-6.3665466,7.9033203

96629854034479,-0.0024719238,-6.7378387,8.053635

96629864105279,0.23057556,-6.503586,8.749252

96629874176080,0.32388306,-5.6679535,9.216583

96629884246881,0.15238953,-3.692749,9.251358

96629894317682,0.07771301,-2.736374,9.186371

96629904388482,0.17469788,-3.586563,8.944489

96629914459283,0.16323853,-4.138611,8.742767

96629924530084,-0.03074646,-4.188904,8.608658

96629921722467,-0.024856567,-4.981079,8.566376

96629934600885,-0.14317322,-4.500931,8.440445

96629944671686,-0.12519836,-5.2313843,8.217728

96629954742486,-0.09251404,-5.672348,8.158997

96629964813287,-0.03742981,-5.673538,8.3493805

96629974884088,0.015151978,-5.393936,8.565414

96629984954889,0.064086914,-4.7086945,8.818512

96629995025690,0.12701416,-4.26268,9.014252

96630005096490,0.2096405,-4.153717,9.129211

96630015167291,0.195755,-4.167816,9.073135

96630025238092,0.052505493,-4.346878,8.787811

96630035308893,-0.057861328,-4.5197754,8.589127

96630045379693,-0.12522888,-4.6845703,8.503723

96630055450494,-0.10964966,-5.090637,8.368271

96630065521295,0.0054779053,-5.786209,8.172791

96630075592096,-0.018951416,-6.066223,8.039886

96630085662897,-0.20095825,-5.8770294,7.9776154

96630095733697,-0.29008484,-5.7934113,7.9147797

96630105804498,-0.27931213,-5.823349,7.851303

96630115875299,-0.18869019,-6.070938,7.928604

96630125946100,-0.01626587,-6.541519,8.150131

96630121917779,-0.039382935,-5.3514557,8.388336

96630136016900,0.102249146,-6.1504517,8.370453

96630146087701,0.16810608,-4.918274,8.589584

96630156158502,0.17596436,-4.064438,8.832275

96630166229303,0.12989807,-3.5624237,9.096863

96630176300104,0.117263794,-3.42453,9.199417

96630186370904,0.13764954,-3.6463928,9.141846

96630196441705,0.09207153,-4.083145,8.961014

96630206512506,-0.014816284,-4.719742,8.665527

96630216583307,0.03869629,-5.234497,8.449142

96630226654107,0.23091125,-5.643982,8.301117

96630236724908,0.08337402,-5.8105316,8.234024

96630246795709,-0.35075378,-5.772156,8.2352295

96630256866510,-0.3668518,-5.4131927,8.378418

96630266937311,-0.051208496,-4.7998505,8.634277

96630277008111,0.056350708,-4.400177,8.7200165

96630287078912,0.0047912598,-4.163925,8.675644

96630297149713,-0.031921387,-4.250366,8.630417

96630307220514,-0.057937622,-4.568802,8.584564

96630317291315,-0.060668945,-4.9268036,8.452423

96630327362115,-0.051437378,-5.3051453,8.27594

96630322418268,0.012039185,-4.672577,8.621124

96630337432916,-0.0262146,-5.71933,8.199799

96630347503717,0.00982666,-6.1577454,8.191391

96630357574518,0.041366577,-6.0392,8.261078

96630367645318,0.070114136,-5.5721893,8.379623

96630377716119,0.06654358,-5.404892,8.42981

96630387786920,0.043792725,-5.4156647,8.439392

96630397857721,0.03718567,-5.163254,8.625122

96630407928522,0.03967285,-4.7624054,8.910202

96630417999322,0.06555176,-3.9431763,9.01651

96630428070123,0.10020447,-2.9670563,9.055786

96630438140924,0.06951904,-3.7551727,8.807449

96630448211725,0.006149292,-5.425415,8.415283

96630458282525,-0.034622192,-6.0697937,8.061554

96630468353326,-0.06455994,-6.221878,7.7262726

96630478424127,-0.096969604,-5.8525696,7.9766235

96630488494928,-0.13049316,-5.2466583,8.492722

96630498565729,-0.08653259,-5.165085,8.5264435

96630508636529,-0.009353638,-5.308243,8.353394

96630518707330,-0.018463135,-4.991867,8.490524

96630528778131,-0.05079651,-4.5517273,8.711166

96630522522027,0.001083374,-5.1510315,8.475693

96630538848932,0.011672974,-4.8447266,8.77655

96630548919732,0.10971069,-5.412628,8.783737

96630558990533,0.05709839,-5.6875763,8.58194

96630569061334,-0.049484253,-5.8576202,8.305328

96630579132135,-0.08615112,-5.4397125,8.293121

96630589202936,-0.09931946,-4.824234,8.369751

96630599273736,-0.095840454,-4.7715607,8.42598

96630609344537,-0.087127686,-4.896042,8.475769

96630619415338,0.022506714,-4.6006927,8.596512

96630629486139,0.150177,-4.230362,8.729919

96630639556940,0.07739258,-4.1952057,8.765991

96630649627740,-0.052322388,-4.255249,8.774399

96630659698541,-0.07484436,-4.530838,8.444

96630669769342,-0.0700531,-4.861328,8.027283

96630679840143,-0.042022705,-5.2799835,8.000046

96630689910943,-0.008483887,-5.719452,8.064713

96630699981744,-0.043319702,-5.875595,7.9680786

96630710052545,-0.09303284,-5.9700623,7.836334

96630720123346,-0.10398865,-5.725647,8.0877075

96630730194147,-0.11091614,-5.4460907,8.378815

96630722747857,-0.031051636,-5.1574554,8.369995

96630740264947,-0.064331055,-5.2609406,8.743195

96630750335748,-0.007965088,-5.093033,9.120956

96630760406549,-0.09889221,-4.764038,8.801147

96630770477350,-0.21366882,-4.4089355,8.368332

96630780548150,-0.10990906,-5.081238,8.399399

96630790618951,0.02659607,-5.9074554,8.499985

96630800689752,0.07237244,-5.84375,8.605194

96630810760553,0.10598755,-5.6607513,8.710999

96630820831354,0.02558899,-5.1455383,8.7209015

96630830902154,-0.05836487,-4.6199493,8.727798

96630840972955,-0.12513733,-4.2322693,8.714447

96630851043756,-0.19000244,-3.8599243,8.698822

96630861114557,-0.2766571,-3.9449005,8.3974

96630871185357,-0.36528015,-4.070633,8.070496

96630881256158,-0.41267395,-4.85585,8.03656

96630891326959,-0.4569702,-5.690445,8.024597

96630901397760,-0.2572174,-5.4867706,8.010101

96630911468561,-0.042541504,-5.2196503,7.995468

96630921539361,-0.041748047,-5.1939087,8.222565

96630931610162,-0.042922974,-5.170395,8.4518585

96630922943170,-0.12554932,-4.969406,8.4664

96630941680963,0.15034485,-5.0503845,8.673645

96630951751764,0.35031128,-4.9270477,8.895172

96630961822565,0.26794434,-4.8591766,8.821579

96630971893365,0.17913818,-4.7954407,8.744461

96630981964166,0.0692749,-4.9230194,8.855499

96630992034967,-0.04057312,-5.050583,8.966522

96631002105768,-0.09049988,-4.949585,8.79422

96631012176568,-0.14041138,-4.848572,8.621902

96631022247369,-0.17910767,-5.1795807,8.398483

96631032318170,-0.21806335,-5.505661,8.1779785

96631042388971,-0.26708984,-5.60849,8.066788

96631052459772,-0.3035736,-5.7160645,7.9759064

96631062530572,-0.0078125,-5.9495544,8.423752

96631072601373,0.26480103,-6.121994,8.851517

96631082672174,0.08250427,-5.095398,8.885101

96631092742975,-0.079193115,-4.151932,8.916901

96631102813775,0.06227112,-4.4313965,8.922653

96631112884576,0.20373535,-4.7108765,8.928406

96631122955377,-0.014755249,-4.477112,8.539307

96631123169000,-3.5095215E-4,-5.0105896,8.624695

96631133026178,-0.2217102,-4.2704773,8.17215

96631143096979,-0.2804718,-4.3904114,8.067825

96631153167779,-0.32641602,-4.549942,7.9308167

96631163238580,-0.25697327,-5.06604,7.4997406

96631173309381,-0.18548584,-5.5643616,7.1613617

96631183380182,-0.09794617,-5.9217377,7.5571136

96631193450982,-0.012451172,-6.200836,7.9391327

96631203521783,0.05895996,-5.9430847,8.227005

96631213592584,0.1303711,-5.6853333,8.514893

96631223663385,0.075683594,-5.5901794,8.965347

96631233734186,0.02331543,-5.4727783,9.312897

96631243804986,-0.011306763,-5.2220917,9.06459

96631253875787,-0.043182373,-4.95166,8.851501

96631263946588,-0.05999756,-4.573303,8.831085

96631274017389,-0.08302307,-4.201065,8.783112

96631284088190,-0.13578796,-3.858078,8.603226

96631294158990,-0.17549133,-3.6965485,8.453766

96631304229791,-0.15875244,-4.3194733,8.435822

96631314300592,-0.13587952,-4.893036,8.396194

96631324371393,-0.08798218,-5.265442,8.268066

96631323333795,-0.0879364,-5.0679626,8.357391

96631334442193,-0.06712341,-5.622574,8.171234

96631344512994,-0.14855957,-5.921936,8.19278

96631354583795,-0.23365784,-6.0482483,8.183914

96631364654596,-0.33169556,-5.565201,8.067947

96631374725397,-0.40771484,-5.274063,8.002426

96631384796197,-0.41011047,-5.6242523,8.10556

96631394866998,-0.3660736,-5.9622498,8.138123

96631404937799,-0.17927551,-6.262802,7.95372

96631415008600,0.041152954,-6.5723114,8.010803

96631425079400,0.35847473,-6.907593,8.763992

96631435150201,0.51594543,-6.563431,9.145493

96631445221002,0.24052429,-4.3792725,8.520416

96631455291803,0.07951355,-3.102539,8.234482

96631465362604,0.21003723,-4.138336,8.812851

96631475433404,0.26382446,-4.4737244,9.24411

96631485504205,0.13330078,-3.1266022,9.321945

96631495575006,0.029174805,-2.3358002,9.218369

96631505645807,-0.015136719,-2.8063812,8.703476

96631515716607,-0.04724121,-3.804245,8.294479

96631525787408,-0.053237915,-5.9321136,8.112473

96631523529107,-0.019622803,-5.123184,8.451416

96631535858209,-0.12567139,-7.3694305,7.8493805

96631545929010,-0.3328247,-7.406555,7.4218903

96631555999811,-0.4620819,-7.1074677,7.2682953

96631566070611,-0.44172668,-6.162689,7.6407013

96631576141412,-0.2806244,-5.652771,8.101318

96631586212213,0.13671875,-5.934601,8.722549

96631596283014,0.30696106,-5.625595,9.131348

96631606353815,0.055892944,-4.309204,9.1779785

96631616424615,-0.021865845,-3.7419434,9.124207

96631626495416,0.18466187,-4.4033203,8.905731

96631636566217,0.2575531,-4.83934,8.649124

96631646637018,0.11680603,-4.9151306,8.331543

96631656707818,0.043411255,-4.486801,8.278854

96631666778619,0.06851196,-3.3210602,8.613632

96631676849420,0.10357666,-3.3312378,8.72641

96631686920221,0.15267944,-4.9980774,8.5264435

96631696991022,-0.034606934,-5.8187103,8.393997

96631707061822,-0.5387268,-5.5049744,8.352081

96631717132623,-0.7087555,-5.4569397,8.189163

96631727203424,-0.4524994,-5.747925,7.8718414

96631723724420,-0.11222839,-5.218643,8.350479

96631737274225,-0.24751282,-6.138733,7.8244934

96631747345025,-0.10479736,-6.650818,8.105133

96631757415826,-0.033676147,-6.339432,8.293625

96631767486627,-0.04437256,-5.086853,8.376801

96631777557428,-0.02217102,-4.5122223,8.566086

96631787628229,0.03807068,-4.7218475,8.878128

96631797699029,0.07827759,-4.764267,8.972992

96631807769830,0.097473145,-4.6311493,8.839874

96631817840631,0.071517944,-4.717148,8.692535

96631827911432,9.765625E-4,-5.0196533,8.531113

96631837982232,-0.009521484,-5.243271,8.407608

96631848053033,0.03717041,-5.391754,8.32019

96631858123834,0.04800415,-5.5009766,8.20903

96631868194635,0.026290894,-5.574585,8.076294

96631878265436,-0.04711914,-5.39624,8.095535

96631888336236,-0.16256714,-5.0130005,8.238358

96631898407037,-0.15557861,-4.856964,8.33345

96631908477838,-0.04899597,-4.8857117,8.389725

96631918548639,0.0035705566,-5.001343,8.391373

96631928619440,0.014328003,-5.1842804,8.350723

96631923919732,-0.0058135986,-5.19722,8.428558

96631938690240,0.02784729,-5.3077087,8.357361

96631948761041,0.043411255,-5.386734,8.399261

96631958831842,0.05860901,-5.365677,8.360596

96631968902643,0.07354736,-5.2735443,8.26474

96631978973443,0.032928467,-4.792877,8.372238

96631989044244,-0.034729004,-4.123184,8.578644

96631999115045,-0.03627014,-3.8468323,8.769775

96632009185846,0.0068359375,-3.8360596,8.950592

96632019256647,0.1943512,-4.483139,8.67485

96632029327447,0.4745636,-5.5524597,8.106049

96632039398248,0.22872925,-6.248947,7.846512

96632049469049,-0.3378601,-6.718094,7.775543

96632059539850,-0.4131012,-6.5414276,7.724533

96632069610650,-0.21484375,-6.0052795,7.6846313

96632079681451,-0.06933594,-6.2901154,7.9081116

96632089752252,0.05697632,-6.8735046,8.227371

96632099823053,0.032211304,-6.0671234,8.3811035

96632109893854,-0.07019043,-4.546692,8.449768

96632119964654,-0.017181396,-4.2995605,8.599335

96632130035455,0.10734558,-4.638443,8.786133

96632124084527,0.011077881,-5.2933807,8.329773

96632140106256,0.11755371,-5.0916595,8.676666

96632150177057,0.07803345,-5.594589,8.438385

96632160247857,0.06918335,-5.4950104,8.324997

96632170318658,0.072906494,-5.148239,8.262848

96632180389459,0.013153076,-4.5861206,8.308731

96632190460260,-0.06309509,-3.9680939,8.38266

96632200531061,-0.10096741,-4.2398987,8.437454

96632210601861,-0.12487793,-4.835327,8.485275

96632220672662,-0.1408081,-5.054489,8.454041

96632230743463,-0.1539917,-5.143097,8.395355

96632240814264,-0.15541077,-5.66539,8.236404

96632250885065,-0.15301514,-6.328781,8.0448

96632260955865,-0.15531921,-6.2291565,8.053467

96632271026666,-0.15904236,-5.897293,8.123062

96632281097467,-0.067993164,-5.8874207,8.246689

96632291168268,0.039596558,-5.9337006,8.37973

96632301239068,0.034240723,-5.569229,8.411896

96632311309869,-4.272461E-4,-5.09816,8.417862

96632321380670,0.008132935,-4.9390106,8.58252

96632331451471,0.027282715,-4.8563995,8.786072

96632324310357,-0.045806885,-5.289566,8.368332

96632341522272,-0.0101623535,-4.907486,8.674362

96632351593072,-0.060455322,-4.988922,8.491165

96632361663873,-0.040359497,-5.3073425,8.141785

96632371734674,-0.005554199,-5.675232,7.757736

96632381805475,-0.03605652,-5.0225677,7.983078

96632391876275,-0.07286072,-4.2715454,8.267166

96632401947076,-0.04725647,-4.5504303,8.33017

96632412017877,-0.009963989,-5.021988,8.351822

96632422088678,0.00340271,-5.102844,8.438538

96632432159479,0.0129852295,-5.121994,8.535538

96632442230279,0.028823853,-5.437454,8.593658

96632452301080,0.045562744,-5.794937,8.6462555

96632462371881,0.06506348,-5.560501,8.819229

96632472442682,0.08491516,-5.2490234,9.007843

96632482513482,0.19406128,-5.443283,9.076767

96632492584283,0.3062744,-5.654999,9.141541

96632502655084,0.22612,-5.7994385,8.95694

96632512725885,0.1267395,-5.937134,8.747391

96632522796686,0.21391296,-5.918167,8.759598

96632532867486,0.31704712,-5.885788,8.7907715

96632524505670,0.07511902,-5.365509,8.573517

96632542938287,-0.085006714,-5.6654205,8.763657

96632553009088,-0.5214081,-5.432266,8.732574

96632563079889,-0.3763275,-5.730728,8.673035

96632573150690,-0.19767761,-6.05986,8.611847

96632583221490,-0.11679077,-5.892212,8.334

96632593292291,-0.035888672,-5.7245636,8.056137

96632603363092,-0.17277527,-5.524399,7.9641113

96632613433893,-0.3164673,-5.323227,7.877884

96632623504693,-0.45310974,-5.2302246,7.6588287

96632633575494,-0.58961487,-5.139221,7.4373016

96632643646295,-0.61305237,-5.488571,7.356201

96632653717096,-0.63360596,-5.8424683,7.274353

96632663787897,-0.29119873,-6.5000305,6.924835

96632673858697,0.051208496,-7.157608,6.5753174

96632683929498,0.12223816,-6.877243,6.1386414

96632694000299,0.1976471,-6.593796,5.7260895

96632704071100,0.4399109,-6.3035736,6.094269

96632714141900,0.664093,-6.037842,6.454788

96632724212701,0.50865173,-6.2865295,6.6544495

96632724731500,-0.104599,-5.980591,7.355728

96632734283502,0.35928345,-6.5198975,6.8523865

96632744354303,0.3149109,-6.4875183,7.020294

96632754425104,0.29148865,-6.4259796,7.2035675

96632764495904,0.54797363,-5.975128,7.5923157

96632774566705,0.8044586,-5.5242767,7.9810486

96632784637506,0.6884918,-5.994339,7.59079

96632794708307,0.547699,-6.4317017,7.1836395

96632804779107,0.15853882,-6.541855,6.6076813

96632814849908,-0.20373535,-6.615143,6.136307

96632824920709,-0.3318634,-6.367279,6.575775

96632834991510,-0.4313202,-6.122574,7.054947

96632845062311,-0.31037903,-5.902237,7.839279

96632855133111,-0.21206665,-5.660965,8.522934

96632865203912,-0.26896667,-5.276016,8.516235

96632875274713,-0.32588196,-4.8910675,8.509537

96632885345514,-0.44050598,-4.8540497,8.2578125

96632895416315,-0.5411682,-4.895752,7.989792

96632905487115,-0.56152344,-5.366333,7.6389465

96632915557916,-0.5720825,-5.784424,7.328842

96632925628717,-0.53256226,-5.9341125,7.227066

96632924926813,-0.11222839,-5.8432465,7.501404

96632935699518,-0.52545166,-6.001297,7.217453

96632945770318,-0.6703491,-5.6815796,7.640152

96632955841119,-0.76213074,-5.6267242,8.119659

96632965911920,-0.62435913,-6.7167816,8.844757

96632975982721,-0.35820007,-7.589966,9.376251

96632986053522,0.3680725,-7.6859283,9.213928

96632996124322,0.87731934,-7.5793,8.961945

96633006195123,0.56552124,-6.706238,8.370697

96633016265924,0.22937012,-5.858963,7.9482727

96633026336725,-0.19093323,-5.1009827,8.109924

96633036407525,-0.39642334,-4.5096893,8.345734

96633046478326,0.09213257,-4.4570007,8.821121

96633056549127,0.4260254,-4.4272156,9.233643

96633066619928,0.29211426,-4.466675,9.456024

96633076690729,0.21061707,-4.464157,9.585297

96633086761529,0.28016663,-4.340622,9.446182

96633096832330,0.32096863,-4.1793823,9.300339

96633106903131,0.28511047,-3.9175415,9.136536

96633116973932,0.25732422,-3.8785248,8.981049

96633127044732,0.25012207,-4.4074097,8.846725

96633125122125,0.093673706,-5.2976685,8.854172

96633137115533,0.22088623,-4.9367523,8.675842

96633147186334,0.13945007,-5.467224,8.418396

96633157257135,0.07727051,-5.7514496,8.23941

96633167327936,0.05807495,-5.485214,8.235809

96633177398736,0.054031372,-5.1265717,8.368668

96633187469537,0.08152771,-4.575409,8.785934

96633197540338,0.10664368,-4.660965,9.070511

96633207611139,0.1269989,-6.0200653,9.089676

96633217681940,0.13494873,-6.5220947,9.328461

96633227752740,0.119384766,-5.4000854,9.983475

96633237823541,0.2324524,-4.1235046,10.1701355

96633247894342,0.5766449,-2.5692596,9.51535

96633257965143,0.7505951,-1.9736633,9.079147

96633268035943,0.638031,-2.9914703,9.010895

96633278106744,0.42938232,-3.7073364,8.902191

96633288177545,0.067108154,-3.9404755,8.728836

96633298248346,-0.14019775,-4.301117,8.543564

96633308319147,-0.109054565,-4.8579407,8.339996

96633318389947,-0.046813965,-5.363678,8.233673

96633328460748,0.060958862,-5.7947693,8.269608

96633325317438,0.17199707,-4.7463684,8.825134

96633338531549,0.11013794,-5.567383,8.36261

96633348602350,0.077819824,-4.423828,8.535049

96633358673150,0.15020752,-3.9467468,8.813889

96633368743951,0.36128235,-4.3520966,9.233627

96633378814752,0.46450806,-4.3386536,9.606796

96633388885553,0.43347168,-3.8038483,9.921951

96633398956354,0.49009705,-3.584671,9.80188

96633409027154,0.65319824,-3.7489777,9.153076

96633419097955,0.6748352,-4.220337,8.804825

96633429168756,0.53482056,-5.042633,8.800079

96633439239557,0.42256165,-5.390457,8.814224

96633449310357,0.34280396,-5.182602,8.850479

96633459381158,0.2722168,-4.8357697,8.768997

96633469451959,0.21115112,-4.344803,8.56543

96633479522760,0.16815186,-4.5507507,8.421509

96633489593561,0.14300537,-5.4452515,8.336487

96633499664361,0.1363678,-5.8882294,8.364456

96633509735162,0.14715576,-5.9062195,8.498779

96633519805963,0.1343689,-5.253784,8.852753

96633529876764,0.10069275,-4.007538,9.401291

96633525390680,0.3005371,-4.5602264,8.963669

96633539947565,0.123703,-3.0278778,9.552658

96633550018365,0.19284058,-2.2649994,9.381012

96633560089166,0.15458679,-2.4563904,9.111313

96633570159967,0.030044556,-3.414322,8.762863

96633580230768,-0.023239136,-4.225128,8.58136

96633590301568,-0.02204895,-4.923355,8.527557

96633600372369,0.07582092,-5.1284485,8.521317

96633610443170,0.24491882,-4.970154,8.550095

96633620513971,0.34861755,-4.6138153,8.653671

96633630584772,0.4070282,-4.1203766,8.809036

96633640655572,0.51379395,-3.9207458,8.961227

96633650726373,0.64375305,-3.862091,9.111893

96633660797174,0.61828613,-4.044159,9.111374

96633670867975,0.49179077,-4.3827057,9.012573

96633680938775,0.31880188,-4.6145477,8.933228

96633691009576,0.11854553,-4.7838135,8.86528

96633701080377,0.077819824,-4.714279,8.793213

96633711151178,0.12947083,-4.506485,8.718735

96633721221979,0.17828369,-4.7009125,8.605194

96633731292779,0.22558594,-5.1104736,8.470749

96633724914606,0.24888611,-4.268387,8.795853

96633741363580,0.26696777,-5.822769,8.48439

96633751434381,0.3062439,-6.641815,8.550232

96633761505182,0.22714233,-5.466797,8.719101

96633771575982,0.092041016,-3.3482056,8.936691

96633781646783,0.19566345,-2.8878632,9.145462

96633791717584,0.40760803,-3.1800385,9.35022

96633801788385,0.3822174,-3.4171143,9.25972

96633811859186,0.25509644,-3.6305847,9.042648

96633821929986,0.1433258,-3.7198486,8.945251

96633832000787,0.03767395,-3.759613,8.895538

96633842071588,0.08647156,-3.8402557,8.606812

96633852142389,0.17388916,-3.9311218,8.258331

96633862213190,0.25360107,-4.4828033,8.490646

96633872283990,0.3304596,-5.204651,8.937454

96633882354791,0.29782104,-5.312729,9.054321

96633892425592,0.22836304,-5.2145386,9.060318

96633902496393,0.1295166,-4.9388885,8.947556

96633912567193,0.02142334,-4.6073914,8.797409

96633922637994,0.14149475,-4.302109,8.820251

96633932708795,0.32640076,-4.0042877,8.892227

96633925109918,0.2184143,-4.3348083,8.879639

96633942779596,0.3333435,-4.5713654,8.828903

96633952850397,0.3114624,-5.2785645,8.743683

96633962921197,0.22019958,-5.486969,8.643219

96633972991998,0.1109314,-5.565872,8.538803

96633983062799,0.16053772,-5.0443573,8.935181

96633993133600,0.2419281,-4.402725,9.431747

96634003204400,0.21401978,-3.7267761,9.412262

96634013275201,0.16133118,-3.0430298,9.275757

96634023346002,0.037368774,-2.9704437,9.023499

96634033416803,-0.10147095,-3.0254822,8.747055

96634043487604,-0.11198425,-3.9416656,8.582611

96634053558404,-0.11198425,-4.928467,8.427353

96634063629205,-0.051345825,-4.9373474,8.519897

96634073700006,0.019638062,-4.77977,8.654617

96634083770807,0.05885315,-4.5085144,8.6514435

96634093841607,0.09358215,-4.2211304,8.628693

96634103912408,0.3090515,-4.110214,8.904694

96634113983209,0.547348,-4.0216064,9.218414

96634124054010,0.5208435,-4.255478,9.108856

96634134124811,0.4649048,-4.5251923,8.95224

96634125274713,0.17460632,-4.3805084,8.865112

96634144195611,0.34802246,-4.475815,9.043152

96634154266412,0.23019409,-4.421524,9.137878

96634164337213,0.14710999,-4.3332977,8.889404

96634174408014,0.06687927,-4.2422943,8.612793

96634184478815,0.029312134,-4.7940216,8.540329

96634194549615,-0.0053710938,-5.389435,8.4817505

96634204620416,-0.029937744,-5.811966,8.430939

96634214691217,-0.05392456,-6.224518,8.380569

96634224762018,0.15505981,-6.1019897,8.820587

96634234832818,0.37361145,-5.9575043,9.280731

96634244903619,0.25784302,-4.0096893,9.107101

96634254974420,0.14208984,-2.0618134,8.933456

96634265045221,0.16862488,-2.5594177,9.136017

96634275116022,0.19737244,-3.0946808,9.344376

96634285186822,0.16522217,-3.2682037,9.093124

96634295257623,0.13232422,-3.447281,8.84166

96634305328424,0.036514282,-4.351349,8.720718

96634315399225,-0.059127808,-5.2433167,8.594009

96634325470025,-0.14823914,-5.5762787,8.201248

96634335540826,-0.2373352,-5.909256,7.808487

96634326629693,0.07701111,-4.5990295,8.740387

96634345611627,-0.09992981,-5.9304657,8.068008

96634355682428,0.03866577,-5.925598,8.328857

96634365753229,0.1585846,-5.4326935,8.491959

96634375824029,0.26719666,-4.9652405,8.653076

96634385894830,0.20024109,-4.8923035,8.7834015

96634395965631,0.1423645,-4.761963,8.927841

96634406036432,0.20584106,-3.8650818,9.260727

96634416107232,0.27120972,-3.0724182,9.5401

96634426178033,0.35810852,-3.4497375,9.218811

96634436248834,0.44502258,-3.8270721,8.897491

96634446319635,0.32183838,-4.672928,8.807007

96634456390436,0.20462036,-5.4104004,8.734116

96634466461236,0.13757324,-5.234375,8.809555

96634476532037,0.08352661,-5.0633087,8.870132

96634486602838,0.12664795,-4.929184,8.8198395

96634496673639,0.1592865,-4.7000427,8.78595

96634506744440,0.12211609,-3.8365784,8.861496

96634516815240,0.07066345,-3.1432648,8.905853

96634526886041,-0.06465149,-3.4498138,8.7669525

96634526367242,0.15176392,-4.473816,8.828934

96634536956842,-0.1511383,-3.782669,8.660873

96634547027643,0.023422241,-4.256119,8.730209

96634557098443,0.16009521,-4.6209106,8.754623

96634567169244,0.10733032,-4.442215,8.554352

96634577240045,0.075042725,-4.3935547,8.432495

96634587310846,0.13491821,-4.9299927,8.663605

96634597381647,0.19293213,-5.311096,8.829926

96634607452447,0.2432251,-5.046463,8.726944

96634617523248,0.2671051,-4.7798615,8.700195

96634627594049,0.18928528,-4.5056458,8.967239

96634637664850,0.13468933,-4.2857666,9.199768

96634647735650,0.16343689,-4.26062,9.308746

96634657806451,0.16046143,-4.150818,9.317612

96634667877252,0.051498413,-3.7580566,8.991898

96634677948053,-0.037734985,-3.4033203,8.692902

96634688018854,-0.0652771,-3.1674194,8.477356

96634698089654,-0.03643799,-3.1052551,8.336807

96634708160455,0.157547,-3.5518951,8.4158325

96634718231256,0.27905273,-4.0362244,8.480499

96634728302057,0.20121765,-4.624176,8.505646

96634726562555,0.13414001,-4.305771,8.730148

96634738372857,0.10235596,-5.0682373,8.52478

96634748443658,-0.05091858,-5.140091,8.528381

96634758514459,-0.13731384,-5.1858063,8.550079

96634768585260,-0.060668945,-5.1678467,8.615936

96634778656061,-0.019226074,-5.2210083,8.645874

96634788726861,-0.058746338,-5.437744,8.593185

96634798797662,-0.02798462,-5.5521545,8.70903

96634808868463,0.15550232,-5.444229,9.191132

96634818939264,0.22665405,-5.002716,9.381332

96634829010065,0.07003784,-3.8847961,8.979599

96634839080865,-0.020690918,-3.531784,8.680481

96634849151666,0.01689148,-4.6676483,8.58107

96634859222467,0.012008667,-5.19899,8.49968

96634869293268,-0.063430786,-4.725998,8.448181

96634879364068,-0.030654907,-3.9747925,8.564362

96634889434869,0.1729126,-2.7845306,8.945145

96634899505670,0.34048462,-2.3860016,9.209015

96634909576471,0.45407104,-3.1751099,9.297485

96634919647272,0.4607544,-3.9332733,9.287857

96634929718072,0.3130188,-4.6467133,9.13652

96634926483209,0.09677124,-4.5030975,8.848694

96634939788873,0.15841675,-5.0328674,8.9752655

96634949859674,-0.0053863525,-4.9802704,8.800705

96634959930475,-0.14212036,-5.132965,8.67775

96634970001275,-0.24391174,-5.550873,8.621475

96634980072076,-0.29414368,-5.695038,8.541092

96634990142877,-0.2809906,-5.502548,8.431107

96635000213678,-0.27659607,-5.358673,8.335281

96635010284479,-0.2825775,-5.272461,8.256241

96635020355279,-0.31332397,-5.114258,8.205338

96635030426080,-0.37199402,-4.874771,8.1861725

96635040496881,-0.29997253,-4.7749634,8.316299

96635050567682,-0.087371826,-4.825409,8.606964

96635060638482,0.058441162,-4.832077,8.783432

96635070709283,0.13746643,-4.7949524,8.845703

96635080780084,0.24777222,-4.5934906,8.91777

96635090850885,0.38787842,-4.2354584,8.999207

96635100921686,0.06788635,-3.9645233,9.040451

96635110992486,-0.6696625,-3.772644,9.045258

96635121063287,-0.8333435,-3.6797485,8.973938

96635131134088,-0.5069275,-3.6713715,8.8376465

96635126678522,-0.20791626,-4.7151947,8.654449

96635141204889,-0.41931152,-3.8442688,8.761002

96635151275690,-0.5282898,-4.166382,8.733459

96635161346490,-0.5173187,-4.567108,8.725983

96635171417291,-0.41233826,-5.0294495,8.734238

96635181488092,-0.3708191,-5.2136536,8.702179

96635191558893,-0.38284302,-5.163208,8.636124

96635201629693,-0.45658875,-5.08667,8.555405

96635211700494,-0.5787201,-4.989685,8.463196

96635221771295,-0.6075592,-4.804001,8.410065

96635231842096,-0.5667877,-4.5521545,8.386078

96635241912897,-0.29515076,-4.506073,8.569778

96635251983697,0.13830566,-4.6042633,8.899078

96635262054498,0.34117126,-4.8325043,9.150772

96635272125299,0.3902588,-5.1474304,9.350754

96635282196100,-0.09817505,-4.7803802,9.230209

96635292266900,-0.9272766,-3.9811707,8.90654

96635302337701,-1.0431824,-3.7470245,8.749847

96635312408502,-0.8534241,-3.755066,8.664749

96635322479303,-0.8097534,-4.0283203,8.601486

96635332550104,-0.8517914,-4.4571075,8.551041

96635327087457,-0.46142578,-4.6106873,8.730148

96635342620904,-0.7671814,-4.666855,8.561264

96635352691705,-0.61390686,-4.7578583,8.60437

96635362762506,-0.51039124,-4.9384766,8.603943

96635372833307,-0.43243408,-5.165146,8.5811615

96635382904107,-0.40631104,-5.1882477,8.640121

96635392974908,-0.40507507,-5.1136627,8.738312

96635403045709,-0.38641357,-4.940979,8.715454

96635413116510,-0.3622589,-4.7374115,8.654495

96635423187311,-0.26004028,-4.608841,8.702148

96635433258111,-0.122909546,-4.513809,8.798386

96635443328912,-0.109817505,-4.459198,8.862701

96635453399713,-0.1468811,-4.420944,8.914108

96635463470514,-0.2098999,-4.5104523,8.860214

96635473541315,-0.28294373,-4.649353,8.765625

96635483612115,-0.3553772,-4.685486,8.693832

96635493682916,-0.42756653,-4.6842346,8.630341

96635503753717,-0.4669342,-4.6726837,8.628433

96635513824518,-0.49913025,-4.6588745,8.639938

96635523895318,-0.2928772,-4.2658234,8.61026

96635533966119,-0.0077819824,-3.7473602,8.566956

96635527252252,-0.31622314,-4.634964,8.690399

96635544036920,-0.26182556,-3.9018707,8.566406

96635554107721,-0.6744232,-4.254318,8.57843

96635564178522,-0.55630493,-4.4138947,8.779343

96635574249322,-0.30041504,-4.5233917,9.029282

96635584320123,-0.38702393,-4.5667114,8.974045

96635594390924,-0.56256104,-4.5928497,8.8396

96635604461725,-0.537735,-4.885559,8.69104

96635614532525,-0.48605347,-5.21402,8.540604

96635624603326,-0.31851196,-5.0431366,8.619919

96635634674127,-0.12364197,-4.7544403,8.753433

