96816438382371,-0.8498993,-4.917282,8.611847

96816446194871,-0.83799744,-4.781601,8.511871

96816457059128,-0.89512634,-4.729233,8.63089

96816481351121,-0.8475189,-4.493576,8.7118225

96816491330369,-0.8832245,-4.4888153,8.63327

96816506375535,-0.9332123,-4.4721527,8.678497

96816506100876,-0.9808197,-4.5364227,8.735626

96816516507371,-0.9498749,-4.653061,8.764191

96816531399949,-0.92845154,-4.6363983,8.599945

96816541379197,-0.88560486,-4.6387787,8.611847

96816555569871,-0.8832245,-4.5745087,8.642792

96816566373093,-0.87132263,-4.6506805,8.7308655

96816571500046,-0.86894226,-4.71257,8.661835

96816581876023,-0.8808441,-4.629257,8.728485

96816592374070,-0.873703,-4.58165,8.714203

96816601956589,-0.8903656,-4.564987,8.733246

96816611539109,-0.8427582,-4.595932,8.747528

96816621823533,-0.8475189,-4.7197113,8.69754

96816631985886,-0.8427582,-4.7268524,8.714203

96816641995652,-0.892746,-4.7411346,8.680878

96816651974900,-0.8832245,-4.664963,8.69278

96816661557419,-0.9403534,-4.6363983,8.611847

96816671933396,-0.89512634,-4.6768646,8.623749

96816681943162,-0.957016,-4.6816254,8.6475525

96816691952927,-0.92607117,-4.7149506,8.680878

96816701962693,-0.87846375,-4.7411346,8.699921

96816711575730,-0.90940857,-4.71019,8.69754

96816706814988,-0.892395,-4.6625824,8.684097

96816721951706,-0.9308319,-4.672104,8.654694

96816731595261,-0.92607117,-4.6197357,8.63327

96816743069871,-0.93559265,-4.629257,8.726105

96816751492722,-0.91178894,-4.595932,8.718964

96816761624558,-0.873703,-4.667343,8.63089

96816771542771,-0.89512634,-4.6316376,8.618988

96816782315476,-0.98558044,-4.58165,8.704681

96816792264206,-0.9546356,-4.6316376,8.742767

96816802273972,-0.9832001,-4.614975,8.664215

96816811642869,-1.002243,-4.603073,8.702301

96816821530564,-0.9308319,-4.6173553,8.709442

96816832364304,-0.9474945,-4.5602264,8.652313

96816842282517,-0.9213104,-4.641159,8.6475525

96816852292283,-0.9236908,-4.755417,8.614227

96816861661179,-0.9070282,-4.7339935,8.685638

96816871548874,-0.8903656,-4.667343,8.626129

96816882352097,-0.92845154,-4.610214,8.666595

96816892300828,-0.94511414,-4.660202,8.676117

96816902310593,-0.91178894,-4.660202,8.673737

96816912289841,-0.8641815,-4.731613,8.683258

96816907529099,-0.92845154,-4.6442566,8.6716

96816921567185,-0.87846375,-4.736374,8.668976

96816932400925,-0.8260956,-4.7197113,8.685638

96816942319138,-0.8975067,-4.6625824,8.63327

96816952328904,-0.92845154,-4.693527,8.640411

96816962369187,-0.91178894,-4.743515,8.604706

96816971616013,-0.94273376,-4.698288,8.649933

96816982327683,-0.96177673,-4.6054535,8.723724

96816992367966,-0.957016,-4.5911713,8.683258

96817002347214,-0.95225525,-4.6173553,8.704681

96817012387497,-0.90940857,-4.6244965,8.685638

96817021634324,-0.9141693,-4.557846,8.678497

96817032345994,-0.96891785,-4.588791,8.668976

96817042386277,-0.98558044,-4.6363983,8.676117

96817052396042,-0.9332123,-4.6768646,8.688019

96817062405808,-0.9165497,-4.641159,8.671356

96817071652634,-0.8760834,-4.610214,8.671356

96817082394822,-0.86894226,-4.7030487,8.688019

96817092404587,-0.84513855,-4.672104,8.709442

96817102444871,-0.87846375,-4.672104,8.721344

96817112515671,-0.8879852,-4.629257,8.668976

96817107754929,-0.9120331,-4.654007,8.676117

96817121701462,-0.937973,-4.679245,8.6285095

96817132535203,-0.9165497,-4.898239,8.6285095

96817142453415,-0.94273376,-4.653061,8.583282

96817152432663,-0.9498749,-4.19841,8.904633

96817162472947,-1.0070038,-4.2531586,8.764191

96817171719773,-0.9736786,-4.5173798,8.63089

96817182492478,-0.9974823,-4.51976,8.676117

96817192471726,-1.040329,-4.410263,8.654694

96817202450974,-1.0688934,-4.398361,8.552338

96817212491257,-1.0331879,-4.6578217,8.6285095

96817221738083,-0.8879852,-4.9767914,8.678497

96817232510788,-0.82847595,-4.9767914,8.676117

96817242490037,-0.78086853,-5.0363007,8.573761

96817252469285,-0.8570404,-5.0410614,8.457123

96817262509568,-0.82847595,-5.110092,8.723724

96817271756394,-0.60472107,-5.276718,8.709442

96817282529099,-0.44047546,-5.6456757,8.854645

96817292508347,-0.51664734,-5.174362,9.673492

96817302487595,-0.8141937,-3.3867035,8.114349

96817312527878,-0.89512634,-3.2914886,8.390472

96817307767136,-0.86608887,-4.6550903,8.675171

96817321927292,-0.8141937,-4.100815,8.602325

96817332547410,-0.61424255,-5.2648163,8.830841

96817342496140,-0.66185,-5.5814056,8.76181

96817352597458,-0.7570648,-4.9648895,8.290497

96817362546189,-0.94511414,-4.7339935,8.307159

96817371915085,-1.1069794,-4.5554657,8.302399

96817382565720,-1.0641327,-4.4459686,8.926056

96817392544968,-1.1093597,-4.312668,8.673737

96817402554734,-1.021286,-4.160324,8.816559

96817412564499,-0.90940857,-3.5533295,8.768951

96817421933396,-0.8498993,-4.248398,8.947479

96817432584031,-0.53330994,-5.757553,8.792755

96817442563279,-0.53330994,-6.731125,8.228607

96817452573044,-0.56425476,-6.4073944,8.233368

96817462582810,-0.62376404,-6.3812103,8.547577

96817471982224,-0.80229187,-6.0622406,8.304779

96817482602341,-0.7665863,-5.659958,8.05722

96817492581589,-0.9308319,-5.000595,8.069122

96817502591355,-1.1284027,-3.4747772,8.485687

96817512601121,-1.206955,-3.0320282,8.297638

96817507840378,-0.84716797,-4.9214478,8.512222

96817522000535,-0.97843933,-3.8223114,8.43808

96817532620652,-0.6356659,-4.9648895,8.926056

96817542599900,-0.31193542,-5.7527924,8.588043

96817552609665,-0.10246277,-6.352646,8.738007

96817562619431,0.07606506,-7.3428802,8.535675

96817572018845,-0.01914978,-8.4735565,8.721344

96817582425339,-0.29051208,-7.4333344,7.6335144

96817592648728,-1.5830536,-4.3221893,8.276215

96817602658494,-1.2021942,-5.072006,9.39975

96817612668259,-0.92607117,-5.398117,8.223846

96817622037156,-1.2021942,-6.4002533,7.4859314

96817632657273,-1.7163544,-7.461899,7.124115

96817642636521,-2.2900238,-7.3190765,6.7503967

96817652737839,-2.5518646,-6.4216766,6.590912

96817662656052,-2.4114227,-5.617111,6.7694397

96817672024949,-2.1424408,-4.948227,6.681366

96817682675583,-1.7758636,-4.626877,6.828949

96817692654831,-2.0948334,-4.467392,6.624237

96817702664597,-1.8258514,-4.6625824,6.4790344

96817712674363,-1.3331146,-5.35289,6.757538

96817707913621,-1.2658691,-5.8106384,7.6786194

96817722073777,-0.9808197,-5.8170624,7.2169495

96817732693894,-0.5928192,-6.219345,8.1214905

96817742673142,-0.26670837,-6.3050385,8.76181

96817752682908,-0.24052429,-5.936081,8.857025

96817762692673,-0.20957947,-5.4147797,8.921295

96817772092087,-0.10246277,-4.3864594,8.89035

96817782712204,-0.054855347,-3.505722,8.868927

96817792691453,0.061782837,-2.7440033,8.802277

96817802701218,0.56166077,-2.9201508,9.328339

96817812680466,0.83540344,-3.9722748,9.483063

96817822110398,0.85920715,-5.5457,9.175995

96817832730515,0.48786926,-6.6501923,8.778473

96817842709763,-0.0024871826,-7.1572113,8.433319

96817852719529,-0.35240173,-7.2619476,8.078644

96817862698777,-0.46903992,-6.3550262,8.259552

96817872128708,-0.5452118,-4.736374,9.611603

96817882748826,-0.17863464,-2.9011078,8.535675

96817892758591,0.16175842,-2.479782,9.104584

96817902737839,0.2212677,-3.4057465,9.409271

96817912717087,0.13795471,-4.1769867,8.742767

96817907956345,-0.033432007,-4.8945465,8.7690735

96817922147019,-0.29289246,-4.5864105,8.611847

96817932767136,-0.71183777,-4.731613,8.583282

96817942746384,-0.8903656,-4.864914,8.671356

96817952756150,-0.68803406,-5.1957855,8.645172

96817962857468,-0.5452118,-5.069626,8.021515

96817972165329,-0.2809906,-5.4719086,8.902252

96817982785447,-0.30241394,-4.641159,8.668976

96817992795212,-0.35954285,-4.384079,8.828461

96818002774460,-0.5356903,-4.929184,8.609467

96818012784226,-0.7332611,-4.910141,8.685638

96818022183640,-0.9736786,-4.1627045,8.937958

96818032803757,-0.92607117,-3.6223602,9.3211975

96818042813523,-0.6951752,-3.377182,8.959381

96818052792771,-0.44285583,-3.615219,9.006989

96818062802537,-0.30241394,-3.8056488,9.061737

96818072201951,-0.32859802,-4.288864,8.683258

96818082822068,-0.37858582,-5.2481537,8.378571

96818092801316,-0.6094818,-5.7147064,8.354767

96818102811081,-0.873703,-5.8361053,7.9858093

96818112820847,-1.0284271,-6.162216,7.8406067

96818108060105,-0.59495544,-4.730896,8.637909

96818122189744,-0.9665375,-6.514511,8.011993

96818133054001,-0.8308563,-6.3812103,7.9358215

96818142850144,-0.66185,-6.076523,7.8382263

96818152829392,-0.5023651,-6.352646,7.9929504

96818162839158,-0.3881073,-6.5549774,8.0381775

96818172238572,-0.44999695,-5.9670258,9.409271

96818182950242,-0.31907654,-3.434311,8.576141

96818192868454,-0.21672058,-2.555954,8.904633

96818202847703,-0.073898315,-3.339096,9.309296

96818212857468,-0.12150574,-3.8984833,9.049835

96818222256882,-0.10484314,-4.248398,8.835602

96818232693894,-0.1405487,-3.9270477,8.740387

96818242886765,-0.18339539,-3.698532,9.099823

96818252866013,-0.22862244,-4.334091,8.726105

96818262875779,-0.23576355,-4.962509,8.340485

96818272946579,-0.35240173,-5.1457977,8.63327

96818282193406,-0.39286804,-5.6718597,8.604706

96818292966111,-0.44761658,-6.2669525,8.18338

96818302884324,-0.5999603,-6.3812103,7.9167786

96818312894089,-0.68803406,-6.4978485,7.8905945

96818308133347,-0.3952484,-5.110443,8.501877

96818322934372,-0.8498993,-6.4788055,8.392853

96818332181199,-0.9332123,-5.1196136,9.0260315

96818342892869,-0.9998627,-3.4485931,9.087921

96818352902634,-0.93559265,-2.6154633,9.197418

96818362912400,-1.0070038,-2.3583832,9.461639

96818372311814,-1.0474701,-2.72258,9.306915

96818382199509,-1.0093842,-3.4819183,8.776093

96818393002732,-0.7594452,-4.607834,8.264313

96818402920945,-0.37620544,-5.719467,8.219086

96818412930710,-0.0834198,-5.924179,8.340485

96818422879441,-0.026290894,-5.1957855,8.578522

96818432187302,-0.14292908,-4.8887177,8.88797

96818443021042,-0.1905365,-5.269577,8.288116

96818452939255,-0.26908875,-4.9053802,8.738007

96818462949021,-0.36192322,-3.7913666,9.1736145

96818472348435,-0.48332214,-2.972519,9.140289

96818482205613,-0.65470886,-3.441452,9.428314

96818493039353,-0.63090515,-3.5485687,8.849884

96818502957566,-0.5928192,-3.896103,8.723724

96818512967331,-0.559494,-5.2671967,8.326202

96818508206589,-0.5956726,-4.282669,8.810364

96818522916062,-0.72850037,-6.390732,8.031036

96818532223923,-1.0641327,-6.359787,7.831085

96818543057663,-1.1831512,-6.0360565,7.9429626

96818552975876,-1.0117645,-5.2529144,8.264313

96818562985642,-0.6689911,-5.1243744,8.1024475

96818573086960,-0.43571472,-5.9598846,8.302399

96818582242234,-0.39048767,-6.0217743,8.5642395

96818592770798,-0.38334656,-5.48143,8.69278

96818602994187,-0.5690155,-4.479294,9.394989

96818613003953,-0.47618103,-3.0653534,8.69754

96818623074753,-0.41905212,-3.550949,8.935577

96818632260544,-0.43333435,-4.717331,8.940338

96818643002732,-0.5047455,-4.7339935,8.871307

96818653012497,-0.66185,-4.184128,9.214081

96818663022263,-0.7665863,-3.646164,9.047455

96818673032029,-0.88560486,-3.101059,8.930817

96818682278855,-0.80467224,-3.1819916,9.061737

96818693021042,-0.54997253,-3.6175995,8.609467

96818703061326,-0.39286804,-4.5745087,8.785614

96818713040574,-0.4880829,-5.2910004,8.609467

96818708279831,-0.64089966,-4.73851,8.6414795

96818723050339,-0.5118866,-4.924423,8.240509

96818732297165,-0.7189789,-4.8434906,8.511871

96818743069871,-0.7761078,-5.4004974,8.552338

96818753049119,-0.71421814,-5.7861176,8.307159

96818763058884,-0.578537,-5.7218475,8.3333435

96818773068650,-0.3881073,-5.9003754,8.476166

96818782345994,-0.32383728,-6.2145844,8.721344

96818793088181,-0.42381287,-4.755417,8.997467

96818803097947,-0.559494,-3.2581635,9.114105

96818813046677,-0.83561707,-3.127243,9.511627

96818823086960,-0.8998871,-3.2343597,9.33786

96818832486374,-0.90226746,-3.7270966,9.649689

96818843106492,-0.6999359,-2.9439545,8.961761

96818853085740,-0.43095398,-2.639267,8.904633

96818863095505,-0.24528503,-2.8987274,8.983185

96818873105271,-0.045333862,-3.9080048,8.966522

96818882504685,-0.06437683,-5.1267548,8.559479

96818893124802,-0.2738495,-6.205063,8.047699

96818903134568,-0.8260956,-6.5430756,7.6739807

96818913113816,-1.2997894,-6.0431976,7.740631

96818908353074,-0.5759125,-4.66008,8.679565

96818923123581,-1.335495,-5.198166,7.9048767

96818932522996,-0.96891785,-5.421921,7.9048767

96818943143113,-0.559494,-6.5883026,7.7096863

96818953152878,-0.4380951,-7.257187,8.097687

96818963132126,-0.5523529,-6.493088,8.159576

96818973172410,-0.559494,-5.6956635,8.135773

96818982541306,-0.6594696,-5.3814545,9.663971

96818993161423,-0.495224,-2.6416473,8.907013

96819003171189,-0.31669617,-2.215561,9.049835

96819013180954,-0.30717468,-4.0460663,9.716339

96819023190720,-0.40000916,-5.0172577,8.738007

96819032559617,-0.60710144,-4.857773,8.857025

96819043210251,-0.82133484,-3.8484955,8.88797

96819053189499,-0.809433,-2.7392426,8.721344

96819063199265,-0.6594696,-2.4226532,8.976044

96819073209031,-0.3952484,-2.9368134,9.447357

96819082577927,-0.4047699,-4.2388763,8.909393

96819093228562,-0.44761658,-5.212448,8.485687

96819103238328,-0.6094818,-5.302902,8.395233

96819113217576,-0.8260956,-5.35289,8.433319

96819108456833,-0.6086426,-4.6434174,8.655045

96819123196824,-0.8332367,-5.6385345,8.461884

96819132626755,-0.74516296,-5.7670746,8.30954

96819143246872,-0.54759216,-5.9789276,8.295258

96819153226121,-0.40953064,-6.1574554,8.228607

96819163235886,-0.3714447,-5.3957367,8.816559

96819173245652,-0.5261688,-4.448349,9.259308

96819182706101,-0.6499481,-3.9651337,8.82608

96819193265183,-0.7427826,-4.0603485,8.968903

96819203244431,-0.7856293,-4.0603485,8.990326

96819213254197,-0.9808197,-3.8342133,9.028412

96819223263962,-0.9832001,-3.5081024,8.8237

96819232663376,-0.95225525,-3.7009125,8.490448

96819243283494,-0.9141693,-4.4769135,8.442841

96819253262742,-0.63090515,-4.941086,8.338104

96819263272507,-0.41667175,-5.3624115,8.264313

96819273282273,-0.31193542,-5.4790497,8.476166

96819282681687,-0.411911,-5.1815033,8.926056

96819293301804,-0.559494,-4.9767914,9.035553

96819303281052,-0.6927948,-5.1696014,8.661835

96819313290818,-0.707077,-4.7792206,8.7951355

96819308530076,-0.6586304,-4.8440857,8.671951

96819323300583,-0.6761322,-4.0151215,9.002228

96819332699997,-0.72135925,-3.7842255,8.978424

96819343320115,-0.6999359,-3.960373,8.980804

96819353299363,-0.72612,-3.5366669,8.135773

96819363309128,-0.8165741,-4.288864,8.892731

96819373318894,-0.7832489,-4.943466,8.4809265

96819382718308,-0.7094574,-5.167221,8.545197

96819393338425,-0.57377625,-4.755417,8.495209

96819403348191,-0.54045105,-4.5554657,8.590424

96819413388474,-0.5856781,-4.960129,8.818939

96819423123581,-0.46903992,-5.1315155,8.945099

96819432736619,-0.7165985,-4.948227,9.187897

96819443143113,-0.6951752,-4.64592,8.792755

96819453122361,-0.7094574,-4.0793915,9.204559

96819463132126,-0.6904144,-3.9437103,9.302155

96819473111374,-0.68803406,-3.8699188,9.123627

96819482754929,-0.78800964,-2.7701874,9.002228

96819493161423,-0.80229187,-2.3583832,9.499725

96819503140671,-0.5428314,-3.274826,9.064117

96819513150437,-0.31907654,-4.698288,7.9358215

96819508389695,-0.6626892,-4.184372,8.848938

96819523160203,-0.44761658,-6.6573334,7.7382507

96819532773240,-0.8903656,-7.6832733,7.490692

96819543179734,-1.2831268,-7.1595917,7.3716736

96819553189499,-1.3116913,-5.9860687,7.8215637

96819563168747,-0.81181335,-5.679001,8.166718

96819573209031,-0.3809662,-5.762314,8.428558

96819582791550,-0.30717468,-5.826584,9.011749

96819593228562,-0.49998474,-4.5792694,9.606842

96819603238328,-0.71421814,-2.3226776,8.921295

96819613248093,-0.7427826,-2.5511932,9.297394

96819623440964,-0.62376404,-3.5557098,8.947479

96819632840378,-0.4047699,-3.8675385,8.50235

96819643857224,-0.30955505,-4.017502,8.985565

96819653439744,-0.38334656,-3.903244,8.716583

96819663449509,-0.49760437,-4.4531097,8.350006

96819673459275,-0.49760437,-5.6575775,8.602325

96819682828171,-0.5547333,-6.212204,8.44046

96819693417771,-0.5880585,-5.6123505,8.754669

96819703458054,-0.6261444,-4.9767914,8.645172

96819713467820,-0.5261688,-5.345749,8.435699

96819708707078,-0.6200714,-5.090454,8.511749

96819723477585,-0.59043884,-5.943222,8.578522

96819732846482,-0.72135925,-5.364792,9.449738

96819743222458,-0.90940857,-4.0222626,8.971283

96819753476365,-0.9141693,-3.4747772,8.623749

96819763455613,-0.8832245,-3.434311,8.754669

96819773465378,-0.873703,-3.550949,9.128387

96819783536179,-0.7689667,-3.672348,8.340485

96819793729050,-0.68089294,-4.255539,8.342865

96819803464158,-0.66423035,-4.5411835,8.723724

96819813473923,-0.6594696,-4.0746307,8.557098

96819823483689,-0.4714203,-4.210312,8.6285095

96819833554490,-0.71183777,-4.9982147,8.44046

96819842770798,-0.54997253,-5.5457,8.521393

96819853604538,-0.63804626,-5.8123016,9.085541

96819863492234,-1.1831512,-5.5623627,8.837982

96819873501999,-0.9070282,-4.8054047,8.561859

96819883572800,-0.7237396,-4.629257,9.190277

96819892789109,-0.67137146,-4.5792694,9.164093

96819903592331,-0.6951752,-4.4197845,8.44046

96819913510544,-0.8308563,-4.7387543,8.745148

96819908749802,-0.75242615,-4.581772,8.754318

96819923520310,-0.94273376,-3.8889618,8.580902

96819933560593,-0.9165497,-3.6937714,8.319061

96819942807419,-0.68089294,-3.7985077,8.385712

96819953549607,-0.33335876,-4.281723,8.852264

96819963559372,-0.2476654,-4.398361,8.916534

96819973538621,-0.32621765,-4.0912933,8.957001

96819983517869,-0.5214081,-3.903244,8.9427185

96819992825730,-0.83799744,-4.6435394,9.247406

96820003689988,-1.0141449,-4.576889,9.506866

96820013577683,-0.9236908,-3.698532,9.478302

96820023679001,-0.66423035,-3.350998,9.640167

96820033566697,0.08320618,-3.6866302,9.647308

96820042844040,0.5902252,-3.838974,9.661591

96820053677781,0.16889954,-4.0079803,9.368805

96820063595994,-0.72850037,-4.179367,8.811798

96820073605759,-0.41667175,-5.5361786,7.7572937

96820083523972,-0.25004578,-6.205063,8.111969

96820092862351,-0.9546356,-5.4457245,8.814178

96820103726609,-1.0760345,-5.236252,8.783234

96820113614304,-0.873703,-5.557602,8.873688

96820108853562,-0.54330444,-4.4009857,8.932846

96820123837693,-0.90940857,-5.405258,8.252411

96820133633835,-0.8427582,-5.92894,8.202423

96820142880662,-0.7332611,-6.3050385,8.192902

96820153622849,-0.6999359,-6.4478607,8.035797

96820163632615,-0.8141937,-6.647812,7.8406067

96820173642380,-0.97605896,-6.4669037,7.343109

96820183652146,-1.1807709,-6.3002777,7.0193787

96820192898972,-1.3973846,-6.371689,6.9551086

96820203641160,-1.6211395,-6.2098236,6.7408752

96820213650925,-1.5568695,-6.3169403,6.4718933

96820223691208,-1.502121,-6.5430756,6.1124573

96820233670456,-1.399765,-6.935837,6.007721

96820242917283,-1.085556,-7.457138,6.188629

96820253659470,-1.1165009,-7.361923,6.295746

96820263669236,-1.2450409,-6.871567,5.919647

96820273709519,-1.380722,-6.405014,6.3052673

96820283688767,-1.4568939,-6.2788544,6.564728

96820292935593,-1.5402069,-6.3312225,6.7551575

96820303677781,-1.5568695,-6.6597137,6.7289734

96820313687546,-1.4402313,-7.0572357,6.5956726

96820308926804,-1.2227783,-6.515106,6.926422

96820323697312,-1.2617035,-7.604721,6.733734

96820333707078,-1.0546112,-7.3952484,7.0384216

96820343106492,-0.92607117,-6.9144135,7.214569

96820353726609,-0.8760834,-6.609726,7.452606

96820363736374,-0.873703,-6.1884003,7.9429626

96820373715622,-0.87846375,-5.614731,8.345245

96820383725388,-0.8998871,-5.564743,8.335724

96820393094285,-0.8070526,-5.8099213,8.18338

96820403805954,-0.6951752,-5.943222,8.181

96820413724167,-0.5214081,-6.102707,8.11673

96820423733933,-0.45951843,-6.0098724,8.135773

96820433743699,-0.43333435,-5.5028534,8.549957

96820443143113,-0.36906433,-4.5911713,9.104584

96820453763230,-0.37620544,-4.4578705,8.595184

96820463742478,-0.36192322,-5.22435,8.404755

96820473752244,-0.5523529,-5.614731,8.138153

96820483762009,-0.7094574,-5.4409637,8.283356

96820493130906,-0.7594452,-5.364792,8.44046

96820503781540,-0.7023163,-5.4719086,8.280975

96820513760788,-0.6285248,-5.6909027,8.259552

96820509000046,-0.70732117,-5.8558655,8.086853

96820523770554,-0.5118866,-5.5742645,8.147675

96820533780320,-0.44999695,-5.3481293,8.228607

96820543179734,-0.39286804,-5.2648163,8.197662

96820553799851,-0.2881317,-5.2338715,8.202423

96820563809617,-0.1738739,-5.2457733,8.300018

96820573788865,-0.37858582,-5.2005463,8.407135

96820583798630,-0.54045105,-5.0553436,8.361908

96820593167527,-0.68089294,-5.205307,8.145294

96820603848679,-0.71183777,-5.636154,8.071503

96820613827927,-0.71183777,-5.8051605,7.9810486

96820623807175,-0.6689911,-5.8622894,8.126251

96820633816941,-0.7165985,-5.719467,8.085785

96820643185837,-0.73088074,-5.6313934,8.133392

96820653836472,-0.7094574,-5.469528,8.138153

96820663846238,-0.76182556,-5.4314423,8.195282

96820673856003,-0.78800964,-5.326706,7.7882385

96820683865769,-0.68089294,-6.583542,9.485443

96820693234665,-0.9832001,-5.238632,10.970795

96820703854783,-0.28575134,-2.037033,8.402374

96820713864548,0.16889954,-1.9632416,8.6285095

96820709103806,-0.54985046,-5.141632,8.399872

96820723874314,0.4116974,-3.7532806,9.749664

96820733853562,0.28315735,-4.4316864,8.383331

96820743252976,-0.014389038,-4.993454,8.811798

96820753873093,-0.23100281,-5.110092,8.464264

96820763852341,-0.18339539,-5.845627,8.388092

96820773892624,-0.27861023,-6.102707,7.888214

96820783871872,-0.23100281,-6.3502655,7.983429

96820793271287,-0.31907654,-5.7551727,8.238129

96820803921921,-0.49760437,-5.133896,8.845123

96820813901169,-0.62376404,-4.231735,8.995087

96820823910935,-0.67137146,-3.5747528,9.021271

96820833920701,-0.54759216,-3.5961761,8.82132

96820843320115,-0.46427917,-4.19841,8.714203

96820853940232,-0.44047546,-4.698288,8.76181

96820863919480,-0.5428314,-4.6387787,8.657074

96820873929246,-0.707077,-4.814926,8.399994

96820883939011,-0.7665863,-5.2029266,8.066742

96820893338425,-0.7689667,-5.886093,7.9048767

96820903958542,-0.64756775,-5.8551483,8.145294

96820913937790,-0.5452118,-5.4909515,8.302399

96820909177048,-0.3892975,-4.9832153,8.5271

96820923947556,-0.42619324,-5.6718597,8.061981

96820933957322,-0.31193542,-6.076523,8.202423

96820943356736,-0.35240173,-5.955124,8.397614

96820953976853,-0.39762878,-5.8242035,8.714203

96820963986619,-0.43095398,-5.364792,9.135529

96820973996384,-0.23576355,-3.793747,8.752289

96820984006150,-0.13816833,-3.3033905,9.168854

96820993405564,-0.16911316,-3.7604218,9.287872

96821003995163,-0.37858582,-3.691391,8.990326

96821014065964,-0.6261444,-3.5723724,9.459259

96821024014695,-0.5999603,-3.2391205,8.797516

96821033993943,-0.30003357,-3.6842499,8.597565

96821043423874,-0.119125366,-4.743515,8.538055

96821054013474,-0.24290466,-5.9456024,8.0381775

96821064023240,-0.5356903,-6.8120575,7.34787

96821074033005,-0.89512634,-7.21434,7.1288757

96821084012253,-0.9498749,-7.0929413,7.8596497

96821093442185,-0.8308563,-6.2812347,7.866791

96821104062302,-0.54759216,-5.8051605,8.547577

96821114041550,-0.34288025,-5.4195404,8.926056

96821109280808,-0.44154358,-5.1625824,8.490921

96821124051316,-0.2071991,-4.9791718,8.804657

96821134061081,-0.2809906,-4.4197845,8.602325

96821143460496,-0.31907654,-3.608078,8.983185

96821154294236,-0.40000916,-2.408371,9.33548

96821164090378,-0.2571869,-1.8846893,9.166473

96821174100144,-0.20481873,-3.203415,8.868927

96821184079392,-0.19529724,-4.3102875,8.742767

96821193478806,-0.23814392,-4.524521,8.985565

96821204251511,-0.35954285,-5.050583,8.742767

96821214108689,-0.49998474,-6.469284,8.147675

96821224118454,-0.69755554,-7.0691376,7.783478

96821234128220,-0.92607117,-5.762314,8.147675

96821243497117,-1.0117645,-4.736374,8.378571

96821253873093,-0.9474945,-5.026779,8.197662

96821264126999,-0.8760834,-6.0503387,7.9263

96821274136765,-0.8403778,-6.5811615,7.9215393

96821284146531,-0.7927704,-6.519272,7.6477966

96821294156296,-0.7189789,-6.5121307,7.707306

96821304318650,-0.73088074,-6.526413,7.978668

96821314145310,-0.6904144,-6.0360565,7.9858093

96821309384568,-0.55973816,-5.083908,8.402725

96821324155076,-0.6190033,-5.99559,10.116241

96821334164841,-0.6023407,-3.6675873,9.609222

96821343564255,-0.53092957,-1.3919525,7.8834534

96821353421433,-0.4285736,-2.1251068,9.811554

96821364255173,-0.4618988,-3.0677338,9.490204

96821374173386,-0.47380066,-3.8437347,8.676117

96821384183152,-0.5380707,-4.629257,8.616608

96821394223435,-0.45713806,-5.1267548,8.18338

96821403470261,-0.34049988,-5.750412,7.8596497

96821414273484,-0.42619324,-6.4478607,7.8596497

96821424191697,-0.707077,-6.6573334,7.816803

96821434201462,-0.8998871,-6.476425,7.957245

96821444241746,-0.96177673,-5.705185,7.99057

96821453458054,-0.8403778,-5.0981903,8.140533

96821464291794,-0.642807,-5.217209,8.302399

96821474210007,-0.49760437,-5.5623627,8.3333435

96821484219773,-0.49760437,-5.883713,8.24765

96821494260056,-0.52378845,-5.80278,8.192902

96821503506882,-0.5261688,-5.6266327,8.935577

96821514310105,-0.5428314,-4.543564,9.375946

96821509549363,-0.5759125,-4.930969,8.569946

96821524228318,-0.54045105,-3.229599,8.576141

96821534268601,-0.6356659,-3.5961761,9.264069

96821544278367,-0.64042664,-4.3626556,8.652313

96821553525193,-0.5951996,-4.922043,8.207184

96821564358933,-0.60710144,-5.274338,8.233368

96821574277146,-0.7427826,-5.3885956,8.145294

96821584073288,-0.77134705,-5.6956635,7.7049255

96821594022019,-0.85227966,-5.859909,7.919159

96821603543503,-0.8475189,-5.512375,8.69516

96821614194138,-0.7094574,-4.800644,8.552338

96821624173386,-0.6261444,-4.679245,8.3333435

96821634122117,-0.49284363,-4.9910736,8.528534

96821644162400,-0.5047455,-4.9529877,8.454742

96821653592331,-0.5261688,-5.16008,8.9427185

96821664181931,-0.5285492,-4.8482513,8.471405

96821674100144,-0.5047455,-5.2790985,8.457123

96821684109910,-0.411911,-5.693283,8.285736

96821694150193,-0.45237732,-5.7266083,8.426178

96821703610642,-0.578537,-5.0339203,8.902252

96821714200242,-0.6761322,-3.4557343,9.444977

96821709439499,-0.61221313,-4.923111,8.509842

96821724118454,-0.64042664,-3.312912,8.790375

96821734128220,-0.4285736,-4.9696503,8.295258

96821744137986,-0.2881317,-5.9217987,8.207184

96821753628953,-0.43333435,-5.724228,8.485687

96821764157517,-0.7332611,-5.0482025,8.414276

96821774167283,-0.9903412,-4.7220917,8.473785

96821784421189,-1.0522308,-4.686386,8.178619

96821794461472,-0.90226746,-4.7339935,8.523773

96821803647263,-0.71421814,-4.8101654,8.44046

96821814419968,-0.4857025,-5.1505585,8.326202

96821824429734,-0.34049988,-5.2790985,8.404755

96821834408982,-0.39048767,-5.205307,8.63327

96821844418747,-0.5547333,-5.5433197,8.752289

96821853818162,-0.49760437,-5.1172333,8.328583

96821864438279,-0.47380066,-4.9387054,8.816559

96821874448044,-0.49998474,-4.8054047,8.807037

96821884427292,-0.6261444,-4.6387787,8.657074

96821894437058,-0.7023163,-4.2579193,8.668976

96821903836472,-0.6951752,-3.9318085,8.728485

96821914456589,-0.60710144,-4.036545,8.635651

96821909695847,-0.6028137,-4.8417053,8.528412

96821924466355,-0.45713806,-4.653061,8.435699

96821934476121,-0.4380951,-5.41716,8.223846

96821944485886,-0.6285248,-5.897995,8.238129

96821953854783,-0.78086853,-5.974167,8.066742

96821964505417,-0.8665619,-5.750412,7.938202

96821974528014,-0.8903656,-5.5290375,7.9691467

96821984476744,-0.7737274,-5.4528656,8.357147

96821994517028,-0.6689911,-5.4766693,8.526154

96822003916442,-0.54045105,-5.6647186,8.43808

96822014536559,-0.5118866,-5.750412,8.133392

96822024515807,-0.5452118,-6.083664,8.011993

96822034525573,-0.59757996,-6.307419,8.69516

96822044535338,-0.7094574,-4.8934784,8.82608

96822053934752,-0.7237396,-3.4176483,8.264313

96822064554869,-0.70469666,-3.5842743,8.802277

96822074564635,-0.5880585,-4.0674896,8.561859

96822084543883,-0.4714203,-4.3245697,8.792755

96822094584166,-0.578537,-3.858017,8.9427185

96822103953063,-0.71421814,-3.8984833,8.680878

96822114573180,-0.87846375,-4.962509,8.1857605

96822109812438,-0.6533966,-5.0482025,8.4045105

96822124552428,-0.87846375,-6.083664,8.066742

96822134592711,-0.72850037,-6.5859222,8.50473

96822144571959,-0.5951996,-5.8551483,8.804657

96822153971373,-0.4857025,-4.9506073,8.8237

96822164591491,-0.5047455,-4.595932,8.876068

96822174601256,-0.54045105,-4.286484,9.006989

96822184611022,-0.63804626,-4.081772,8.992706

96822194620787,-0.74754333,-4.0722504,9.068878

96822203989684,-0.77848816,-3.846115,8.995087

96822214609801,-0.72612,-3.9080048,8.809418

96822224619567,-0.53330994,-4.6483,8.411896

96822234690368,-0.40953064,-5.307663,8.135773

96822244608580,-0.38572693,-5.550461,7.914398

96822254007994,-0.49760437,-5.852768,7.9620056

96822264628112,-0.73088074,-6.1312714,8.214325

96822274637877,-0.9165497,-5.5861664,8.111969

96822284647643,-0.94511414,-5.0601044,7.9810486

96822294626891,-0.74516296,-5.0815277,8.0381775

96822304026305,-0.64042664,-5.897995,8.176239

96822314676940,-0.65470886,-6.328842,8.321442

96822309916198,-0.65411377,-5.185547,8.460815

96822324656188,-0.707077,-5.8503876,8.240509

96822334665953,-0.78800964,-5.302902,8.195282

96822344645202,-0.7332611,-5.1434174,8.461884

96822354044616,-0.4880829,-5.257675,8.716583

96822364695250,-0.5214081,-5.493332,9.099823

96822374643981,-0.48332214,-4.924423,8.495209

96822384684264,-0.5190277,-4.153183,9.126007

96822394694030,-0.5452118,-3.229599,9.204559

96822404093444,-0.62138367,-3.0510712,8.545197

96822414713561,-0.6190033,-4.2531586,8.699921

96822424692809,-0.6118622,-4.9268036,8.395233

96822434702575,-0.59757996,-5.326706,8.219086

96822444712340,-0.65470886,-6.0812836,8.047699

96822454111754,-0.7570648,-6.288376,7.8191833

96822464731871,-0.809433,-5.5861664,8.514252

96822474680602,-0.85227966,-4.7078094,8.702301

96822484720885,-0.92607117,-4.8030243,8.680878

96822494730651,-0.7999115,-4.8506317,8.89035

96822504099547,-0.68089294,-4.5554657,8.688019

96822514719664,-0.64042664,-4.6054535,8.683258

96822509958922,-0.6678009,-4.9195404,8.571259

96822524729430,-0.6666107,-4.4888153,8.490448

96822534739196,-0.7094574,-4.672104,8.688019

96822544718444,-0.6451874,-4.929184,8.273834

96822554148375,-0.56425476,-6.1336517,7.933441

96822564737975,-0.5118866,-6.6002045,7.7049255

96822574778258,-0.53330994,-5.9146576,8.24765

96822584543883,-0.7832489,-4.9791718,8.56662

96822594523131,-0.8570404,-4.6744843,8.921295

96822604136168,-0.77134705,-4.4388275,8.845123

96822614817321,-0.6951752,-4.312668,8.585663

96822624766051,-0.59043884,-4.4888153,8.883209

96822634745299,-0.5928192,-5.0291595,8.361908

96822644755065,-0.6332855,-5.5242767,8.37619

96822654154479,-0.66423035,-5.890854,8.190521

96822664927184,-0.6927948,-6.0931854,8.171478

96822674784362,-0.62376404,-5.60997,8.435699

96822684763610,-0.559494,-4.6173553,8.571381

96822694773375,-0.4380951,-3.5914154,8.530914

96822704172789,-0.50712585,-3.2010345,8.837982

96822714914977,-0.49760437,-3.9984589,8.907013

96822710154235,-0.6268616,-4.9594116,8.476166

96822724802672,-0.6332855,-4.610214,8.642792

96822734781920,-0.73802185,-4.7482758,8.721344

96822744791686,-0.83561707,-4.853012,8.63089

96822754191100,-0.88560486,-5.2005463,8.319061

96822764536559,-1.0165253,-5.5814056,8.138153

96822774820983,-0.7761078,-5.659958,7.9667664

96822784800231,-0.3714447,-5.8956146,8.140533

96822794809996,-0.78086853,-6.0408173,8.107208

96822804880797,-1.1522064,-6.2288666,8.05484

96822815012633,-1.0903168,-6.878708,8.073883

96822824900328,-0.6094818,-6.750168,8.716583

96822834818541,-0.35954285,-4.0722504,9.045074

96822844889342,-0.44047546,-2.8392181,9.221222

96822854899108,-0.7927704,-3.024887,9.042694

96822864084899,-0.7761078,-3.3152924,9.171234

96822874918639,-0.6261444,-3.7866058,8.845123

96822884836852,-0.44047546,-4.103195,8.88559

96822894846618,-0.33573914,-4.545944,8.304779

96822904856383,-0.40953064,-5.821823,7.9548645

96822914103209,-0.61424255,-6.6835175,7.60495

96822909342467,-0.68421936,-5.032013,8.479385

96822924906432,-0.9332123,-6.3169403,7.9215393

96822934824645,-1.059372,-5.8313446,7.9501038

96822944834410,-0.85227966,-6.181259,8.064362

96822954233825,-0.53330994,-6.0098724,8.202423

96822964091002,-0.411911,-5.4123993,8.621368

96822974924743,-0.51426697,-4.9077606,8.673737

96822984812438,-0.66185,-4.6840057,8.576141

96822994852721,-0.7023163,-4.883957,8.573761

96823004862487,-0.7427826,-4.83873,8.24527

96823014109313,-0.6118622,-4.4055023,8.623749

96823024943053,-0.51664734,-3.9579926,8.559479

96823034830748,-0.4785614,-4.1293793,8.540436

96823044840514,-0.54997253,-4.8434906,8.690399

96823054880797,-0.7523041,-5.257675,8.357147

96823064127623,-0.9213104,-5.6313934,8.385712

96823074930846,-0.98558044,-5.633774,8.1024475

96823084849059,-0.77848816,-5.614731,8.004852

96823094858825,-0.72850037,-5.6313934,8.004852

96823104899108,-0.60710144,-5.60997,8.31192

96823114145934,-0.63090515,-5.705185,8.345245

96823109385192,-0.69862366,-5.274338,8.337753

96823124857604,-0.9165497,-6.05986,8.671356

96823134897887,-0.6832733,-4.960129,8.476166

96823144877135,-0.5832977,-3.8032684,8.785614

96823154825866,-0.5547333,-4.0651093,9.099823

96823164133727,-0.6190033,-4.826828,8.852264

96823174967467,-0.67137146,-5.0410614,8.357147

96823184885680,-0.62376404,-4.9125214,8.835602

96823194895446,-0.6785126,-4.505478,8.666595

96823204905211,-0.76420593,-4.167465,8.454742

96823214152037,-0.81181335,-4.77684,8.573761

96823224955260,-0.8070526,-5.321945,8.290497

96823234873473,-0.937973,-5.533798,8.211945

96823244883239,-1.0070038,-5.6623383,8.076263

96823254893004,-0.97843933,-5.9146576,7.707306

96823264139830,-0.8260956,-5.8765717,7.547821

96823274973571,-0.65470886,-5.859909,7.8763123

96823284891784,-0.559494,-6.090805,7.9548645

96823294901549,-0.40953064,-6.495468,8.011993

96823304911315,-0.43333435,-5.912277,8.547577

96823314188659,-0.5190277,-4.460251,8.916534

96823309427916,-0.70196533,-5.212326,8.395706

96823324961364,-0.55711365,-4.288864,8.828461

96823334879577,-0.6666107,-4.422165,8.673737

96823344858825,-0.7832489,-3.903244,9.071259

96823354899108,-0.63090515,-4.0151215,8.421417

96823364298522,-0.57377625,-5.2529144,8.378571

96823374888121,-0.6999359,-5.6266327,8.05246

96823384897887,-0.81895447,-5.7408905,7.650177

96823394907653,-0.8879852,-6.564499,7.4549866

96823404886901,-0.8832245,-6.923935,7.790619

96823414286315,-0.73088074,-5.8575287,8.111969

96823424906432,-0.66185,-5.110092,8.578522

96823434885680,-0.50712585,-4.9577484,8.626129

96823444895446,-0.54759216,-4.853012,8.621368

96823454966246,-0.60472107,-4.641159,8.388092

96823464304625,-0.6594696,-4.6483,8.547577

96823474924743,-0.60710144,-4.9339447,8.428558

96823484903991,-0.5951996,-5.300522,8.05484

96823494913756,-0.67137146,-4.955368,8.230988

96823504923522,-0.6904144,-4.5149994,9.073639

96823514322936,-0.61424255,-4.960129,8.261932

96823509562194,-0.6695862,-5.0735474,8.362259

96823524943053,-0.86894226,-5.648056,8.552338

96823534922301,-0.79039,-5.6694794,8.271454

96823544932067,-0.77134705,-5.474289,8.209564

96823554941832,-0.6927948,-5.236252,8.559479

96823564341246,-0.7094574,-5.2529144,8.278595

96823575052916,-0.6951752,-5.167221,8.426178

96823584757506,-0.707077,-5.064865,8.63327

96823594736754,-0.72612,-4.8887177,8.621368

96823604960143,-0.74516296,-4.8173065,8.754669

96823614329039,-0.7499237,-4.9648895,8.702301

96823624949157,-0.77848816,-5.026779,8.395233

96823634928405,-0.7689667,-5.186264,8.580902

96823644907653,-0.71183777,-5.333847,8.88559

96823654947936,-0.62138367,-4.7839813,8.5642395

96823664347350,-0.55711365,-4.7482758,8.43808

96823674967467,-0.5928192,-4.8744354,8.145294

96823684977233,-0.64756775,-4.9696503,8.069122

96823694956481,-0.7499237,-4.845871,7.8453674

96823704966246,-0.83799744,-4.993454,8.259552

96823714365660,-0.74754333,-4.8696747,7.8763123

96823709604918,-0.7234955,-5.090805,8.403442

96823724985778,-0.62376404,-5.2219696,8.50473

96823734965026,-0.6285248,-5.455246,8.383331

96823744974791,-0.67137146,-5.5480804,8.359528

96823754984557,-0.77134705,-5.5671234,8.319061

96823764353453,-0.8237152,-5.360031,8.407135

96823774973571,-0.8879852,-5.088669,8.383331

96823784983336,-0.94273376,-5.152939,8.354767

96823795023619,-0.91893005,-5.383835,8.097687

96823804972350,-0.95225525,-6.007492,8.009613

96823814371764,-1.0165253,-6.393112,7.914398

96823824991881,-1.0046234,-6.1526947,7.869171

96823834971129,-0.77134705,-6.5621185,8.107208

96823844980895,-0.73802185,-7.297653,8.861786

96823854990660,-0.7427826,-4.4769135,8.490448

96823864359557,-0.80229187,-2.446457,8.557098

96823874979674,-0.7499237,-3.17247,9.08078

96823884989440,-0.4452362,-3.9437103,8.599945

96823894968688,-0.30003357,-4.660202,8.833221

96823904978453,-0.31193542,-5.333847,8.899872

96823914377868,-0.37620544,-5.6456757,8.397614

96823909617125,-0.72398376,-5.243515,8.421539

96823924997985,-0.5452118,-5.4600067,8.371429

96823934977233,-0.0024871826,-5.633774,8.983185

96823944986998,-0.18339539,-4.410263,9.218842

96823954996764,0.4854889,-5.0553436,9.318817

96823964396178,0.09272766,-4.545944,9.549713

96823975016295,-0.5690155,-4.186508,10.099579

96823984995543,-0.6666107,-4.672104,9.790131

96823995005309,-0.6951752,-5.274338,9.411652

96824005015075,-0.7023163,-5.6266327,9.20694

96824014414489,-0.56425476,-5.962265,9.0784

96824025004088,-0.5618744,-6.3050385,8.668976

96824034983336,-0.6166229,-6.4978485,8.166718

96824045023619,-0.71421814,-6.7216034,7.842987

96824055002868,-1.0284271,-6.6906586,7.3002625

96824064463317,-1.502121,-6.435959,6.5314026

96824075022399,-1.8306122,-6.302658,6.4480896

96824085001647,-1.9115448,-6.2526703,6.212433

96824095011412,-2.028183,-6.200302,6.060089

96824105021178,-1.9853363,-6.109848,6.4409485

96824114420592,-1.8091888,-5.99559,6.7742004

96824109659850,-0.86691284,-5.7169647,8.173737

96824125406920,-1.6139984,-5.9146576,6.7884827

96824135050475,-1.5901947,-5.693283,6.64328

96824145029723,-1.5402069,-6.1764984,6.5766296

96824155008971,-1.6758881,-6.12175,6.502838

96824164438903,-1.7639618,-5.795639,6.2743225

96824175150573,-1.6806488,-5.909897,6.398102

96824185038268,-1.7258759,-5.9027557,6.7170715

96824195017516,-1.7163544,-5.8765717,6.7218323

96824205057799,-1.668747,-6.012253,6.9931946

96824214426696,-1.6830292,-6.3431244,7.174103

96824224833190,-1.6877899,-6.673996,7.007477

96824235026061,-1.713974,-6.6835175,6.9860535

96824245035827,-1.8020477,-6.5740204,7.0693665

96824255015075,-1.7711029,-6.545456,7.1907654

96824331217467,-1.5353241,-6.290634,6.98938

96824363993346,-0.9403534,-5.826584,8.202423

96824365580260,-1.4521332,-5.3100433,7.9286804

96824389322936,0.06416321,-6.2978973,8.369049

96824399332702,0.3283844,-6.033676,8.528534

96824589884459,-0.5098572,-5.866699,8.240753

96824628946959,-0.44856262,-5.376938,8.387497

96824785196959,-0.42071533,-5.107361,8.347748

96824988321959,-0.6035309,-5.3701477,8.227417

96825191446959,-0.5767517,-5.190674,8.373093

96825386759459,-0.6462555,-4.937271,8.5784

96825589884459,-0.6907654,-5.3227844,8.254196

96824824259459,-0.49569702,-5.378952,8.241348

96825027384459,-0.57662964,-5.3615723,8.292404

96825230509459,-0.6129303,-5.1331787,8.395233

96825425821959,-0.6250763,-4.8751526,8.478546

96825628946959,-0.6235199,-5.531418,8.1662445

96825785196959,-0.6397095,-5.1456757,8.34787

96825824259459,-0.70635986,-5.3117065,8.284546

96825988321959,-0.5319977,-5.4720306,8.1345825

96826191446959,-0.56056213,-5.602829,8.295853

96826386759459,-0.35847473,-5.055588,8.3389435

96826589884459,-0.3803711,-5.261368,8.342865

96826027384459,-0.5856781,-5.398834,8.292877

96826230509459,-0.44570923,-5.244583,8.403564

96826425821959,-0.39715576,-5.3799133,8.278244

96826628946959,-0.37667847,-5.2011414,8.326675

96826785196959,-0.39656067,-5.327423,8.376907

96826824259459,-0.35621643,-5.211136,8.47879

96826988321959,-0.56378174,-5.403595,8.227417

96827191446959,-0.5944824,-5.005829,8.471878

96827386759459,-0.63542175,-4.7867126,8.585068

96827589884459,-0.7975311,-3.8363495,9.099106

96827027384459,-0.5791321,-5.3481293,8.139587

96827230509459,-0.5873413,-5.224594,8.402496

96827425821959,-0.74005127,-4.5856934,8.669815

96827628946959,-0.874176,-3.59404,9.183014

96827785196959,-1.0263977,-3.5214386,9.169327

96827824259459,-1.0197449,-3.6049805,9.138748

96827953135192,-0.56663513,-3.184372,9.506866

96827961832702,-0.85466003,-3.2795868,9.597321

96827973124205,-0.8165741,-3.331955,9.425934

96827995341002,-0.9661865,-3.4707336,9.250259

96828000101744,-0.80467224,-3.2343597,9.161713

96828010080993,-0.74516296,-3.4628754,9.156952

96828020670592,-0.88560486,-3.7461395,9.097443

96828030588805,-0.8594208,-4.057968,8.892731

96828040659606,-0.9546356,-4.210312,8.842743

96828050089537,-0.9213104,-4.184128,8.911774

96828060679137,-0.86180115,-4.107956,8.983185

96828070627868,-0.97843933,-4.115097,9.0903015

96828080607116,-0.95939636,-4.0032196,9.190277

96828090677916,-0.9332123,-3.8056488,9.223602

96828100107848,-0.9998627,-3.5128632,9.149811

96828110697448,-1.0760345,-3.4390717,9.27359

96828120615660,-1.1331635,-3.3152924,9.264069

96828130625426,-1.1331635,-3.331955,9.27121

96828140665709,-1.1165009,-3.3224335,9.259308

96828150126159,-1.0665131,-3.4295502,9.240265

96828160685241,-1.0831757,-3.5152435,9.190277

96828170633971,-1.1760101,-3.5842743,9.121246

96828180643737,-1.1641083,-3.7247162,9.111725

96828190806090,-1.1736298,-3.7961273,9.006989

96828195353209,-1.0186615,-3.7268524,9.11673

96828200113952,-1.1522064,-3.8722992,9.056976

96828211039244,-1.1331635,-3.9318085,9.01413

96828220896422,-1.085556,-3.9556122,8.997467

96828230906188,-1.0903168,-3.9341888,8.978424

96828240946471,-1.1022186,-4.0032196,8.921295

96828250162780,-1.1617279,-3.9199066,8.992706

96828260966002,-1.2926483,-3.8056488,8.961761

96828270884215,-1.4092865,-3.7437592,8.961761

96828280893981,-1.3712006,-3.634262,8.95462

96828290903746,-1.3592987,-3.5985565,9.037933

96828300181090,-1.3093109,-3.5842743,9.037933

96828310984313,-1.3116913,-3.6628265,9.059357

96828320902526,-1.3235931,-3.7318573,8.976044

96828330912291,-1.2688446,-3.8556366,8.997467

96828340922057,-1.3212128,-3.8151703,9.068878

96828350168883,-1.3307343,-3.8104095,8.8594055

96828360941588,-1.2878876,-3.7389984,8.923676

96828370981871,-1.3045502,-3.7889862,9.042694

96828380930602,-1.2617035,-3.7128143,8.923676

96828390940368,-1.2569427,-3.6866302,9.023651

96828395426452,-1.2464752,-3.7899323,8.996994

96828400187194,-0.9474945,-3.884201,9.20694

96828410929381,-1.1284027,-3.5676117,9.283112

96828420939147,-1.2355194,-3.467636,9.2378845

96828430948912,-1.1284027,-3.5033417,9.156952

96828440928160,-1.1355438,-3.1986542,9.14267

96828450297057,-1.1831512,-2.767807,9.247406

96828461008727,-1.0974579,-2.6821136,9.542572

96828470957457,-1.1474457,-3.3986053,9.126007

96828480936705,-1.0546112,-3.653305,9.168854

96828490946471,-0.98558044,-3.4962006,9.254547

96828500315368,-0.9236908,-3.3343353,9.195038

96828510966002,-0.8760834,-3.3295746,9.223602

96828520945250,-0.9665375,-3.1677094,9.245026

96828530955016,-0.9641571,-3.1034393,9.297394

96828540934264,-0.8165741,-2.972519,9.418793

96828550333678,-0.8832245,-2.8558807,9.437836

96828560953795,-0.9236908,-2.7273407,9.509247

96828570963561,-0.9641571,-2.6916351,9.435455

96828580973327,-0.9951019,-2.6416473,9.559235

96828590952575,-0.95225525,-2.5797577,9.568756

96828595591246,-1.0173645,-3.0853424,9.331909

96828600351989,-0.98558044,-2.5678558,9.587799

96828610972106,-1.021286,-2.510727,9.602081

96828620951354,-0.96177673,-2.510727,9.549713

96828630961119,-0.94511414,-2.415512,9.613983

96828641001403,-0.9903412,-2.4202728,9.599701

96828650339782,-0.9998627,-2.3750458,9.628265

96828660959899,-1.0498505,-2.306015,9.492584

96828670969664,-1.002243,-2.4488373,9.27359

96828680979430,-0.6927948,-2.4845428,9.383087

96828690989196,-0.9832001,-2.7916107,9.725861

96828700358092,-1.271225,-2.9439545,9.687775

96828710978209,-1.1093597,-3.0415497,9.725861

96828720987975,-1.1426849,-2.7654266,9.568756

96828730997741,-1.1831512,-2.3988495,9.554474

96828740976989,-1.0903168,-2.5464325,9.606842

96828750376403,-1.2045746,-2.5250092,9.46402

96828760996520,-1.3045502,-2.6059418,9.456879

96828770975768,-1.3069305,-2.6678314,9.385468

96828780863463,-1.290268,-2.6535492,9.354523

96828791025817,-1.2759857,-2.8035126,9.3402405

96828795603453,-1.1032867,-2.6109467,9.5143585

96828800364196,-1.2402802,-3.0034637,9.27359

96828811075866,-1.2498016,-3.1129608,9.240265

96828821055114,-1.1664886,-3.0867767,9.297394

96828831034362,-1.1641083,-3.1224823,9.316437

96828841013610,-1.1855316,-3.0653534,9.330719

96828850413024,-1.297409,-2.889206,9.223602

96828861033141,-1.3093109,-2.703537,9.333099

96828871134459,-1.4092865,-2.991562,8.709442

96828881052672,-0.54045105,-1.9608612,9.804413

96828891031920,-0.9974823,-2.3417206,9.52829

96828900431334,-1.483078,-2.4321747,9.832977

96828910868346,-1.3973846,-2.7273407,9.623505

96828920817077,-1.2164764,-2.8844452,9.668732

96828931040465,-1.354538,-3.101059,9.606842

96828941050231,-1.3212128,-3.1891327,9.5520935

96828950449645,-1.0117645,-3.1439056,9.394989

96828961100280,-0.56425476,-4.6506805,9.037933

96828971079528,-0.9236908,-2.6749725,9.287872

96828981119811,-1.0807953,-2.3179169,9.597321

