98844676563612,-0.67375183,-0.21842957,9.725861

98844686542860,-0.7332611,-0.087509155,9.6354065

98844701557508,-0.8808441,-0.11607361,9.668732

98844721546522,-0.73088074,-0.03276062,9.597321

98844731617323,-0.70469666,0.11482239,9.633026

98844741566053,-0.7665863,0.09815979,9.697296

98844750873915,-0.79039,0.05531311,9.566376

98844761555067,-0.7761078,-0.008956909,9.547333

98844771686903,-0.7927704,-0.006576538,9.435455

98844782062879,-0.7094574,-0.016098022,9.397369

98844792377821,-0.68089294,-0.006576538,9.46402

98844802418104,-0.5880585,0.019607544,9.663971

98844811939588,-0.55711365,0.024368286,9.8472595

98844821674696,-0.50712585,0.024368286,9.918671

98844832477918,-0.5452118,-0.08036804,9.98056

98844842396131,-0.54997253,-0.063705444,10.066254

98844852405897,-0.4857025,-0.063705444,10.085297

98844862385145,-0.49998474,-0.09941101,10.028168

98844871662489,-0.52378845,-0.10417175,10.030548

98844882435194,-0.5713959,-0.1660614,10.030548

98844892414442,-0.5118866,-0.2898407,10.080536

98844902424207,-0.38572693,-0.3564911,10.142426

98844912403456,-0.30003357,-0.39933777,10.3923645

98844907642713,-0.5988922,-0.067871094,9.830246

98844921650282,-0.26194763,-0.41838074,10.628021

98844931660047,-0.26670837,-0.41123962,10.744659

98844946522108,-0.21910095,-0.38981628,10.763702

98844957386366,-0.16911316,-0.3969574,10.735138

98844967274061,-0.13102722,-0.34458923,10.720856

98844976642957,-0.116744995,-0.34458923,10.87558

98844987293592,-0.05961609,-0.34220886,11.13028

98844997272840,-0.12626648,-0.28269958,11.3802185

98845007221571,-0.25956726,-0.15892029,11.753937

98845017261854,-0.347641,-0.14225769,12.149078

98845026630750,-0.40715027,-0.108932495,12.603729

98845037311903,-0.3881073,-0.20176697,13.1250305

98845047260633,-0.264328,-0.30412292,13.786774

98845057209364,-0.13102722,-0.11845398,14.665131

98845067249647,0.102249146,0.03388977,15.917206

98845076649061,0.24031067,0.16242981,16.738434

98845087238661,0.3355255,0.045791626,17.090729

98845097248426,0.29029846,-0.14701843,17.276398

98845107227674,0.18556213,-0.5373993,17.085968

98845117237440,0.04988098,-0.88731384,16.833649

98845112476698,-0.097229004,-0.26472473,13.300232

98845126606336,0.0046539307,-1.2872162,16.726532

98845137226454,0.035598755,-1.7228241,16.562286

98845147236219,0.08320618,-1.8751678,16.364716

98845157245985,0.07368469,-2.0965424,16.026703

98845167255750,0.014175415,-2.3726654,15.569672

98845176563612,-0.11198425,-2.5678558,15.091217

98845187214247,-0.29527283,-2.6440277,14.550873

98845197224012,-0.5832977,-2.517868,13.88913

98845207203260,-0.7404022,-2.408371,13.084564

98845217213026,-0.7975311,-2.408371,12.496613

98845226581922,-0.87846375,-2.120346,12.041962

98845237202040,-0.809433,-1.9561005,11.815826

98845247211805,-0.87132263,-1.946579,11.023163

98845257191053,-1.0760345,-1.6609344,10.075775

98845267200819,-1.2498016,-1.4895477,9.311676

98845276539198,-1.4497528,-1.3276825,8.861786

98845287189832,-1.6068573,-1.0325165,8.397614

98845297169081,-1.5878143,-0.7849579,7.662079

98845307178846,-1.4878387,-0.46836853,6.798004

98845317188612,-1.3521576,0.0053253174,6.502838

98845312427870,-0.7343292,-1.7341309,12.142654

98845326557508,-1.1783905,0.39570618,5.912506

98845337208143,-1.123642,0.9051056,5.160309

98845347156873,-1.2045746,1.2074127,4.403351

98845357166639,-1.4426117,1.6501617,3.475006

98845367176405,-1.7520599,2.0143585,2.5419006

98845376545301,-2.1257782,2.4523468,2.249115

98845387165418,-2.451889,3.011734,2.2633972

98845397144666,-2.592331,3.223587,2.1348572

98845407154432,-2.5042572,3.2021637,1.5254822

98845417133680,-2.3519135,2.9379425,0.7328186

98845426533094,-2.240036,2.640396,-0.07650757

98845437153211,-2.3638153,2.6308746,-1.1690979

98845447132459,-2.611374,2.9879303,-2.054596

98845457142225,-2.9850922,3.9757843,-2.6592102

98845467151991,-3.3397675,5.16835,-2.4664001

98845476520887,-3.6373138,6.2918854,-2.3140564

98845487141004,-3.8848724,7.496353,-2.6139832

98845497120252,-4.0467377,8.343765,-3.1471863

98845507130018,-4.2133636,8.843643,-3.8208313

98845517139784,-4.408554,8.853165,-4.32547

98845512379041,-2.6229248,3.9116364,0.28756714

98845526508680,-4.689438,8.8007965,-4.8872375

98845537128797,-4.998886,8.577042,-5.429962

98845547108045,-5.3678436,8.627029,-5.7608337

98845557136800,-5.6558685,8.765091,-5.915558

98845567116048,-5.734421,8.972183,-5.808441

98845576515462,-5.5582733,9.188797,-5.5346985

98845587135579,-5.358322,9.191177,-5.3990173

98845597114827,-5.094101,9.069778,-5.196686

98845607124593,-4.8727264,8.724625,-4.8110657

98845617103841,-4.8036957,8.353287,-4.375458

98845626472737,-4.7203827,7.9867096,-4.063629

98845637092855,-4.6680145,7.496353,-3.5970764

98845647163655,-4.5347137,7.020279,-3.0829163

98845657081868,-4.529953,6.5632477,-2.452118

98845667091634,-4.3990326,5.941971,-1.5975647

98845676491048,-4.375229,5.2350006,-0.84298706

98845687111165,-4.2133636,4.4637604,-0.5763855

98845697090413,-4.1300507,3.9305573,-0.20266724

98845707069661,-3.9181976,3.3307037,0.042510986

98845717048909,-3.7682343,2.7665558,-0.01461792

98845712288167,-4.7695312,7.1502533,-3.4753265

98845726448323,-3.780136,2.3309479,0.05203247

98845737007405,-3.837265,1.8286896,0.1567688

98845747047689,-3.9039154,1.6549225,0.780426

98845757087972,-3.7325287,1.3716583,2.2633972

98845766884114,-3.3397675,0.8146515,3.8963318

98845776893880,-2.8732147,0.11958313,5.000824

98845787239339,-2.4423676,-0.792099,5.6340027

98845797096517,-2.2828827,-1.6299896,5.8648987

98845807075765,-2.3376312,-2.344101,5.87442

98845817024495,-2.5328217,-2.9772797,6.4671326

98845827095296,-2.3947601,-3.4200287,7.9858093

98845836281087,-1.990097,-3.5842743,9.423553

98845847114827,-1.3926239,-3.4390717,10.794647

98845857063558,-0.8070526,-3.120102,11.977692

98845867042806,-0.48094177,-2.8939667,12.54422

98845877113607,-0.41429138,-2.7725677,13.324982

98845886299398,-0.44999695,-2.3417206,13.812958

98845897102620,-0.4380951,-1.8751678,13.977203

98845907020833,-0.25480652,-1.715683,14.588959

98845917366292,-0.052474976,-1.82518,14.831757

98845912605550,-1.9868774,-1.3305359,7.9626007

98845926368978,0.20222473,-1.9775238,15.262604

98845936256673,0.28077698,-2.158432,15.319733

98845947090413,0.2212677,-2.286972,15.464935

98845957008626,0.057022095,-2.3726654,15.481598

98845966987874,-0.01914978,-2.3131561,15.186432

98845977058675,-0.09056091,-2.1084442,15.317352

98845986244466,0.059402466,-1.9584808,15.474457

98845997078206,0.24507141,-1.7561493,15.181671

98846006965902,0.30220032,-1.5395355,14.760345

98846016975667,0.35456848,-1.2634125,14.108124

98846026985433,0.25697327,-1.1372528,13.703461

98846036232259,0.07606506,-1.0706024,13.50589

98846047065999,-0.092941284,-1.208664,13.255951

98846056953695,-0.26670837,-1.3657684,13.010773

98846066993978,-0.2809906,-1.5514374,12.653717

98846076973226,-0.22862244,-1.6871185,12.234772

98846086220052,-0.04057312,-1.8513641,12.011017

98846097053792,0.12605286,-1.9322968,11.872955

98846106941487,0.29981995,-1.8275604,11.627777

98846116981771,0.31410217,-1.798996,11.442108

98846112221029,0.08880615,-1.7582855,13.8437805

98846126961019,0.2879181,-1.6418915,11.275482

98846136207845,0.12843323,-1.5181122,11.185028

98846146950032,-0.054855347,-1.4347992,11.173126

98846156959798,-0.13816833,-1.5014496,11.118378

98846166969564,-0.18339539,-1.5538177,10.906525

98846176948812,-0.114364624,-1.587143,10.766083

98846186195638,-0.10960388,-1.6347504,10.775604

98846197029378,-0.1000824,-1.6466522,10.568512

98846206947591,-0.1000824,-1.6633148,10.463776

98846216957357,-0.0834198,-1.5633392,10.337616

98846226936605,-0.13578796,-1.5395355,10.23288

98846236183431,-0.15959167,-1.5228729,10.187653

98846247017171,-0.24290466,-1.5228729,10.073395

98846256996419,-0.26670837,-1.5585785,10.004364

98846266945150,-0.27146912,-1.6442719,9.966278

98846276924398,-0.24052429,-1.7180634,9.91391

98846286293294,-0.116744995,-1.8537445,9.842499

98846297004964,-0.07627869,-1.946579,10.094818

98846306923177,-0.054855347,-1.8918304,10.10434

98846316902425,0.018936157,-1.8204193,10.092438

98846312141683,-0.10067749,-1.6381989,10.454132

98846326912191,0.040359497,-1.7394867,10.204315

98846336281087,0.037979126,-1.6442719,10.330475

98846346901204,-0.01676941,-1.6561737,10.406647

98846356910970,-0.14530945,-1.6371307,10.580414

98846366890218,-0.21434021,-1.7442474,10.744659

98846376899984,-0.29051208,-1.8489838,10.87796

98846386268880,-0.25242615,-1.9108734,11.089813

98846396888997,-0.23100281,-1.882309,11.211212

98846406868245,-0.13578796,-1.8680267,11.58493

98846416878011,-0.09770203,-1.9346771,11.896759

98846426887777,-0.13578796,-1.8537445,12.237152

98846436256673,-0.16911316,-1.9180145,12.570404

98846446876790,-0.21910095,-2.0060883,12.953644

98846456886556,-0.23814392,-2.1155853,13.317841

98846466865804,-0.22624207,-2.2203217,13.710602

98846476875570,-0.052474976,-2.2631683,14.015289

98846486244466,0.17366028,-2.248886,14.538971

98846496864583,0.40693665,-2.1988983,15.029327

98846506843831,0.5235748,-2.1893768,15.281647

98846516853597,0.4759674,-2.1108246,15.526825

98846512092855,-0.03831482,-1.9495544,12.405441

98846526832845,0.34266663,-2.0608368,15.757721

98846536201741,0.25221252,-2.029892,16.2695

98846546852376,0.16651917,-2.215561,16.771759

98846556831624,0.23078918,-2.5440521,16.681305

98846566841390,0.5164337,-3.0582123,16.348053

98846576851155,0.8806305,-3.441452,15.68869

98846586189534,0.95918274,-3.4176483,14.905548

98846596840169,0.8282623,-2.9629974,14.5937195

98846606819417,0.42359924,-2.3679047,14.638947

98846616798665,0.09034729,-1.7371063,14.577057

98846626808431,-0.22148132,-1.3038788,14.634186

98846636207845,-0.29527283,-1.1872406,14.241425

98846646827962,-0.30717468,-1.3348236,13.493988

98846656807210,-0.31669617,-1.7252045,12.525177

98846666816976,-0.46427917,-1.9751434,11.889618

98846676826741,-0.59043884,-1.8989716,11.032684

98846686195638,-0.7237396,-1.6252289,10.404266

98846696815755,-0.7332611,-1.4633636,10.16861

98846706795003,-0.71421814,-0.8825531,9.7211

98846716774251,-0.6927948,-0.4040985,8.918915

98846712013509,-0.018432617,-1.9818115,13.663116

98846726784017,-0.84513855,0.064834595,8.128632

98846736183431,-1.0688934,0.44093323,7.3121643

98846746773030,-1.1450653,0.89320374,6.886078

98846756782796,-1.2093353,1.3740387,6.6075745

98846766762044,-1.1450653,1.6858673,5.891083

98846776558187,-1.1569672,1.6358795,4.8889465

98846786140706,-1.3640594,1.5882721,3.7082825

98846796730306,-1.6616058,1.4430695,2.6609192

98846806740071,-1.8972626,1.3907013,2.0467834

98846816749837,-2.0067596,1.4264069,1.5849915

98846826729085,-1.925827,1.4264069,1.3969421

98846836128499,-1.7282562,1.6334991,0.57095337

98846846748616,-1.5711517,1.83107,-0.1479187

98846856758382,-1.5782928,2.2857208,-0.70492554

98846866829183,-1.8115692,2.9236603,-1.4642639

98846876747396,-2.1995697,3.6377716,-2.247406

98846886116292,-2.7161102,4.344742,-2.8877258

98846896736409,-3.1874237,5.1945343,-3.2590637

98846906746175,-3.523056,5.8824615,-3.4899597

98846916725423,-3.6301727,6.589432,-3.973175

98846911964681,-1.868576,2.3846283,1.6754456

98846926704671,-3.5587616,7.1916656,-4.653961

98846936104085,-3.4873505,7.739151,-5.127655

98846946724202,-3.5920868,8.2747345,-5.4561462

98846956733968,-3.856308,8.903152,-5.601349

98846966743734,-4.2252655,9.46254,-5.67276

98846976722982,-4.5847015,9.826736,-5.6108704

98846986091878,-4.8417816,9.869583,-5.6299133

98846996711995,-4.9036713,9.738663,-5.6251526

98847006691243,-4.875107,9.474442,-5.4442444

98847016701009,-4.7894135,9.172134,-5.2657166

98847026710775,-4.6489716,8.781754,-5.044342

98847036079671,-4.6680145,8.472305,-4.71109

98847046669271,-4.722763,8.169998,-4.1636047

98847056679036,-4.8013153,7.8462677,-3.4042664

98847066688802,-4.89653,7.2345123,-3.068634

98847076698568,-4.8727264,6.494217,-2.8353577

98847086067464,-4.889389,5.9467316,-2.6354065

98847096596029,-4.8465424,5.3040314,-1.9998474

98847106666829,-4.646591,4.601822,-1.3404846

98847116676595,-4.4490204,4.0210114,-0.9072571

98847111915853,-4.5078125,7.8262787,-4.2099

98847126655843,-4.272873,3.5425568,-0.59542847

98847136055257,-4.2181244,3.2640533,0.042510986

98847146522786,-4.3276215,3.0236359,0.68045044

98847156654622,-4.6108856,2.7689362,1.030365

98847166664388,-4.939377,2.5166168,1.3755188

98847176643636,-5.2512054,2.2024078,1.7539978

98847186653402,-5.3916473,1.9834137,2.4395447

98847195900228,-5.208359,1.7310944,3.5202332

98847206733968,-4.7394257,1.562088,4.46286

98847216652181,-4.1348114,1.2407379,5.379303

98847226631429,-3.4992523,0.6884918,5.8648987

98847236641195,-3.1802826,-0.016098022,5.841095

98847245888021,-3.246933,-0.7349701,5.8387146

98847256721761,-3.6277924,-1.2967377,6.624237

98847266639974,-3.6944427,-1.613327,8.316681

98847276588704,-3.16362,-2.3750458,9.809174

98847286628987,-2.3519135,-2.991562,10.587555

98847295875814,-1.6330414,-3.3343353,11.061249

98847306709554,-1.0141449,-3.569992,11.273102

98847316627767,-0.937973,-3.5200043,11.370697

98847311867025,-3.6721802,0.25360107,5.333832

98847326607015,-1.2855072,-3.1439056,11.858673

98847336586263,-1.6163788,-2.877304,12.553741

98847345863607,-1.6639862,-2.6511688,13.25119

98847356697347,-1.2783661,-2.85112,14.003387

98847366615560,-0.6118622,-2.9368134,14.153351

98847376625325,0.09272766,-2.870163,14.400909

98847386635091,0.511673,-2.6868744,14.700836

98847395851400,0.61402893,-2.5321503,15.072174

98847406685140,0.4854889,-2.370285,15.360199

98847416603353,0.22602844,-2.3679047,15.2388

98847426582601,0.06654358,-2.4559784,14.6579895

98847436592366,0.04750061,-2.5321503,14.298553

98847445839193,0.25221252,-2.5273895,14.355682

98847456672933,0.47834778,-2.4678802,14.350922

98847466591146,0.58784485,-2.4226532,14.348541

98847476661946,0.49501038,-2.3845673,14.189056

98847486580159,0.33790588,-2.2084198,14.005768

98847495826986,0.13319397,-1.9584808,13.796295

98847506660726,-0.05961609,-1.7109222,13.413055

98847516578939,-0.09056091,-1.4705048,13.103607

98847511818196,-0.1138916,-2.4713287,14.055634

98847526558187,-0.09056091,-1.2872162,12.73941

98847536567952,-0.04295349,-1.2681732,12.375214

98847545814779,-0.06199646,-1.4252777,12.058624

98847556648519,-0.16435242,-1.5323944,11.749176

98847566566732,-0.1905365,-1.734726,11.292145

98847576545980,-0.30003357,-1.8727875,11.099335

98847586555745,-0.33573914,-1.8489838,10.966034

98847595802571,-0.31669617,-1.7966156,10.742279

98847606544759,-0.31669617,-1.5800018,10.592316

98847616554525,-0.264328,-1.3419647,10.468536

98847626564290,-0.2976532,-1.0825043,10.399506

98847636543538,-0.29051208,-0.9158783,10.347137

98847645851400,-0.3809662,-0.9253998,10.3280945

98847656563070,-0.4618988,-1.0253754,10.263824

98847666511800,-0.4214325,-1.2181854,10.182892

98847676552083,-0.36668396,-1.4919281,10.04007

98847686531331,-0.34049988,-1.6728363,9.902008

98847695900228,-0.27146912,-1.7680511,9.821075

98847706550862,-0.24528503,-1.8061371,9.806793

98847716530111,-0.31907654,-1.7775726,9.878204

98847711769368,-0.27397156,-1.4685974,10.75264

98847726509359,-0.40000916,-1.7704315,10.1091

98847736519124,-0.39048767,-1.8227997,10.278107

98847745918538,-0.39286804,-1.8870697,10.504242

98847756508138,-0.30003357,-1.9394379,10.735138

98847766548421,-0.22148132,-2.0156097,10.935089

98847776497152,-0.20957947,-2.1465302,11.120758

98847786293294,-0.21434021,-2.2560272,11.370697

98847795906331,-0.24290466,-2.3655243,11.634918

98847806495931,-0.2238617,-2.4559784,12.075287

98847816475179,-0.29051208,-2.563095,12.470428

98847826484945,-0.29051208,-2.4821625,12.813202

98847836464193,-0.3047943,-2.4012299,13.105988

98847845894124,-0.27146912,-2.4297943,13.360687

98847856514241,-0.24052429,-2.59404,13.851044

98847866493489,-0.095321655,-2.6702118,14.127167

98847876503255,-0.033432007,-2.627365,14.491364

98847886482503,0.07130432,-2.6178436,14.9841

98847895881917,0.099868774,-2.434555,15.526825

98847906502034,0.2046051,-2.453598,15.929108

98847916481282,0.26649475,-2.5035858,16.06717

98847911720540,-0.17399597,-2.3218384,12.774521

98847926491048,0.4355011,-2.5702362,15.986237

98847936470296,0.49024963,-2.5392914,15.760101

98847945869710,0.48072815,-2.4702606,15.650604

98847956489827,0.35694885,-2.363144,15.576813

98847966469075,0.19508362,-2.2274628,15.443512

98847976478841,0.061782837,-2.427414,15.207855

98847986824300,-0.095321655,-2.6178436,14.496124

98847995857503,-0.25480652,-2.9296722,14.108124

98848006477620,-0.3714447,-3.1700897,13.860565

98848016456868,-0.45713806,-3.255783,13.686798

98848026466634,-0.40000916,-3.2081757,13.229767

98848036445882,-0.18339539,-2.9653778,12.751312

98848045845296,0.021316528,-2.5226288,12.141937

98848056465413,0.016555786,-2.0965424,11.58493

98848066444661,-0.24290466,-1.6014252,10.830353

98848076454427,-0.81181335,-1.3848114,10.268585

98848086494710,-1.3521576,-1.2134247,9.590179

98848095802571,-1.8258514,-0.8730316,9.2117

98848106422689,-1.8972626,-0.6945038,9.01651

98848116432454,-1.7472992,-0.59690857,8.523773

98848111671712,-0.37905884,-2.1864014,12.846283

98848126411702,-1.4783173,-0.6088104,7.650177

98848136421468,-1.2569427,-0.6826019,6.6670837

98848145790364,-1.1569672,-0.39933777,5.4721375

98848156227376,-1.3212128,0.086257935,4.531891

98848166420247,-1.649704,0.5575714,4.239105

98848176399495,-2.0329437,1.0669708,3.9177551

98848186378743,-2.3090668,1.6930084,3.6273499

98848195778157,-2.2924042,2.069107,3.4845276

98848206367757,-2.099594,2.2404938,2.768036

98848216408040,-1.9472504,2.3476105,2.203888

98848226387288,-1.8091888,2.4309235,1.4350281

98848236397054,-1.6520844,2.4761505,0.34957886

98848245765950,-1.6235199,2.6570587,-0.59780884

98848256416585,-1.7711029,3.133133,-1.2238464

98848266456868,-1.9591522,3.7758331,-1.933197

98848276375081,-2.3090668,4.6303864,-2.5854187

98848286384847,-2.8398895,5.646805,-2.8520203

98848295753743,-3.3611908,6.4608917,-2.6734924

98848306404378,-3.8015594,7.4082794,-2.716339

98848316383626,-4.1919403,8.381851,-2.9162903

98848311622884,-2.143158,2.7685852,1.4424133

98848326362874,-4.515671,8.774612,-3.094818

98848336372640,-4.582321,9.100723,-3.4114075

98848345741536,-4.3419037,9.317337,-3.9517517

98848356361654,-4.1348114,9.491104,-4.461151

98848366371419,-4.034836,9.588699,-5.1252747

98848376381185,-4.182419,9.7886505,-5.6775208

98848386360433,-4.4942474,9.974319,-5.767975

98848395729329,-4.779892,10.086197,-5.4466248

98848406532552,-5.063156,9.998123,-4.9181824

98848416359212,-5.0964813,9.745804,-4.204071

98848426368978,-4.89653,9.238785,-3.5256653

98848436378743,-4.587082,8.679398,-3.049591

98848445717122,-4.2324066,8.143814,-2.5140076

98848456306722,-3.894394,7.6082306,-2.2616882

98848466377523,-3.7015839,7.167862,-1.9070129

98848476356771,-3.6730194,6.682266,-1.7427673

98848486366536,-3.7111053,6.187149,-1.471405

98848495735433,-3.9300995,5.5563507,-1.2738342

98848506080892,-4.177658,4.916031,-1.0262756

98848516365316,-4.5513763,4.294754,-0.73587036

98848511604573,-4.329056,8.2170105,-3.2783508

98848526344564,-4.8489227,3.825821,-0.12887573

98848536323812,-5.0726776,3.3878326,0.8494568

98848546364095,-4.972702,2.9188995,1.8135071

98848555610921,-4.63945,2.4713898,2.5847473

98848566322591,-4.2371674,1.9500885,3.153656

98848576362874,-3.9562836,1.395462,3.5107117

98848586372640,-3.9824677,1.1907501,3.9320374

98848596351888,-4.1752777,0.9931793,4.2676697

98848605598714,-4.4942474,0.94081116,4.481903

98848616340902,-4.6870575,0.7789459,5.10318

98848626350667,-4.5013885,0.30525208,6.06485

98848636360433,-3.939621,-0.23033142,7.0503235

98848646370198,-3.182663,-0.8730316,8.2690735

98848655586507,-2.1805267,-1.6038055,9.440216

98848666328695,-1.4330902,-2.1298676,9.525909

98848676338460,-1.187912,-2.3607635,9.023651

98848686348226,-1.3259735,-2.78685,8.999847

98848696419027,-1.733017,-3.165329,9.233124

98848705574300,-1.9662933,-3.6890106,10.866058

98848716316487,-1.5592499,-4.3674164,12.54184

98848711555745,-3.4037933,-0.05239868,6.0291443

98848726356771,-0.78800964,-4.626877,13.227386

98848736366536,0.19984436,-4.941086,13.332123

98848745704915,0.8401642,-5.0553436,13.246429

98848755592611,0.90919495,-4.7673187,13.146454

98848766426351,0.46644592,-4.0532074,13.239288

98848776344564,-0.15959167,-3.1986542,13.741547

98848786110189,-0.63804626,-2.1988983,14.303314

98848796394612,-0.937973,-1.7180634,14.731781

98848805580404,-0.7332611,-1.8751678,15.4149475

98848816414144,-0.08818054,-2.4440765,15.593475

98848826332357,0.5521393,-3.3843231,14.876984

98848836281087,1.0472565,-4.0793915,13.843903

98848846351888,1.2186432,-4.45549,13.082184

98848855598714,1.2162628,-4.5673676,13.134552

98848866401937,0.8734894,-3.9175262,13.436859

98848876350667,0.48786926,-3.0225067,13.770111

98848886329915,0.13557434,-2.1370087,14.008148

98848896339681,-0.0048675537,-1.3514862,14.153351

98848905586507,-0.06199646,-1.0253754,14.060516

98848916359212,0.030838013,-1.087265,13.651093

98848911598470,0.22828674,-3.1953278,13.899719

98848926307943,0.10462952,-1.4562225,12.910797

98848936317708,0.13795471,-1.7894745,12.1371765

98848946327474,0.09272766,-2.0774994,11.58255

98848955574300,-0.007247925,-2.1679535,11.054108

98848966347005,-0.12388611,-2.1084442,10.730377

98848976356771,-0.27622986,-1.9870453,10.74942

98848986336019,-0.28575134,-1.7966156,10.913666

98848996345784,-0.25004578,-1.6942596,11.037445

98849005562093,-0.18815613,-1.6894989,11.027924

98849016334798,-0.05961609,-1.5776215,10.830353

98849026314046,0.011795044,-1.5704803,10.597076

98849036323812,0.07130432,-1.5657196,10.335236

98849046303060,0.04750061,-1.5728607,10.149567

98849055671956,-0.014389038,-1.6157074,10.099579

98849066322591,-0.1405487,-1.6252289,10.056732

98849076301839,-0.18577576,-1.6894989,10.071014

98849086311605,-0.19529724,-1.76091,10.142426

98849096290853,-0.1000824,-1.8561249,10.1091

98849105659749,-0.06437683,-1.9965668,10.1614685

98849116310384,0.0070343018,-2.048935,10.394745

98849111549642,-0.07092285,-1.7823334,10.754532

98849126289632,-0.007247925,-2.1750946,10.613739

98849136268880,-0.06913757,-2.267929,10.989838

98849146278646,-0.045333862,-2.4202728,11.275482

98849155678060,0.04750061,-2.415512,11.530182

98849166298177,0.11653137,-2.5416718,11.877716

98849176277425,0.21650696,-2.639267,12.256195

98849186287191,0.3117218,-2.6987762,12.756073

98849196266439,0.33314514,-2.6868744,13.25119

98849205665853,0.3045807,-2.6702118,13.577301

98849216285970,0.21888733,-2.5964203,13.884369

98849226234700,0.13795471,-2.5845184,14.012909

98849236274984,0.22364807,-2.5964203,14.398529

98849246284749,0.3355255,-2.6749725,14.757965

98849255623128,0.5521393,-2.767807,14.998383

98849266273763,0.6830597,-2.78685,15.160248

98849276253011,0.8401642,-2.8939667,15.279266

98849286232259,0.9044342,-2.8558807,15.136444

98849296242025,0.7806549,-2.7773285,15.04837

98849305702474,0.67115784,-2.59404,15.1197815

98849316231038,0.43312073,-2.3917084,15.36496

98849311470296,0.3494568,-2.6017761,13.564453

98849326240804,0.22840881,-2.4036102,15.412567

98849336250570,0.18556213,-2.491684,15.443512

98849346199300,0.21650696,-2.7582855,15.245941

98849355629232,0.26649475,-2.9249115,14.891266

98849366249349,0.34028625,-3.0748749,14.258087

98849376228597,0.261734,-2.9463348,13.543976

98849386238362,0.10462952,-2.5702362,13.136932

98849396217611,-0.114364624,-2.4654999,13.167877

98849405617025,-0.4380951,-2.113205,12.73941

98849416237142,-0.59757996,-1.7966156,12.244293

98849426246907,-0.7094574,-1.734726,11.639679

98849436195638,-0.8403778,-1.8108978,11.118378

98849446205404,-0.8975067,-1.8513641,10.439972

98849455604818,-0.98558044,-1.8061371,9.518768

98849466194417,-1.1165009,-1.779953,9.037933

98849476204183,-1.2307587,-1.4681244,8.290497

98849486213948,-1.3592987,-1.0491791,7.6668396

98849496193196,-1.4783173,-0.68022156,7.4097595

98849505592611,-1.464035,-0.18748474,7.040802

98849516212728,-1.3640594,0.15052795,6.4338074

98849511451986,-0.5496216,-1.8881378,11.434021

98849526191976,-1.3307343,0.51234436,5.605438

98849536171224,-1.3402557,0.8717804,4.819916

98849546180989,-1.4997406,1.2383575,3.9582214

98849555580404,-1.6758881,1.5549469,3.2964783

98849566200521,-1.8663177,1.8048859,2.6252136

98849576179769,-2.047226,2.0453033,2.0063171

98849586189534,-1.9948578,2.08815,1.5897522

98849596168782,-1.8496552,2.2000275,1.0636902

98849605568196,-1.630661,2.209549,0.44955444

98849616157796,-1.521164,2.292862,-0.419281

98849626167562,-1.6568451,2.7403717,-1.3000183

98849636177327,-1.8187103,3.7163239,-2.0474548

98849646156575,-2.1329193,4.90889,-2.671112

98849655555989,-2.5899506,6.25856,-2.9710388

98849666176107,-3.0303192,7.398758,-3.0567322

98849676155355,-3.5397186,8.319962,-2.932953

98849686165120,-3.7563324,8.857925,-3.3518982

98849696174886,-3.7872772,9.150711,-3.920807

98849705543782,-3.875351,9.184036,-4.3088074

98849716163900,-4.0276947,9.288773,-4.6253967

98849711403157,-2.348587,4.332123,-0.3095398

98849726173665,-4.313339,9.543472,-4.941986

98849736152913,-4.7061005,9.910049,-5.056244

98849746162679,-4.9965057,10.062393,-4.90152

98849755562093,-5.094101,10.052872,-4.756317

98849766273763,-5.0012665,9.805313,-4.480194

98849776039388,-4.748947,9.538712,-4.487335

98849786110189,-4.548996,9.241165,-4.249298

98849796211507,-4.5061493,8.803177,-3.7518005

98849805519368,-4.57518,8.431839,-3.4304504

98849816322591,-4.6727753,7.9462433,-3.0162659

98849826271321,-4.7656097,7.3582916,-2.6782532

98849836250570,-4.708481,6.6846466,-2.421173

98849846260335,-4.594223,6.0871735,-1.9546204

98849855507161,-4.287155,5.482559,-1.3309631

98849866615560,-4.0705414,5.0088654,-0.73349

98849876289632,-3.8872528,4.468521,-0.49069214

98849886268880,-3.9515228,3.961502,-0.3383484

98849896278646,-4.1800385,3.4878082,-0.18362427

98849905494954,-4.4680634,3.1355133,0.035369873

98849915870931,-4.794174,2.8474884,0.42099

98849911110189,-4.543518,7.0928802,-2.6373138

98849926277425,-5.0726776,2.652298,1.1374817

98849936287191,-5.2059784,2.5666046,2.389557

98849946266439,-5.120285,2.2262115,3.7939758

98849955513265,-4.7322845,1.7858429,4.9579773

98849965400960,-4.249069,1.3811798,5.6149597

98849976356771,-3.8610687,0.74324036,6.1648254

98849986213948,-3.4802094,0.07673645,6.367157

98849996132161,-3.189804,-0.13749695,6.443329

98850005501058,-2.9660492,-0.28269958,6.9979553

98850015388753,-2.7161102,-0.7516327,7.6335144

98850026222493,-2.4828339,-1.2396088,8.454742

98850036110189,-2.232895,-1.6609344,9.761566

98850046119954,-1.7520599,-2.0156097,11.19693

98850055488851,-1.1760101,-2.6154633,12.09433

98850065376546,-0.56425476,-3.4271698,12.28714

98850076210286,-0.30717468,-3.9080048,11.889618

98850086159017,-0.4214325,-3.8556366,11.299286

98850096107747,-0.71421814,-2.9891815,10.789886

98850106086995,-0.8332367,-1.965622,11.32547

98850115364339,-0.6023407,-1.1039276,12.727509

98850110603597,-2.5839996,-0.7260437,8.166367

98850126198079,-0.13578796,-0.7897186,14.431854

98850136116292,0.34028625,-0.8682709,15.031708

98850146126058,0.73542786,-1.1562958,15.30069

98850156135823,1.0448761,-1.5704803,15.17215

98850165382650,1.0662994,-2.0084686,14.66037

98850176185872,0.89967346,-2.3131561,14.350922

98850186104085,0.76161194,-2.5345306,14.053375

98850196113851,0.7996979,-2.6940155,14.029572

98850206123616,0.8401642,-2.6940155,14.067657

98850215339925,0.7306671,-2.555954,13.872467

98850226082112,0.6235504,-2.2560272,13.7534485

98850236122396,0.48310852,-1.946579,13.693939

98850246101644,0.39027405,-1.587143,13.720123

98850256111409,0.4021759,-1.2872162,13.57016

98850265358236,0.40455627,-1.0896454,13.056

98850276069905,0.39027405,-1.1086884,12.627533

98850286110189,0.3783722,-1.234848,12.301422

98850296089437,0.29029846,-1.4514618,11.972931

98850306099202,0.15699768,-1.5895233,11.761078

98850315346029,0.099868774,-1.6395111,11.532562

98850310585286,0.53512573,-1.7187805,13.647995

98850326088216,0.10939026,-1.5585785,11.444489

98850336067464,0.18556213,-1.4419403,11.461151

98850346077230,0.30220032,-1.3086395,11.404022

98850356086995,0.43788147,-1.2324677,11.208832

98850365333821,0.49739075,-1.2253265,11.113617

98850376076009,0.5259552,-1.2705536,10.866058

98850386085775,0.46406555,-1.3514862,10.568512

98850396065023,0.3521881,-1.4490814,10.349518

98850406074788,0.24269104,-1.587143,10.16861

98850415352132,0.15937805,-1.7037811,10.0971985

98850426094320,0.20222473,-1.8037567,10.201935

98850436073568,0.2046051,-1.8537445,10.175751

98850446052816,0.30934143,-1.9751434,10.192413

98850456062581,0.34980774,-2.0822601,10.197174

98850465461995,0.40931702,-2.158432,10.132904

98850476082112,0.3521881,-2.1655731,10.090057

98850486061361,0.3212433,-2.1036835,10.051971

98850496040609,0.31410217,-2.0227509,10.004364

98850506050374,0.3355255,-1.9775238,10.116241

98850515419271,0.31648254,-1.9799042,10.17099

98850510658529,0.31958008,-1.7125854,10.500793

98850526130941,0.3783722,-2.0798798,10.128143

98850536049154,0.3783722,-2.0989227,10.149567

98850546028402,0.33314514,-2.1441498,10.156708

98850556038167,0.2712555,-2.1465302,10.209076

98850565407064,0.2879181,-2.2822113,10.459015

98850576027181,0.30934143,-2.3393402,10.704193

98850586036946,0.39979553,-2.4297943,10.818451

98850596046712,0.3617096,-2.4369354,10.982697

98850606025960,0.2950592,-2.4654999,11.0660095

98850615394857,0.2950592,-2.4488373,11.489716

98850626045491,0.2379303,-2.4845428,11.808685

98850636024739,0.22840881,-2.5035858,12.1562195

98850646003987,0.17604065,-2.555954,12.513275

98850656013753,0.25935364,-2.5654755,12.870331

98850665382650,0.41645813,-2.5916595,13.50827

98850676033284,0.67829895,-2.5202484,14.310455

98850686012532,0.890152,-2.3393402,15.291168

98850695991780,1.1234283,-2.3560028,15.722015

98850706001546,1.3567047,-2.5464325,15.838654

98850715370443,1.4019318,-2.5892792,15.674408

98850710609700,0.50393677,-2.396225,12.292847

98850725990560,1.2472076,-2.2774506,15.579193

98850736000325,0.99964905,-1.8299408,15.845795

98850746010091,0.81159973,-1.2515106,15.995758

98850755989339,0.6330719,-0.85398865,16.26474

98850765388753,0.6473541,-1.1920013,16.112396

98850775795247,0.7306671,-1.7561493,16.186188

98850785774495,0.871109,-2.4416962,15.919586

98850795997884,0.806839,-3.0748749,15.398285

98850805977132,0.659256,-3.3843231,15.031708

98850815346029,0.5426178,-3.6247406,14.848419

98850825966146,0.44502258,-3.6580658,14.358063

98850835945394,0.39027405,-3.165329,13.836761

98850845955159,0.38789368,-2.8535004,13.458282

98850855995443,0.24507141,-2.5702362,13.12027

98850865364339,0.14509583,-2.1465302,12.732269

98850875984456,-0.028671265,-1.8704071,12.446625

98850885963704,-0.10722351,-1.6252289,11.987213

98850895973470,-0.2071991,-1.4062347,10.787506

98850905952718,-0.44999695,-1.0515594,9.740143

98850915321614,-0.74754333,-0.77067566,8.966522

98850910560872,0.4011078,-2.1402283,13.930786

98850925972249,-1.1331635,-0.44456482,8.545197

98850935951497,-1.4521332,-0.063705444,8.014374

98850945961263,-1.5782928,0.06959534,7.1193542

98850955940511,-1.6473236,-0.03514099,6.3124084

98850965339925,-1.6592255,-0.19700623,5.2412415

98850975960042,-1.778244,-0.1493988,4.058197

98850985969808,-2.0567474,0.17433167,3.3131409

98850996162679,-2.3899994,0.8384552,2.9632263

98851005897786,-2.6423187,1.5287628,3.0084534

98851015327718,-2.611374,1.9358063,2.7204285

98851025917318,-2.5494843,2.2452545,2.222931

98851035927083,-2.4233246,2.4690094,1.4159851

98851045936849,-2.4376068,2.5023346,0.2305603

98851055916097,-2.4923553,2.5999298,-0.9120178

98851065315511,-2.7161102,3.0283966,-1.7237244

98851075935628,-2.8827362,3.6901398,-2.2616882

98851085914876,-2.9731903,4.658951,-2.4759216

98851095924642,-2.996994,5.5563507,-2.452118

98851105903890,-3.1041107,6.44899,-2.5497131

98851115303304,-3.125534,7.405899,-2.8353577

98851110542562,-2.3325195,2.2131195,1.9977417

98851125923421,-3.2516937,8.131912,-3.0281677

98851135994222,-3.4207,8.386612,-2.9448547

98851145881917,-3.523056,8.479446,-3.2328796

98851155891683,-3.644455,8.784134,-3.7637024

98851165291097,-3.8444061,9.193558,-4.165985

98851175972249,-4.041977,9.512527,-4.165985

98851185890462,-4.170517,9.831497,-3.9803162

98851195900228,-4.101486,9.995743,-3.799408

98851205909993,-3.939621,10.0385895,-3.7494202

98851215278890,-3.811081,10.002884,-3.704193

98851226051595,-3.8991547,9.924332,-3.49234

98851235908773,-4.0324554,9.648209,-3.2947693

98851245888021,-4.177658,8.988846,-2.9615173

98851255897786,-4.2776337,8.319962,-2.7615662

98851265266683,-4.2823944,7.508255,-2.5330505

98851275642659,-4.1562347,6.660843,-2.2164612

98851285866048,-3.9562836,6.032425,-1.8284607

98851295875814,-3.8420258,5.404007,-1.3166809

98851305855062,-3.8610687,4.789871,-0.71920776

98851315895345,-4.118149,4.3542633,-0.088409424

98851311134603,-3.9176025,8.199402,-2.8873749

98851326027181,-4.579941,3.909134,0.5447693

98851335853841,-5.0726776,3.5401764,1.3421936

98851345863607,-5.3940277,3.3378448,2.0396423

98851355842855,-5.401169,2.8736725,2.8275452

98851365883138,-5.0702972,2.2452545,3.2583923

98851375129964,-4.6561127,1.8691559,3.1703186

98851385933187,-4.472824,1.6406403,2.8989563

98851395881917,-4.5966034,1.4763947,2.6990051

98851405861165,-4.89653,1.395462,3.032257

98851415870931,-5.2321625,1.2716827,3.8891907

98851425117757,-5.1797943,0.65992737,4.936554

98851435951497,-4.779892,-0.23509216,5.8006287

98851445839193,-4.1110077,-1.2872162,6.8051453

98851455848958,-3.220749,-2.4869232,7.4978333

98851465858724,-2.4185638,-3.4319305,7.328827

98851475075032,-2.1638641,-3.6414032,6.6670837

98851485908773,-2.175766,-3.6937714,6.3504944

98851495826986,-2.3090668,-3.543808,7.8072815

98851505836751,-2.092453,-3.6033173,11.299286

98851515846517,-1.3402557,-4.1389008,13.12265

98851511085775,-3.958191,-0.09214783,5.165909

98851525093343,-0.47380066,-4.7411346,13.408295

98851535835530,0.1641388,-5.519516,13.115509

98851545845296,0.37599182,-5.795639,12.313324

98851555855062,0.11653137,-5.2981415,11.780121

98851565773275,-0.37382507,-4.19841,12.139557

98851575111654,-0.6451874,-3.1082,13.317841

98851585914876,-0.7165985,-2.196518,14.584198

98851595833089,-0.43095398,-1.7133026,15.448273

98851605842855,0.011795044,-1.6014252,15.348297

98851615761068,0.49977112,-1.7275848,14.679413

98851625068929,0.8163605,-2.0989227,14.481842

98851635902669,0.8568268,-2.351242,14.298553

98851645851400,0.6759186,-2.9106293,13.851044

98851655830648,0.32600403,-3.5366669,13.560638

98851665748861,0.14033508,-3.9770355,13.346405

98851675087239,0.059402466,-4.031784,12.884613

98851685890462,0.078445435,-3.7651825,12.558502

98851695808675,0.1474762,-3.2391205,12.437103

98851705818441,0.25221252,-2.7059174,12.537079

98851715797689,0.32362366,-2.1274872,12.86795

98851711036946,0.11022949,-3.332199,13.447922

98851725075032,0.32362366,-1.6799774,13.286896

98851735908773,0.34266663,-1.5800018,13.141693

98851745857503,0.26887512,-1.8061371,12.851288

98851755806234,0.19270325,-2.056076,12.2847595

98851765815999,0.15699768,-2.2179413,11.851532

98851775062825,0.1879425,-2.2941132,11.487335

98851785560872,0.07606506,-2.2203217,11.235016

98851795814779,0.09510803,-2.067978,10.930328

98851805794027,0.114151,-1.9322968,10.761322

98851815773275,0.07606506,-1.8965912,10.675629

98851825172689,0.014175415,-1.9822845,10.442352

98851835853841,0.061782837,-2.1346283,10.387604

98851845894124,0.10700989,-2.248886,10.213837

98851855934407,0.16889954,-2.3655243,10.187653

98851865944173,0.31410217,-2.3679047,9.98056

98851875160482,0.33790588,-2.2941132,9.897247

98851885933187,0.32600403,-2.1441498,9.956757

98851895912435,0.3283844,-2.0275116,10.011505

98851905922200,0.2712555,-1.9894257,10.090057

98851915931966,0.18556213,-2.0346527,10.23526

98851911171224,0.19746399,-2.0670319,10.995438

98851925117757,0.15461731,-2.1179657,10.306671

98851935920980,0.23078918,-2.2274628,10.270966

98851945930745,0.26649475,-2.2441254,10.197174

98851955879476,0.32600403,-2.222702,10.154327

98851965919759,0.33314514,-2.177475,10.068634

98851975136068,0.2783966,-2.0727386,10.0971985

98851985878255,0.23316956,-2.067978,9.9758

98851995765950,0.2212677,-2.056076,10.251923

98852005897786,0.1879425,-2.1489105,10.389984

98852015877034,0.2046051,-2.1988983,10.549469

98852025093343,0.25697327,-2.3083954,10.608978

98852035743978,0.4426422,-2.4036102,10.649445

98852045723226,0.43312073,-2.3869476,10.794647

98852055702474,0.47834778,-2.2964935,10.849396

98852065742757,0.43074036,-2.234604,10.954132

98852075111654,0.50691223,-2.2774506,11.192169

98852085731771,0.5092926,-2.3869476,11.496857

98852095741536,0.53071594,-2.5535736,11.870575

98852105690267,0.5926056,-2.646408,12.210968

98852115730550,0.5830841,-2.7440033,12.565643

98852110969808,0.3600464,-2.2886353,10.772751

98852125099446,0.67115784,-2.8415985,12.6822815

98852135719564,0.71876526,-2.8392181,13.020294

98852145698812,0.787796,-2.7916107,13.396393

98852155708577,0.7735138,-2.8035126,13.496368

98852165687825,0.7639923,-2.8368378,13.577301

98852175087239,0.723526,-2.8796844,13.920074

98852185707357,0.70210266,-2.998703,14.167633

98852195686605,0.6259308,-3.2057953,14.78653

98852205696370,0.62831116,-3.358139,15.372101

98852215706136,0.8734894,-3.4247894,15.650604

98852225044515,1.037735,-3.415268,15.426849

98852235695150,1.1043854,-3.331955,15.234039

98852245704915,1.0258331,-3.1605682,14.879364

98852255684163,0.9044342,-2.998703,14.91507

98852265693929,0.7306671,-2.9677582,15.095978

98852275062825,0.4688263,-3.0867767,14.846039

98852285682943,0.13319397,-3.3367157,14.798431

98852295692708,-0.071517944,-3.6104584,14.800812

98852305671956,-0.13578796,-3.691391,14.431854

98852315681722,-0.057235718,-3.7270966,14.024811

98852310920980,0.6204529,-3.165329,14.426147

98852325050618,0.15937805,-3.7675629,13.972443

98852335701253,0.3783722,-3.4366913,13.622528

98852345649984,0.52119446,-3.0486908,12.658478

98852355751302,0.31648254,-2.7559052,12.139557

98852365669515,-0.1572113,-2.3845673,11.501617

98852375038411,-0.6523285,-2.1370087,10.808929

98852385658529,-1.1212616,-1.9822845,10.10434

98852395637777,-1.4759369,-1.7942352,9.59256

98852405647542,-1.4949799,-1.8799286,9.052216

98852415657308,-1.4069061,-1.9561005,8.085785

98852425026204,-1.3521576,-1.9799042,7.150299

98852435646321,-1.2759857,-1.9322968,6.2933655

98852445625570,-1.2140961,-1.7228241,5.6958923

98852455635335,-1.1450653,-1.3348236,4.8294373

98852465614583,-1.1522064,-0.77305603,4.039154

98852475013997,-1.1855316,-0.13987732,3.1750793

98852485634114,-1.3950043,0.5813751,2.351471

98852495582845,-1.6616058,1.395462,1.9372864

98852505623128,-1.7520599,2.1286163,1.9444275

98852515632894,-1.7568207,2.7784576,1.5469055

98852510872152,-0.9411926,-1.3070984,7.5250854

98852525001790,-1.630661,3.159317,0.8494568

98852535621907,-1.5782928,3.3378448,-0.08364868

98852545631673,-1.5092621,3.4901886,-1.1214905

98852555610921,-1.8020477,3.9043732,-2.2164612

98852565590169,-2.220993,4.8303375,-3.0472107

98852574989583,-2.728012,6.13002,-3.5708923

98852585609700,-3.2159882,7.436844,-3.7398987

98852595619466,-3.7610931,8.481827,-3.5732727

98852605598714,-4.2562103,9.322098,-3.3590393

98852615577962,-4.503769,9.929092,-3.2519226

98852624977376,-4.3728485,10.262344,-3.3780823

98852635566976,-3.9919891,10.3647,-3.7684631

98852645607259,-3.7230072,10.36232,-4.2373962

98852655617025,-3.894394,10.162369,-4.5777893

98852665565755,-4.265732,9.950516,-4.9443665

98852674965169,-4.6346893,9.652969,-4.984833

98852685463216,-4.877487,9.20784,-4.7634583

98852695595052,-4.889389,8.743668,-4.401642

98852705574300,-4.746567,8.353287,-3.9588928

98852715553548,-4.503769,7.9795685,-3.5161438

98852710792806,-3.555313,7.7530823,-3.2822723

98852725593831,-4.222885,7.6010895,-3.0900574

98852734810140,-4.182419,7.3130646,-2.6116028

98852745643880,-4.268112,6.932205,-2.0831604

98852755562093,-4.4561615,6.4918365,-1.618988

98852765541341,-4.677536,6.0110016,-1.0453186

98852775947835,-4.8346405,5.5539703,-0.7263489

98852784797933,-4.89653,5.123123,-0.46450806

98852795418050,-4.9512787,4.6970367,-0.043182373

98852805275228,-4.9108124,4.2043,0.568573

98852815529134,-4.7703705,3.7710724,0.799469

98852825599935,-4.7656097,3.4497223,1.0232239

98852834785726,-4.946518,3.1426544,1.4945374

98852845588948,-5.1869354,2.9069977,2.3181458

98852855507161,-5.2964325,2.8332062,3.0298767

98852865516927,-5.2059784,2.492813,3.672577

98852875587728,-4.9060516,1.9976959,4.0415344

98852884773519,-4.606125,1.5882721,4.5604553

98852895607259,-4.2514496,1.0788727,5.072235

98852905525472,-4.011032,0.74324036,5.6720886

98852915535237,-3.882492,0.27192688,6.348114

98852910774495,-4.6614685,3.910202,1.3458862

98852925453450,-3.837265,-0.10179138,6.759918

98852934761312,-3.8229828,-0.4540863,6.7170715

98852945595052,-3.8015594,-0.9325409,6.481415

98852955513265,-3.7325287,-1.2705536,6.693268

98852965584066,-3.587326,-1.7537689,7.150299

98852975502279,-3.3135834,-2.3917084,8.0191345

98852984749105,-2.8208466,-3.1938934,9.185516

98852995582845,-2.1257782,-4.243637,10.463776

98853005501058,-1.4069061,-5.371933,11.142181

98853015510823,-0.9832001,-6.1384125,10.678009

98853025520589,-1.0522308,-6.352646,9.882965

98853034736898,-1.3759613,-6.071762,9.418793

98853045570638,-1.7806244,-5.2600555,9.578278

98853055488851,-2.0448456,-4.4459686,10.290009

98853065468099,-1.9972382,-3.8532562,11.739655

98853075477864,-1.4616547,-3.986557,13.263092

98853084724691,-0.82133484,-4.4769135,14.200958

98853095466878,-0.17149353,-5.0101166,14.381866

98853105446126,0.38789368,-5.4719086,14.450897

98853115455892,0.5854645,-5.7551727,13.89151

98853110695150,-1.9582062,-3.826828,10.219437

98853125465657,0.5235748,-5.6694794,13.272614

98853134712484,0.31648254,-5.205307,12.953644

98853145454671,0.080825806,-4.5292816,13.289276

98853155433919,-0.1334076,-3.7128143,14.079559

98853165443685,-0.06913757,-2.9891815,14.577057

98853175483968,-0.04295349,-2.3607635,14.962677

98853184822347,0.1474762,-1.9370575,14.924591

98853195534017,0.2879181,-1.8108978,14.681793

98853205452230,0.33314514,-1.8680267,14.058136

98853215431478,0.29743958,-1.9989471,13.348785

98853225410726,0.12605286,-2.1346283,12.591827

98853234810140,0.08796692,-2.267929,12.108612

98853245430257,-0.06437683,-2.248886,11.83963

98853255440023,-0.116744995,-2.2560272,11.6944275

98853265449788,-0.10484314,-1.9799042,11.575409

98853275429036,-0.0834198,-1.7442474,11.513519

98853284797933,-0.06437683,-1.4990692,11.513519

98853295448568,-0.031051636,-1.3586273,11.351654

98853305427816,-0.03819275,-1.3657684,11.311188

98853315407064,0.054641724,-1.4990692,10.999359

98853310646321,0.0753479,-2.5217896,12.832367

98853325416829,0.13557434,-1.6085663,10.704193

98853334785726,0.17604065,-1.7323456,10.292389

98853345436361,0.17604065,-1.7585297,10.056732

98853355415609,0.18318176,-1.7037811,9.942474

98853365394857,0.0974884,-1.7014008,9.997223

98853375404622,0.057022095,-1.6038055,10.066254

98853384804036,0.052261353,-1.5538177,10.113861

98853395393636,0.12843323,-1.587143,10.211456

98853405403402,0.20936584,-1.6204681,10.049591

98853415413167,0.29743958,-1.6061859,10.030548

98853425178792,0.23316956,-1.5847626,9.990082

98853434791829,0.24031067,-1.6061859,9.966278

98853445442464,0.15223694,-1.6038055,9.904388

98853455391195,0.10939026,-1.6157074,9.966278

98853465370443,0.114151,-1.6038055,9.992462

98853475380208,0.15223694,-1.7418671,10.323334

98853484749105,0.2046051,-1.6680756,10.36618

98853495399739,0.24269104,-1.7466278,10.487579

98853505378987,0.25935364,-1.9680023,10.754181

98853515388753,0.31648254,-2.1036835,10.904144

98853510628011,0.17687988,-1.6859283,10.205978

98853525368001,0.3117218,-2.1655731,11.254059

98853534736898,0.34266663,-2.2369843,11.634918

98853545357015,0.3688507,-2.2964935,12.061005

98853555366780,0.36408997,-2.2750702,12.41806

98853565346029,0.3617096,-2.4297943,13.020294

98853575416829,0.40931702,-2.4393158,13.589203

98853584755208,0.47120667,-2.446457,14.041473

98853595375325,0.58070374,-2.4845428,14.458038

98853605354573,0.6068878,-2.4750214,14.817474

98853615364339,0.5997467,-2.5345306,15.36496

98853625374105,0.6663971,-2.5607147,15.605377

98853634712484,0.7639923,-2.6297455,15.593475

98853645363118,0.890152,-2.7773285,15.874359

98853655342366,0.8949127,-2.9225311,15.900543

98853665321614,0.7735138,-3.0010834,15.936249

98853675361898,0.7544708,-2.9320526,16.095734

98853684730794,0.7068634,-2.8011322,16.0029

98853695350911,0.7092438,-2.6154633,15.795807

98853705330159,0.7163849,-2.5035858,15.555389

98853715309407,0.6164093,-2.4369354,14.903168

98853710548665,0.595459,-2.5482178,14.496124

98853725319173,0.42359924,-2.344101,14.177155

98853734718587,0.20698547,-2.370285,13.6987

98853745338704,-0.052474976,-2.2845917,13.534454

98853755317952,-0.2476654,-2.3131561,13.089325

98853765327718,-0.32621765,-2.4750214,12.67514

98853775245931,-0.40953064,-2.6749725,11.844391

98853784675862,-0.5523529,-2.7725677,11.0065

98853795082357,-0.8237152,-2.627365,10.561371

98853805305745,-1.002243,-2.306015,10.175751

98853815254476,-1.1093597,-2.0989227,10.018646

98853825294759,-1.1426849,-1.8204193,9.414032

98853834663655,-1.1307831,-1.6276093,8.766571

98853845283773,-1.2878876,-1.4514618,8.352386

98853855263021,-1.521164,-1.1729584,7.983429

98853865272786,-1.6592255,-1.0301361,7.4930725

98853875282552,-1.8282318,-0.8349457,7.007477

98853884651448,-1.8782196,-0.5302582,6.2362366

98853895302083,-1.8710785,-0.07322693,5.493561

98853905281331,-1.9424896,0.49806213,5.2864685

98853915291097,-1.8925018,1.183609,5.1888733

98853910530355,-1.0023651,-1.5563202,9.600174

98853925270345,-1.8972626,1.7453766,4.967499

98853934639241,-1.9401093,2.107193,4.2938538

98853945442464,-2.1352997,2.364273,3.4583435

98853955238607,-2.285263,2.5380402,2.6942444

98853965248372,-2.3114471,2.6761017,1.9491882

98853975258138,-2.3638153,2.8117828,1.2065125

98853984627034,-2.3209686,2.8974762,0.9042053

98853995338704,-2.259079,3.2116852,0.6614075

98854005287435,-2.0972137,3.5139923,0.0020446777

98854015266683,-1.9758148,4.018631,-0.73825073

98854025245931,-2.0210419,4.916031,-1.7118225

98854034645345,-2.1876678,5.9586334,-2.4997253

98854045021321,-2.535202,7.1654816,-2.985321

98854055214193,-3.0017548,8.105728,-2.97818

98854065254476,-3.401657,8.898392,-3.087677

98854075233724,-3.8491669,9.4673,-3.2828674

98854084602620,-4.1728973,9.691055,-3.2900085

98854094490316,-4.1919403,9.636307,-3.280487

98854105201986,-4.139572,9.431595,-3.4042664

98854115211751,-4.101486,9.33638,-3.587555

98854110451009,-2.75943,5.5245667,-0.53544617

98854125221517,-4.132431,9.255447,-3.5804138

98854135231282,-4.3038177,9.286392,-3.4256897

98854144478109,-4.5537567,9.393509,-3.2043152

98854155311849,-4.775131,9.481583,-3.0852966

98854165230062,-4.9369965,9.426834,-2.932953

98854175209310,-4.9822235,9.217361,-2.6139832

98854185280111,-4.9608,8.846024,-2.4116516

98854194465902,-4.8274994,8.343765,-2.2259827

98854205269124,-4.7132416,7.8391266,-1.9236755

98854215217855,-4.5656586,7.144058,-1.4785461

98854225197103,-4.415695,6.682266,-1.0238953

98854235206868,-4.2633514,6.2228546,-0.6025696

98854244453695,-4.165756,5.796768,-0.21932983

98854255287435,-4.144333,5.4539948,-0.069366455

98854265205648,-4.413315,5.1969147,0.10202026

98854275184896,-4.813217,4.8827057,0.47335815

98854285194661,-5.272629,4.556595,0.66378784

98854294441487,-5.627304,4.2209625,0.7756653

98854305275228,-5.755844,3.7139435,1.0065613

98854315193441,-5.6749115,3.3568878,1.492157

98854310432698,-4.7648926,6.9158936,-1.2142029

98854325172689,-5.3345184,2.7594147,2.2729187

98854335182454,-4.979843,2.1786041,2.7799377

98854344429280,-4.6537323,1.6953888,3.1441345

98854355263021,-4.5204315,1.3264313,3.5440369

98854365181234,-4.646591,1.2716827,4.1319885

98854375190999,-4.775131,1.1788483,4.7223206

98854385170247,-4.741806,0.9360504,5.3174133

98854394417073,-4.4490204,0.40522766,5.9220276

98854405250814,-3.8920135,-0.35173035,6.374298

98854415169027,-3.2159882,-1.1205902,6.6385193

98854425148275,-2.6089935,-1.8775482,6.571869

98854435158040,-2.1091156,-2.5916595,6.8717957

98854444404866,-1.8734589,-2.9106293,8.05484

98854455147054,-1.668747,-3.2272186,9.166473

98854465156820,-1.5949554,-3.3414764,9.33786

98854475136068,-1.7568207,-3.4723969,9.649689

98854485145833,-1.8282318,-3.562851,10.147186

98854494392659,-1.6758881,-3.9175262,10.444733

98854505134847,-1.3212128,-4.353134,11.175507

98854515144612,-0.72135925,-4.876816,12.306183

98854510383870,-3.118393,-1.1925964,6.9286804

98854525154378,0.0236969,-5.2291107,13.108368

98854535133626,0.5902252,-5.5599823,13.870087

98854544380452,0.94966125,-5.859909,14.438995

98854555214193,0.96632385,-5.8242035,14.315216

98854565101888,0.74256897,-5.4123993,14.217621

98854575111654,0.4593048,-4.8482513,14.393768

98854585121419,0.24269104,-4.281723,14.97934

98854594490316,0.2379303,-3.7985077,15.62442

98854605110433,0.41407776,-3.320053,16.045746

98854615120198,0.77589417,-3.1367645,15.988617

98854625099446,0.9377594,-3.2581635,15.536346

98854635109212,0.8615875,-3.581894,14.907928

98854644508626,0.5592804,-3.800888,14.203339

98854655098226,0.1879425,-3.9389496,13.641571

98854665077474,-0.08818054,-3.8246918,13.065521

98854675117757,-0.32621765,-3.5009613,12.708466

98854685097005,-0.40953064,-3.04393,12.498993

98854694496419,-0.3809662,-2.5083466,12.28952

98854705116536,-0.2976532,-2.1370087,12.191925

98854715065267,-0.17149353,-1.9203949,12.051483

98854710304525,0.31375122,-3.9393005,14.00386

98854725105550,-0.073898315,-1.8585052,11.734894

98854735084798,-0.04295349,-2.0275116,11.4635315

98854744484212,-1.0681152E-4,-2.1798553,11.077911

98854755104329,-0.0048675537,-2.260788,10.816071

98854765083577,-0.035812378,-2.151291,10.635162

98854775123861,-0.07865906,-2.0203705,10.542328

98854784889486,-0.12150574,-1.7918549,10.513763

98854794533040,-0.18815613,-1.6180878,10.351898

98854804847982,-0.20957947,-1.5109711,10.304291

98854815132405,-0.2571869,-1.5990448,10.320953

98854825172689,-0.12864685,-1.6728363,10.154327

98854835151937,-0.06199646,-1.7704315,9.985321

98854844429280,0.08796692,-1.8156586,9.685394

98854855171468,0.11891174,-2.075119,9.590179

98854865150716,0.0974884,-2.1536713,9.544952

98854875068929,0.080825806,-2.1727142,9.59256

98854885200765,0.028457642,-2.1917572,9.59256

98854894417073,-0.023910522,-2.158432,9.763947

98854905220296,0.0236969,-2.2060394,9.894867

98854915199544,0.07130432,-2.139389,9.804413

98854910438802,-0.03593445,-1.9687195,10.268463

98854925178792,0.102249146,-2.158432,9.794891

98854935188558,0.14033508,-2.0989227,9.951996

98854944435384,0.123672485,-2.0251312,9.999603

98854955177571,0.121292114,-2.0251312,9.992462

98854965187337,0.06892395,-2.1274872,10.099579

98854975197103,0.0070343018,-2.241745,10.313812

98854985176351,-0.01676941,-2.2560272,10.349518

98854994423177,0.04512024,-2.396469,10.594696

98855005195882,0.13319397,-2.5392914,10.844635

98855015114095,0.2046051,-2.5488129,11.170746

98855025184896,0.1879425,-2.5654755,11.5159

98855035194661,0.20222473,-2.4559784,11.820587

98855044380452,0.14033508,-2.4297943,12.020538

98855055183675,0.011795044,-2.4059906,12.363312

98855065071370,-0.007247925,-2.2703094,12.832245

98855075020101,0.057022095,-2.3560028,13.077423

98855085029866,0.14509583,-2.3917084,13.398773

98855094429280,0.17366028,-2.5345306,13.789154

98855105018880,0.24983215,-2.6535492,14.096222

98855115028646,0.114151,-2.8558807,14.189056

98855110267904,0.11022949,-2.3668365,11.610764

98855125038411,-0.01676941,-2.9558563,14.231903

98855135017659,-0.10246277,-3.024887,14.369965

98855144417073,-0.01676941,-3.0463104,14.508026

98855155037191,0.25935364,-2.998703,14.586578

98855165016439,0.5402374,-2.824936,14.496124

98855175026204,0.7473297,-2.5726166,14.710358

98855185005452,0.9139557,-2.434555,14.881744

98855194374349,0.94252014,-2.279831,14.750824

98855205024984,0.8877716,-2.3083954,14.653229

98855215004232,0.8401642,-2.279831,14.686554

98855225013997,0.787796,-2.3536224,14.486603

98855234993245,0.6759186,-2.4131317,14.205719

98855244392659,0.56404114,-2.396469,13.905792

98855254982259,0.46168518,-2.4393158,13.684418

98855264992025,0.49739075,-2.408371,13.543976

98855274971273,0.511673,-2.382187,13.096466

98855284981038,0.5188141,-2.286972,12.582306

98855294380452,0.3355255,-2.0846405,12.058624

98855305000570,0.07368469,-1.8704071,11.51828

98855314979818,-0.13816833,-1.6180878,11.113617

98855310219075,0.46418762,-2.4489594,13.803558

98855324989583,-0.20957947,-1.549057,10.820831

98855334999349,-0.17149353,-1.3848114,10.335236

98855344337728,-0.08580017,-1.3205414,9.844879

98855355079915,-0.119125366,-1.3443451,9.625885

98855364998128,-0.22862244,-1.272934,8.852264

98855374977376,-0.4714203,-1.0634613,7.892975

98855384956624,-0.809433,-0.7516327,7.1074524

98855394325521,-0.97843933,-0.12083435,6.609955

98855404915120,-1.0665131,0.63612366,6.3647766

98855414955404,-0.9903412,1.2550201,6.0172424

98855424965169,-0.98558044,1.7334747,5.803009

98855434944417,-1.0569916,1.9738922,5.393585

98855444313314,-1.1022186,2.0833893,4.505707

98855455055501,-1.2259979,2.050064,3.6916199

98855464943196,-1.3069305,2.0334015,2.6990051

98855474922445,-1.3973846,2.2881012,1.5635681

98855484932210,-1.5687714,2.7570343,0.8708801

98855494301107,-1.7472992,3.3069,0.5995178

98855504188802,-1.8496552,3.8234406,0.37338257

98855514992025,-2.156723,4.366165,-0.11935425

98855510231282,-0.9764099,0.9749756,5.442627

98855524910237,-2.580429,4.889847,-0.68588257

98855534889486,-2.951767,5.468277,-1.2000427

98855544929769,-3.2302704,5.9967194,-1.6427917

98855554191061,-3.2612152,6.4989777,-2.164093

98855564902731,-3.2754974,7.1916656,-2.5497131

98855574943014,-3.2326508,7.6344147,-2.9043884

98855584922262,-3.35643,8.177139,-3.1995544

98855594932028,-3.7063446,8.748428,-3.6280212

98855604178854,-4.163376,9.14357,-3.6803894

98855614890524,-4.57518,9.483963,-3.542328

98855624930807,-4.875107,9.757706,-3.2852478

98855634940573,-4.7584686,9.755325,-2.985321

98855644919821,-4.499008,9.495865,-3.0995789

98855654166647,-4.2966766,9.226883,-3.3328552

98855664908834,-4.208603,9.065018,-3.3852234

98855674918600,-4.5251923,8.960281,-3.4352112

98855684928366,-4.927475,8.941238,-3.2471619

98855694938131,-5.1797943,8.75795,-3.0067444

98855704154440,-5.1559906,8.424698,-2.6592102

98855714896627,-4.89415,8.05574,-2.4449768

98855710135885,-4.0826874,8.183685,-2.8039398

98855724906393,-4.644211,7.705826,-2.0569763

98855734885641,-4.491867,7.277359,-1.4404602

98855744895407,-4.5204315,6.801285,-0.7810974

98855754142233,-4.6037445,6.3061676,-0.502594

98855764945455,-4.7013397,5.7920074,-0.21932983

98855774894186,-4.708481,5.185013,0.05441284

98855784873434,-4.6561127,4.537552,0.40908813

98855794730612,-4.5894623,4.101944,0.5281067

98855804130026,-4.582321,3.8353424,0.6090393

98855814933248,-4.5918427,3.5092316,1.0375061

98855824820944,-4.7251434,3.409256,1.6278381

98855834830709,-4.817978,3.197403,2.415741

98855844840475,-4.844162,2.6641998,2.8561096

98855854117819,-4.8227386,2.069107,3.3298035

98855864860006,-4.587082,1.4002228,4.0939026

98855874869772,-4.184799,0.79322815,4.6889954

98855884849020,-3.913437,0.26478577,4.8508606

98855894858786,-3.6968231,-0.25413513,5.200775

98855904105612,-3.7039642,-0.72306824,5.4840393

98855914847799,-3.7134857,-1.0301361,6.136261

98855910087057,-4.4549713,3.3421326,1.9161072

98855924827047,-3.6396942,-1.4824066,7.0289

98855934836813,-3.3778534,-1.9941864,7.9881897

98855944816061,-2.8065643,-2.6107025,8.599945

98855954184957,-2.3019257,-3.1082,9.164093

98855964835592,-2.1019745,-3.7151947,9.840118

98855974814840,-2.1591034,-4.3602753,10.285248

98855984824606,-2.4209442,-4.562607,10.808929

98855994834371,-2.444748,-4.493576,11.313568

98856004172750,-2.0757904,-4.395981,11.623016

98856014884420,-1.4592743,-4.8434906,12.35141

98856024833151,-0.54997253,-5.2862396,13.232147

98856034812399,0.21888733,-5.5433197,14.412811

98856044822164,0.8734894,-5.73851,15.188812

98856054191061,1.1567535,-5.9194183,15.091217

98856064811178,1.1067657,-5.9575043,15.312592

98856074790426,0.8734894,-5.7289886,15.588715

98856084800192,0.7068634,-5.1815033,15.712494

98856094779440,0.63783264,-4.462631,15.36734

98856104148336,0.6997223,-3.665207,15.04361

98856114798971,0.68782043,-2.9582367,14.762726

98856110038229,-0.918808,-4.300415,12.435791

98856124778219,0.83540344,-2.5392914,14.703217

98856134787985,0.75923157,-2.415512,14.610382

98856144767233,0.60450745,-2.4607391,13.9534

98856154166647,0.4116974,-2.6940155,13.205963

98856164786764,0.23554993,-2.972519,12.591827

98856174766012,0.13795471,-3.1058197,12.199066

98856184745260,0.17842102,-3.0605927,11.913422

98856194755026,0.41407776,-2.972519,11.787262

98856204154440,0.5521393,-2.6868744,11.396881

98856214744039,0.6973419,-2.3774261,11.06839

98856224723287,0.6806793,-2.0465546,11.025543

98856234763571,0.41407776,-1.8108978,10.925568

98856244742819,0.20936584,-1.6061859,10.930328

98856254142233,0.08796692,-1.4609833,10.923187

98856264762350,0.07130432,-1.4586029,10.851776

98856274711080,0.24031067,-1.4943085,10.692291

98856284751364,0.48310852,-1.587143,10.485199

98856294730612,0.6235504,-1.6442719,10.306671

98856304099508,0.69496155,-1.6871185,10.113861

98856314719625,0.6663971,-1.7061615,9.990082

98856309958883,0.4499054,-2.1893768,11.683716

98856324729391,0.51405334,-1.2586517,9.599701

98856334708639,0.3783722,-0.6754608,10.225739

98856344687887,0.50691223,-1.2039032,10.292389

98856354117819,0.37123108,-1.2753143,10.028168

98856364707418,0.26649475,-1.7537689,9.818695

98856374717184,0.2212677,-1.7680511,9.449738

98856384726950,0.28077698,-1.6014252,9.542572

98856394675680,0.24983215,-1.2943573,9.697296

98856404075094,0.22840881,-0.9730072,9.935333

98856414725729,0.19508362,-0.7992401,10.175751

98856424704977,0.20698547,-0.6945038,10.209076

98856434684225,0.1879425,-0.68022156,10.182892

98856444663473,0.19984436,-0.7492523,10.149567

98856454062887,0.14509583,-0.72068787,10.151947

98856464683004,0.1641388,-0.7682953,10.154327

98856474692770,0.14509583,-0.7659149,10.130524

98856484672018,0.14985657,-0.856369,10.0781555

98856494651266,0.17604065,-1.0896454,10.032928

98856504050680,0.24507141,-1.1324921,9.942474

98856514670797,0.24507141,-1.1943817,10.025787

98856509910055,0.25387573,-1.0627441,9.99115

98856524680563,0.21650696,-1.2895966,9.963898

98856534659811,0.09510803,-1.2586517,9.98056

98856544639059,0.04750061,-1.1491547,9.873444

98856554038473,-0.01676941,-1.0087128,9.959137

98856564658590,-0.073898315,-0.8849335,10.073395

98856574637838,-0.09770203,-0.7587738,10.047211

98856584647604,-0.095321655,-0.79447937,10.001984

98856594657370,-0.014389038,-0.8825531,9.918671

98856604026266,0.078445435,-0.9325409,9.813934

98856614646383,0.1474762,-1.0134735,9.804413

98856624717184,0.15937805,-1.1467743,9.780609

98856634635397,0.19032288,-1.1967621,9.811554

98856644645162,0.23554993,-1.3205414,9.72348

98856654014059,0.31648254,-1.4347992,9.709198

98856664634176,0.2879181,-1.5347748,9.744904

98856674613424,0.19746399,-1.5276337,9.813934

98856684623190,0.15699768,-1.3919525,9.740143

98856694602438,1.8922882,4.094803,12.027679

98856704001852,-0.3643036,-2.5678558,9.106964

98856714408346,-0.77848816,-2.4297943,8.509491

98856709647604,0.12902832,-1.0214539,9.870224

98856724631735,-0.7856293,-2.382187,9.20932

98856734580465,-0.21434021,-1.991806,9.152191

98856744590231,1.1829376,-1.3871918,9.744904

98856753989645,1.5971222,-0.8182831,10.316193

98856764487692,1.1448517,-0.63023376,10.49472

98856774589010,0.35694885,-0.7897186,10.2447815

98856784537741,-0.16435242,-1.0301361,10.111481

98856794578024,-0.21672058,-1.3633881,9.921051

98856804648825,0.09510803,-1.484787,9.902008

98856814628073,0.41407776,-1.3990936,9.921051

98856824576803,0.575943,-1.3110199,9.954376

98856834647604,0.5497589,-1.2705536,10.037689

98856844687887,0.37361145,-1.2610321,9.91153

98856854667135,0.16889954,-1.2562714,9.861542

98856863822409,0.1474762,-1.3348236,9.816315

98856874778219,0.19032288,-1.2824554,9.7829895

98856884696432,0.24269104,-1.2229462,9.816315

98856894706198,0.29267883,-1.1610565,9.840118

98856904624411,0.2950592,-1.1110687,9.885345

98856913810202,0.21888733,-1.1729584,9.97818

98856909049459,0.3232727,-1.2830505,9.895111

98856924704977,0.17604065,-1.2300873,10.021027

98856934684225,0.15223694,-1.2824554,10.068634

98856944693991,0.14509583,-1.3586273,10.035309

98856954642721,0.1879425,-1.2943573,10.023407

98856963797995,0.2212677,-1.1920013,10.04007

98856974753805,0.28553772,-1.125351,10.04245

98856984580465,0.28553772,-1.0491791,9.982941

98856994681784,0.29267883,-0.98490906,9.9496155

98857004508444,0.22364807,-0.87065125,10.006744

98857013785787,0.061782837,-0.7992401,10.10672

98857024772116,0.0236969,-0.8587494,9.897247

98857034690328,0.02607727,-0.8730316,9.923431

98857044578024,0.08558655,-0.92778015,9.694916

98857054496237,0.17604065,-0.79685974,9.744904

98857063773580,0.18080139,-0.7778168,9.72348

98857074637838,0.20936584,-0.7897186,9.65921

98857084525534,0.20698547,-0.83732605,9.578278

98857094504782,0.19746399,-0.9158783,9.514008

98857104453512,0.121292114,-0.8420868,9.59256

98857113761373,0.123672485,-0.7897186,9.754425

98857109000631,0.16914368,-0.97979736,9.867966

98857124564596,0.07130432,-0.6421356,9.771088

98857134513327,0.14033508,-0.6349945,9.59494

98857144492575,0.2545929,-0.6826019,9.65921

98857154532858,0.30220032,-0.72068787,9.771088

98857163749166,0.29029846,-0.63261414,9.8472595

98857174552389,0.25221252,-0.56596375,9.840118

98857184470602,0.2046051,-0.38981628,9.8472595

98857194480368,0.261734,-0.38981628,9.9496155

98857204459616,0.2783966,-0.40647888,9.97818

98857213736959,0.26649475,-0.44456482,9.937714

98857224448629,0.31410217,-0.42314148,9.963898

98857234519430,0.30934143,-0.42552185,9.91391

98857244468161,0.28315735,-0.33268738,10.006744

98857254477926,0.24031067,-0.30412292,9.994843

98857263724752,0.29267883,-0.35887146,9.966278

98857274436422,0.2783966,-0.34934998,9.809174

98857284446188,0.27601624,-0.3231659,9.91629

98857294455953,0.22602844,-0.27555847,9.971039

98857304435202,0.30220032,-0.35887146,9.994843

98857313834616,0.39979553,-0.4469452,9.940094

98857309073873,0.26220703,-0.45539856,9.883682

98857324454733,0.40931702,-0.44932556,9.906769

98857334433981,0.38075256,-0.39457703,9.882965

98857344413229,0.34980774,-0.30174255,9.982941

98857354422995,0.35932922,-0.2731781,9.906769

98857363822409,0.37599182,-0.32078552,9.878204

98857374442526,0.34742737,-0.39933777,9.84964

98857384421774,0.31410217,-0.33506775,9.813934

98857394401022,0.19270325,-0.31602478,9.828217

98857404410787,0.15699768,-0.2803192,9.749664

98857413810202,0.13795471,-0.3469696,9.752045

98857424430319,0.21174622,-0.3636322,9.809174

98857434409567,0.28077698,-0.2803192,9.825836

98857444388815,0.2545929,-0.23271179,9.823456

98857454398580,0.24745178,-0.23271179,9.797272

98857463797995,0.17842102,-0.15415955,9.752045

98857474387594,0.09272766,-0.087509155,9.921051

98857484397360,0.08796692,-0.10417175,9.9305725

98857494376608,0.13795471,-0.18034363,9.844879

98857504386373,0.24031067,-0.20414734,9.771088

98857513785787,0.3045807,-0.27793884,9.78537

98857509025045,0.25305176,-0.27674866,9.840591

98857524405905,0.27601624,-0.22319031,9.842499

98857534354635,0.21888733,-0.23033142,9.773468

98857544394918,0.12843323,-0.14463806,9.733002

98857554374166,0.06892395,-0.22080994,9.802032

98857563743063,0.121292114,-0.22080994,9.837738

98857574393698,0.13319397,-0.18510437,9.937714

98857584372946,0.11653137,-0.21842957,9.935333

98857594352194,0.15223694,-0.25413513,9.899628

98857604361959,0.17604065,-0.24699402,9.821075

98857613761373,0.23316956,-0.2565155,9.882965

98857624350973,0.16889954,-0.24223328,9.878204

98857634360739,0.20222473,-0.20414734,9.816315

98857644370504,0.16651917,-0.20414734,9.923431

98857654349752,0.21412659,-0.19700623,9.875824

98857663718649,0.24745178,-0.23033142,9.861542

98857674369284,0.20698547,-0.30412292,9.778229

98857684348532,0.18318176,-0.3469696,9.823456

98857694358297,0.17604065,-0.31602478,9.821075

98857704337545,0.11891174,-0.28269958,9.7829895

98857713706442,0.16889954,-0.28507996,9.840118

98857708945700,0.17390442,-0.24069214,9.843338

98857724357077,0.22364807,-0.33744812,9.880585

98857734336325,0.24507141,-0.27793884,9.923431

98857744315573,0.26411438,-0.23747253,9.954376

98857754325338,0.30934143,-0.20890808,9.963898

98857763724752,0.26887512,-0.2803192,9.951996

98857774314352,0.28315735,-0.24461365,9.942474

98857784354635,0.27363586,-0.24223328,10.004364

98857794150778,0.28553772,-0.22557068,9.98056

98857804191061,0.15461731,-0.20890808,9.818695

98857813712545,0.22840881,-0.21366882,9.837738

98857824363180,0.19032288,-0.2160492,9.825836

98857834281393,0.24745178,-0.18748474,9.918671

98857844382711,0.28077698,-0.23747253,9.828217

98857854300924,0.3117218,-0.20652771,9.859161

98857863700338,0.2879181,-0.1993866,9.882965

98857874320455,0.28315735,-0.14701843,9.885345

98857884299703,0.29981995,-0.13987732,9.882965

98857894278952,0.25935364,-0.05418396,9.830597

98857904288717,0.27363586,-0.09941101,9.921051

98857913688131,0.25935364,-0.11845398,9.935333

98857908927389,0.26148987,-0.20414734,9.901413

98857924277731,0.31886292,-0.14225769,9.959137

98857934287496,0.34980774,-0.16368103,9.918671

98857944297262,0.30220032,-0.14463806,9.875824

98857954245993,0.28315735,-0.1255951,9.887726

98857963675924,0.33790588,-0.11607361,9.971039

98857974296041,0.345047,-0.042282104,9.966278

98857984275289,0.3688507,-0.020858765,9.982941

98857994254537,0.3355255,0.0053253174,10.016266

98858004264303,0.23554993,-0.07084656,9.871063

98858013633200,0.30696106,-0.066085815,9.942474

98858024283834,0.34028625,-0.10417175,9.918671

98858034263082,0.34980774,-0.12321472,9.91391

98858044242330,0.37361145,-0.13511658,9.885345

98858054221578,0.2950592,-0.1493988,9.942474

98858063620993,0.24745178,-0.1493988,9.890106

98858074210592,0.21888733,-0.09465027,9.856781

98858084189840,0.19032288,-0.10417175,9.744904

98858094230123,0.24745178,-0.10417175,9.894867

98858104178854,0.24507141,-0.05418396,9.84964

98858113608786,0.24507141,-0.08036804,9.91629

98858108848043,0.29684448,-0.09928894,9.910217

98858124167868,0.2545929,-0.12321472,9.837738

98858134177633,0.80207825,2.4761505,10.678009

98858144187399,0.36647034,-0.81352234,9.575897

98858153983541,0.102249146,-1.1039276,9.330719

98858164267965,-0.035812378,-0.1327362,9.478302

98858174308248,-0.0834198,-0.63023376,9.649689

98858184256979,-0.045333862,-0.4707489,9.7187195

98858194175192,0.14985657,-0.07322693,9.940094

98858204215475,0.4021759,-0.52311707,9.804413

98858214255758,0.5854645,-0.049423218,9.985321

