98791669371553,-0.53092957,-0.01133728,10.006744

98791688658663,-0.20005798,-0.087509155,10.018646

98791698851534,-0.12150574,-0.087509155,9.994843

98791711821505,-0.08103943,-0.1255951,10.04245

98791718657442,-0.1334076,-0.1255951,10.035309

98791727446505,-0.23576355,-0.14701843,9.994843

98791738615938,-0.16911316,-0.15892029,9.921051

98791759306856,-0.13102722,-0.182724,9.971039

98791766509005,-0.095321655,-0.2565155,10.061493

98791778655001,-0.12388611,-0.20652771,10.037689

98791788634249,-0.22624207,-0.23747253,9.987701

98791798766085,-0.20957947,-0.15177917,10.075775

98791809203096,-0.15959167,-0.15892029,10.10434

98791819395967,-0.0024871826,-0.16844177,10.016266

98791829405733,0.0046539307,-0.23747253,9.990082

98791839415499,-0.012008667,-0.20890808,9.863922

98791848784395,-0.12150574,-0.1993866,9.832977

98791859404512,-0.20957947,-0.24699402,9.971039

98791869383760,-0.26908875,-0.26365662,9.966278

98791879393526,-0.23576355,-0.30888367,9.997223

98791889403292,-0.16197205,-0.2565155,10.182892

98791898772188,-0.10722351,-0.28507996,10.230499

98791909178682,-0.071517944,-0.22795105,10.163849

98791919371553,-0.033432007,-0.24699402,10.159088

98791929381319,-0.0834198,-0.26365662,10.025787

98791924620577,-0.13269043,-0.22068787,10.027695

98791939360567,-0.11198425,-0.2969818,10.111481

98791948790499,-0.10722351,-0.31602478,10.099579

98791994536348,-0.23234558,-0.38824463,10.615738

98792004607149,-0.19924927,-0.4633484,10.760864

98792014677950,-0.12687683,-0.46266174,11.0707855

98792024748751,-0.0184021,-0.39233398,11.532089

98792034819551,0.06590271,-0.3167572,12.018753

98792044890352,0.12826538,-0.23640442,12.528442

98792054961153,0.09628296,-0.17549133,13.024155

98792065031954,-0.016281128,-0.13119507,13.507919

98792075102755,-0.06941223,-0.20722961,14.018555

98792085173555,-0.07420349,-0.38111877,14.551041

98792095244356,0.013870239,-0.4621582,15.096268

98792105315157,0.17298889,-0.47218323,15.651276

98792115385958,0.21838379,-0.56941223,15.969101

98792125456758,0.2069397,-0.71025085,16.16835

98792135527559,0.13644409,-1.0080414,16.139435

98792145598360,0.02458191,-1.4158325,15.950577

98792155669161,0.019729614,-1.6875153,15.809235

98792165739962,0.08358765,-1.8718567,15.698395

98792160429903,0.013458252,-0.67427063,13.803192

98792175810762,0.15957642,-1.8784943,15.682129

98792185881563,0.24256897,-1.7822571,15.720627

98792195952364,0.08140564,-1.7490082,15.742065

98792206023165,-0.20866394,-1.7490082,15.754517

98792216093965,-0.4723816,-1.8894806,15.390793

98792226164766,-0.7269592,-2.0787048,14.896561

98792236235567,-0.85284424,-2.2962189,14.26683

98792246306368,-0.91438293,-2.527893,13.569397

98792256377169,-0.914917,-2.5447083,13.11377

98792266447969,-0.88853455,-2.4667664,12.7647705

98792276518770,-0.8315277,-2.4134674,12.26442

98792286589571,-0.76197815,-2.3703003,11.701965

98792296660372,-0.8581848,-2.0753021,11.074432

98792306731172,-1.0175323,-1.6844025,10.422104

98792316801973,-1.2507477,-1.1978607,9.911728

98792326872774,-1.5010529,-0.6891632,9.434174

98792336943575,-1.655716,-0.24746704,8.934692

98792347014376,-1.7782288,0.17172241,8.427826

98792357085176,-1.5984192,0.23190308,7.565033

98792367155977,-1.3265991,0.1828003,6.5938873

98792360381075,-0.9065552,-1.4771729,11.809158

98792377226778,-1.0064392,0.123306274,5.5578003

98792387297579,-0.67251587,0.06085205,4.5032196

98792397368380,-0.73469543,0.38052368,3.4398499

98792407439180,-0.8977814,0.79756165,2.3742218

98792417509981,-1.189682,1.2522278,1.5859985

98792427580782,-1.4983673,1.711792,0.83387756

98792437651583,-1.5959015,2.2300568,0.5738983

98792447722383,-1.6464996,2.7613678,0.42330933

98792457793184,-1.5537567,3.262085,-0.06071472

98792467863985,-1.4341888,3.75708,-0.6071167

98792477934786,-1.6186218,4.2216797,-1.4602661

98792488005587,-1.8560791,4.6809998,-2.3669128

98792498076387,-2.3991394,5.579483,-3.0283356

98792508147188,-2.9892273,6.545517,-3.6520233

98792518217989,-3.4063873,7.012848,-3.7487488

98792528288790,-3.8153076,7.456421,-3.8203735

98792538359590,-3.8586884,7.650589,-4.32724

98792548430391,-3.8586884,7.8151245,-4.885742

98792558501192,-3.8717957,7.8448944,-5.3706207

98792568571993,-3.8861694,7.8616486,-5.848404

98792560332247,-2.265503,4.3892517,-1.3866577

98792578642794,-4.1960297,8.230347,-6.005234

98792588713594,-4.530121,8.627899,-6.1357574

98792598784395,-4.8773804,8.980362,-5.980484

98792608855196,-5.2192535,9.323837,-5.804077

98792618925997,-5.152054,9.282135,-5.516754

98792628996797,-5.084854,9.2404175,-5.229431

98792639067598,-4.942383,8.87709,-4.867981

98792649138399,-4.796829,8.50058,-4.503479

98792659209200,-4.771805,8.132248,-4.1565704

98792669280001,-4.7490234,7.7640686,-3.8099823

98792679350801,-4.778839,7.234482,-3.2445831

98792689421602,-4.8079376,6.704315,-2.678299

98792699492403,-4.764099,6.1664124,-2.0930023

98792709563204,-4.720352,5.6288147,-1.5078583

98792719634005,-4.7082367,5.191208,-0.969635

98792729704805,-4.6993713,4.756897,-0.43295288

98792739775606,-4.7701263,4.4031067,0.06593323

98792749846407,-4.846634,4.051544,0.5601196

98792759917208,-5.022934,3.7385254,0.97268677

98792760283419,-4.8646393,6.810089,-2.8229828

98792769988008,-5.1791687,3.4230194,1.4011078

98792780058809,-5.067642,3.0740204,2.0415192

98792790129610,-4.932358,2.7210083,2.6696472

98792800200411,-4.5408325,2.324524,3.1652527

98792810271212,-4.1839905,1.9055328,3.6335907

98792820342012,-4.00441,1.3714294,3.9626312

98792830412813,-3.8567352,0.83465576,4.2868195

98792840483614,-3.969635,0.2761383,4.5714874

98792850554415,-4.0288544,-0.27087402,5.0042877

98792860625215,-3.7199097,-0.7390747,6.4532013

98792870696016,-3.3551025,-1.2051392,7.766464

98792880766817,-2.6452332,-1.657959,8.242111

98792890837618,-1.9922485,-2.1006317,8.694199

98792900908419,-1.6432648,-2.4891968,9.020386

98792910979219,-1.370697,-2.8315887,9.392593

98792921050020,-1.4642487,-2.952713,9.985031

98792931120821,-1.4935608,-3.025055,10.694489

98792941191622,-1.2452545,-2.8865814,11.9097595

98792951262422,-0.96076965,-2.780777,12.967178

98792961333223,-0.5259857,-2.8108063,13.368347

98792960265108,-2.6716003,-0.92207336,7.795624

98792971404024,-0.18925476,-2.8336945,13.668396

98792981474825,-0.21684265,-2.8301086,13.59285

98792991545626,-0.27767944,-2.7542725,13.625229

98793001616426,-0.4515686,-2.4328766,14.024582

98793011687227,-0.506958,-2.2201538,14.361084

98793021758028,-0.19203186,-2.3470764,14.50119

98793031828829,0.102249146,-2.510086,14.5513

98793041899630,0.33610535,-2.778717,14.33783

98793051970430,0.49269104,-2.967804,14.190323

98793062041231,0.44000244,-2.941452,14.221451

98793072112032,0.3889923,-2.8542633,14.269501

98793082182833,0.34220886,-2.6120148,14.3606415

98793092253633,0.33639526,-2.3897095,14.374863

98793102324434,0.42755127,-2.2146149,14.20697

98793112395235,0.45399475,-2.1023865,14.017853

98793122466036,0.33784485,-2.1287384,13.781952

98793132536837,0.19976807,-2.167572,13.5466

98793142607637,0.015991211,-2.2324219,13.312378

98793152678438,-0.08024597,-2.2697449,13.066116

98793162749239,-0.008407593,-2.254181,12.796692

98793160246797,0.11224365,-2.4557343,13.881271

98793172820040,0.0566864,-2.2062988,12.49353

98793182890840,0.109451294,-2.0995636,12.128952

98793192961641,0.1076355,-1.931488,11.829437

98793203032442,0.012741089,-1.658844,11.640869

98793213103243,-0.07785034,-1.4501343,11.450195

98793223174044,-0.16166687,-1.3423615,11.256195

98793233244844,-0.18370056,-1.282486,11.024857

98793243315645,-0.11306763,-1.2944641,10.737473

98793253386446,-0.041381836,-1.3682251,10.521072

98793263457247,0.031784058,-1.5301208,10.405945

98793273528047,0.05882263,-1.6638489,10.274414

98793283598848,0.024032593,-1.7597809,10.120911

98793293669649,0.020568848,-1.8000183,10.025238

98793303740450,0.056549072,-1.7700348,10.002457

98793313811251,0.12701416,-1.7400818,10.0793915

98793323882051,0.2383728,-1.710144,10.274582

98793333952852,0.2788086,-1.6948242,10.477951

98793344023653,0.23918152,-1.6960297,10.6905365

98793354094454,0.20497131,-1.7291107,10.905518

98793364165255,0.17643738,-1.7956696,11.122986

98793360350557,0.06463623,-1.651413,10.791077

98793374236055,0.17817688,-1.8416901,11.381729

98793384306856,0.21206665,-1.8658905,11.684326

98793394377657,0.23397827,-1.8986511,12.0243225

98793404448458,0.24476624,-1.9393616,12.399124

98793414519258,0.21173096,-2.027069,12.773285

98793424590059,0.13987732,-2.1563873,13.146881

98793434660860,0.14012146,-2.210373,13.598434

98793444731661,0.2012024,-2.2007904,14.115738

98793454802462,0.3413086,-2.1464233,14.598038

98793464873262,0.5449219,-2.0560608,15.052246

98793474944063,0.6029968,-2.0221558,15.292694

98793485014864,0.5551758,-2.0293274,15.377594

98793495085665,0.44171143,-2.042862,15.504227

98793505156465,0.28219604,-2.0608368,15.660126

98793515227266,0.26220703,-2.2152863,15.857056

98793525298067,0.3340454,-2.4595642,16.080978

98793535368868,0.47309875,-2.7380066,15.946579

98793545439669,0.65419006,-3.0378265,15.587997

98793555510469,0.66856384,-3.1698608,15.222397

98793565581270,0.5851593,-3.203476,14.852661

98793559416719,0.38432312,-2.3281555,14.481842

98793575652071,0.45329285,-3.081421,14.545792

98793585722872,0.30241394,-2.898285,14.263596

98793595793672,0.25531006,-2.7835236,13.954437

98793605864473,0.2637329,-2.7053375,13.630859

98793615935274,0.12611389,-2.670868,13.04007

98793626006075,-0.08256531,-2.657669,12.319305

98793636076876,-0.39068604,-2.57695,11.720398

98793646147676,-0.743927,-2.4655914,11.176758

98793656218477,-0.8420563,-2.3152313,10.636612

98793666289278,-0.8308258,-2.1481476,10.097961

98793676360079,-0.74168396,-1.9332275,9.498367

98793686430880,-0.63194275,-1.705658,8.88266

98793696501680,-0.7924042,-1.3219757,8.269043

98793706572481,-1.0526428,-0.88064575,7.6562195

98793716643282,-1.2840271,-0.37286377,6.9673157

98793726714083,-1.5055542,0.15759277,6.2524567

98793736784883,-1.5783386,0.67323303,5.7157288

98793746855684,-1.6035156,1.1841125,5.236023

98793756926485,-1.584198,1.4659576,4.6163483

98793766997286,-1.5517731,1.6804199,3.9555206

98793759367891,-0.77467346,-1.1829529,9.207184

98793777068087,-1.6682434,1.6517181,3.3178864

98793787138887,-1.8082275,1.58461,2.6839142

98793797209688,-1.7900085,1.7105865,2.0715942

98793807280489,-1.7337341,1.8830261,1.464508

98793817351290,-1.6696167,2.2905884,1.057251

98793827422090,-1.6037598,2.7503967,0.6944275

98793837492891,-1.7509155,3.4069672,0.2216034

98793847563692,-1.9415894,4.1037445,-0.2736969

98793857634493,-2.3220978,4.879776,-0.7771759

98793867705294,-2.7373047,5.670273,-1.2821503

98793877776094,-3.1228333,6.429077,-1.4678955

98793887846895,-3.5063477,7.1857147,-1.6319275

98793897917696,-3.632782,7.5958557,-1.9474182

98793907988497,-3.7227173,7.956848,-2.2844238

98793918059297,-3.780548,8.149841,-2.9964752

98793928130098,-3.8344269,8.322281,-3.7544556

98793938200899,-4.1422577,8.394318,-4.2075806

98793948271700,-4.477371,8.455566,-4.62796

98793958342501,-4.734329,8.6076355,-4.7581177

98793968413301,-4.984604,8.767471,-4.863434

98793959410616,-3.0500793,5.7089386,-1.4442749

98793978484102,-5.013626,8.769791,-4.7984467

98793988554903,-5.042633,8.77211,-4.7334747

98793998625704,-5.0602417,8.730774,-4.578125

98794008696505,-5.07724,8.6870575,-4.417862

98794018767305,-5.1276245,8.6480255,-4.116028

98794028838106,-5.178421,8.609039,-3.812439

98794038908907,-5.1891327,8.31868,-3.4973602

98794048979708,-5.1987305,8.0212555,-3.181961

98794059050508,-5.28743,7.48497,-2.8545074

98794069121309,-5.3771057,6.9457397,-2.5269012

98794079192110,-5.2838287,6.3252716,-2.150528

98794089262911,-5.187851,5.7086334,-1.7688446

98794099333712,-4.9755707,5.3128815,-1.1080475

98794109404512,-4.7717743,4.919693,-0.45785522

98794119475313,-4.81369,4.601181,-0.11538696

98794129546114,-4.8700867,4.2825775,0.22416687

98794139616915,-5.231064,3.9623718,0.50239563

98794149687715,-5.5630493,3.6468658,0.80493164

98794159758516,-5.445221,3.4042816,1.4841614

98794169829317,-5.3273773,3.1616974,2.1634216

98794160826631,-5.159088,6.2795105,-1.7765656

98794179900118,-4.6974945,2.7571106,3.0398102

98794189970919,-4.0983276,2.3440552,3.8527222

98794200041719,-3.8184662,1.8432007,4.0064545

98794210112520,-3.6000366,1.3582458,4.20726

98794220183321,-3.8993988,1.0074005,4.8047943

98794230254122,-4.1185913,0.65138245,5.48024

98794240324922,-3.739624,0.25682068,6.7370605

98794250395723,-3.3080597,-0.13796997,7.9058228

98794260466524,-2.5345154,-0.5343323,8.502167

98794270537325,-1.848175,-0.92326355,8.978439

98794280608126,-1.6742859,-1.2686615,8.74939

98794290678926,-1.5922546,-1.5826569,8.670532

98794300749727,-1.9904175,-1.7325745,9.376923

98794310820528,-2.2207336,-1.8836975,10.157379

98794320891329,-1.6639252,-2.0405731,11.285385

98794330962130,-1.0639191,-2.255371,12.272873

98794341032930,-0.27720642,-2.7206879,12.653046

98794351103731,0.3734131,-3.0706024,12.920975

98794361174532,0.4897461,-2.9674683,12.748276

98794360045381,-2.1267242,-0.8037567,8.643982

98794371245333,0.5023346,-2.8173523,12.820938

98794381316133,0.14309692,-2.498825,13.772903

98794391386934,-0.10220337,-2.2323914,14.610046

98794401457735,0.033309937,-2.1400452,15.06337

98794411528536,0.21916199,-2.0527039,15.290924

98794421599337,0.5597534,-1.9807434,14.824417

98794431670137,0.7828827,-1.8545227,14.466675

98794441740938,0.67271423,-1.5743256,14.417587

98794451811739,0.494812,-1.3411102,14.351135

98794461882540,0.13621521,-1.2331696,14.238403

98794471953340,-0.1281128,-1.2250061,14.059036

98794482024141,-0.1592865,-1.4636536,13.714844

98794492094942,-0.1199646,-1.6979523,13.3703

98794502165743,0.08149719,-1.9222107,13.024902

98794512236544,0.24212646,-2.1075134,12.709778

98794522307344,0.3151703,-2.2092896,12.459518

98794532378145,0.3478241,-2.2778473,12.263748

98794542448946,0.29856873,-2.2790527,12.178467

98794552519747,0.22892761,-2.2439575,12.135834

98794562590547,0.121170044,-2.140976,12.172958

98794560027071,0.2007904,-1.9115906,13.580627

98794572661348,0.02720642,-2.0556946,12.108612

98794582732149,-0.042236328,-2.0018158,11.864334

98794592802950,-0.08670044,-1.9133911,11.613953

98794602873751,-0.08911133,-1.766861,11.353317

98794612944551,-0.11256409,-1.6579437,11.104691

98794623015352,-0.16885376,-1.6076508,10.874771

98794633086153,-0.20776367,-1.5892334,10.667923

98794643156954,-0.22094727,-1.6180115,10.495239

98794653227755,-0.22862244,-1.6997528,10.3702545

98794663298555,-0.22862244,-1.8551788,10.311661

98794673369356,-0.23274231,-1.9770508,10.193436

98794683440157,-0.24234009,-2.0539246,9.9952545

98794693510958,-0.25782776,-2.0628967,9.83728

98794703581758,-0.28060913,-1.9873352,9.72934

98794713652559,-0.2978363,-1.8796082,9.695282

98794723723360,-0.30856323,-1.7341919,9.747726

98794733794161,-0.28411865,-1.6600952,9.916275

98794743864962,-0.21894836,-1.6685486,10.219131

98794753935762,-0.15463257,-1.7286835,10.433868

98794764006563,-0.091156006,-1.8424377,10.557205

98794760008760,-0.19363403,-1.8073273,10.46402

98794774077364,-0.052993774,-1.970047,10.7733

98794784148165,-0.03982544,-2.1113586,11.081055

98794794218965,0.004928589,-2.1996613,11.39238

98794804289766,0.07939148,-2.2380981,11.707062

98794814360567,0.13619995,-2.2735443,12.06015

98794824431368,0.17753601,-2.3063812,12.446823

98794834502169,0.22232056,-2.327118,12.890808

98794844572969,0.26963806,-2.3389435,13.377029

98794854643770,0.3348999,-2.3839874,13.829178

98794864714571,0.41404724,-2.4547424,14.254913

98794874785372,0.509079,-2.5933533,14.516022

98794884856172,0.61564636,-2.7813568,14.657318

98794894926973,0.6890106,-2.9376373,14.706619

98794904997774,0.7393799,-3.0719604,14.69223

98794915068575,0.68151855,-3.164856,14.783127

98794925139376,0.5532837,-3.230835,14.942474

98794935210176,0.4684906,-3.2638245,15.089554

98794945280977,0.40283203,-3.2822418,15.231232

98794955351778,0.41766357,-3.3087616,15.198639

98794965422579,0.48031616,-3.340088,15.0625

98794959929415,0.3826599,-2.7459106,13.841049

98794975493380,0.41789246,-3.3790894,14.839523

98794985564180,0.28857422,-3.4221954,14.570099

98794995634981,0.15042114,-3.3996277,14.282303

98795005705782,0.007827759,-3.3437805,13.985214

98795015776583,-0.07876587,-3.1446533,13.629486

98795025847383,-0.13658142,-2.871933,13.243637

98795035918184,-0.16586304,-2.5426788,12.959885

98795045988985,-0.18643188,-2.196228,12.707184

98795056059786,-0.28683472,-1.9980621,12.433945

98795066130587,-0.4239807,-1.8681335,12.15126

98795076201387,-0.5447235,-1.7723694,11.531326

98795086272188,-0.6586609,-1.6908264,10.770996

98795096342989,-0.77604675,-1.4976959,10.251953

98795106413790,-0.8947754,-1.2614441,9.826218

98795116484590,-0.9945679,-0.9622345,9.284546

98795126555391,-1.0875702,-0.6404724,8.70137

98795136626192,-1.1435242,-0.21424866,8.167679

98795146696993,-1.1925507,0.2315216,7.6432343

98795156767794,-1.2310638,0.69529724,7.153763

98795166838594,-1.2661743,1.164917,6.6756744

98795159972139,-0.5799713,-1.5338287,10.9184265

98795176909395,-1.3630981,1.4717712,5.790512

98795186980196,-1.4766846,1.7348022,4.7957764

98795197050997,-1.6543274,2.0326385,4.1696777

98795207121797,-1.8482819,2.339325,3.6375122

98795217192598,-1.8372498,2.4431,2.9179688

98795227263399,-1.785202,2.5063019,2.1609344

98795237334200,-1.7236481,2.532959,1.515091

98795247405001,-1.6611786,2.5560913,0.8799591

98795257475801,-1.7494507,2.940689,0.30181885

98795267546602,-1.8633728,3.3868103,-0.26663208

98795277617403,-2.1010895,3.9448395,-0.6916809

98795287688204,-2.3573303,4.5195923,-1.0951996

98795297759005,-2.7228546,5.0729218,-1.6864624

98795307829805,-3.1030273,5.623413,-2.3029022

98795317900606,-3.3923187,6.0452423,-2.7438202

98795327971407,-3.671173,6.4523315,-3.1645966

98795338042208,-3.7118683,7.006531,-3.4022675

98795348113008,-3.748886,7.5629883,-3.6371155

98795358183809,-3.8394318,8.061615,-3.8176575

98795368254610,-3.9341736,8.55571,-3.9939575

98795359831758,-2.5587616,4.5608826,-0.36547852

98795378325411,-4.094223,8.781662,-4.527725

98795388396212,-4.2582855,8.991211,-5.0833435

98795398467012,-4.453476,8.967545,-5.2516937

98795408537813,-4.6501617,8.93277,-5.4016113

98795418608614,-4.8152466,8.756195,-5.401474

98795428679415,-4.979355,8.575211,-5.396637

98795438750215,-5.0357056,8.351242,-5.2849274

98795448821016,-5.0917206,8.1271515,-5.172882

98795458891817,-5.0557556,7.9220734,-4.774719

98795468962618,-5.0174713,7.716278,-4.3753204

98795479033419,-4.829468,7.463608,-3.8951416

98795489104219,-4.6433563,7.2081604,-3.4150085

98795499175020,-4.5244446,6.8526306,-2.9357605

98795509245821,-4.4121094,6.491394,-2.450943

98795519316622,-4.437668,6.010315,-1.8490295

98795529387422,-4.4632263,5.529236,-1.2470856

98795539457347,-4.6553955,5.0463257,-0.94111633

98795549528148,-4.8521423,4.568512,-0.6281891

98795559598949,-5.1031647,4.1589355,-0.21020508

98795559782054,-4.7701263,6.9995728,-3.3104858

98795569669750,-5.323715,3.7653198,0.21742249

98795579740550,-5.227768,3.5374603,0.7451019

98795589811351,-5.0831604,3.3160248,1.3447876

98795599882152,-4.514694,3.150528,2.5716858

98795609952953,-3.9800873,2.9675293,3.6994934

98795620023754,-3.6980133,2.6539917,4.088318

98795630094554,-3.4159393,2.3404694,4.4771423

98795640165355,-3.8998413,1.7153778,4.102356

98795650236156,-4.322586,1.0945435,3.9130707

98795660306957,-4.386154,0.49850464,4.8137207

98795670377757,-4.2467346,-0.11833191,5.867462

98795680448558,-3.0462341,-0.84391785,7.721588

98795690519359,-1.91745,-1.5776825,9.322388

98795700590160,-1.1247559,-2.3500824,9.735443

98795710660961,-0.5758362,-3.026291,9.968491

98795720731761,-1.1240234,-3.2696533,9.391403

98795730802562,-1.5691376,-3.445343,9.220581

98795740873363,-1.6171112,-3.3601837,10.615326

98795750944164,-1.4444427,-3.3248596,11.983124

98795761014964,-0.4948578,-3.4649658,13.256012

98795759733226,-2.683731,-0.48954773,7.2890778

98795771085765,0.29127502,-3.5201416,14.284439

98795781156566,0.54034424,-3.2962189,14.509552

98795791227367,0.57492065,-2.9930267,14.686783

98795801298168,-0.04989624,-2.446167,14.716766

98795811368968,-0.541626,-2.0959473,14.780563

98795821439769,-0.6557312,-2.3037415,14.940308

98795831510570,-0.5762787,-2.591385,14.984634

98795841581371,0.0038909912,-3.085617,14.730347

98795851652171,0.47399902,-3.471283,14.497787

98795861722972,0.66767883,-3.5843658,14.319748

98795871793773,0.71131897,-3.4948883,14.237915

98795881864574,0.41481018,-2.9460907,14.374222

98795891935375,0.10824585,-2.3833466,14.474014

98795902006175,-0.22015381,-1.7903137,14.494461

98795912076976,-0.42678833,-1.3902588,14.37471

98795922147777,-0.39315796,-1.3710327,13.978348

98795932218578,-0.32144165,-1.4552765,13.531769

98795942289379,-0.18034363,-1.72789,12.993729

98795952360179,-0.15467834,-1.9837799,12.488693

98795962430980,-0.33096313,-2.210434,12.041367

98795959684398,-0.04295349,-2.4302673,14.033142

98795972501781,-0.5322418,-2.3612366,11.657623

98795982572582,-0.7745056,-2.3876343,11.378189

98795992643382,-0.9208374,-2.356308,11.173828

98796002714183,-0.9196472,-2.2361908,11.084946

98796012784984,-0.82777405,-2.0635834,10.983414

98796022855785,-0.6065979,-1.8161011,10.863861

98796032926586,-0.45988464,-1.6177826,10.73555

98796042997386,-0.41551208,-1.4870605,10.595245

98796053068187,-0.4539032,-1.4160004,10.430725

98796063138988,-0.59924316,-1.4220123,10.23494

98796073209789,-0.7056885,-1.4932098,10.044464

98796083280589,-0.7654724,-1.6426697,9.860336

98796093351390,-0.7440796,-1.7528992,9.698654

98796103422191,-0.6287689,-1.8177643,9.562927

98796113492992,-0.54133606,-1.8409882,9.504715

98796123563793,-0.4838562,-1.8194275,9.529861

98796133634593,-0.47016907,-1.7996368,9.58168

98796143705394,-0.5013428,-1.7816467,9.660828

98796153776195,-0.519104,-1.7734375,9.703354

98796163846996,-0.5239105,-1.7746277,9.710556

98796159605052,-0.62519836,-1.8011322,10.189087

98796173917796,-0.45884705,-1.7834625,9.828949

98796183988597,-0.33113098,-1.799118,10.047012

98796194059398,-0.20352173,-1.8022003,10.2920685

98796204130199,-0.07597351,-1.795044,10.559082

98796214201000,-0.02381897,-1.8364258,10.749176

98796224271800,-0.032211304,-1.9167786,10.877502

98796234342601,-0.05491638,-2.0338898,11.004349

98796244413402,-0.0884552,-2.1787872,11.130081

98796254484203,-0.10456848,-2.2833252,11.336853

98796264555004,-0.1081543,-2.3588867,11.601898

98796274625804,-0.056762695,-2.4444122,11.897781

98796284696605,0.0317688,-2.5366821,12.214478

98796294767406,0.14245605,-2.6224365,12.511902

98796304838207,0.2632141,-2.705246,12.800568

98796314909007,0.28479004,-2.7093506,13.138351

98796324979808,0.24510193,-2.6648407,13.506454

98796335050609,0.06745911,-2.6265564,14.010315

98796345121410,-0.18798828,-2.5917816,14.590759

98796355192211,-0.05645752,-2.6339264,15.12883

98796365263011,0.2793579,-2.7166748,15.644531

98796359586742,0.01727295,-2.3452911,12.411636

98796375333812,0.79377747,-2.6222992,15.710648

98796385404613,1.3963013,-2.4405365,15.555038

98796395475414,1.4830322,-2.2341766,15.431808

98796405546214,1.4047089,-2.0199432,15.318924

98796415617015,1.0675201,-1.908783,15.2782135

98796425687816,0.6145325,-1.8437195,15.269775

98796435758617,0.4340973,-1.998169,15.048157

98796445829418,0.3622589,-2.2400513,14.741608

98796455900218,0.39411926,-2.4900513,14.439072

98796465971019,0.46487427,-2.743103,14.138062

98796476041820,0.37016296,-2.9341736,13.768005

98796486112621,0.2180481,-3.1037445,13.374008

98796496183421,0.034561157,-3.0965424,13.009308

98796506254222,-0.1552124,-3.0540009,12.650467

98796516325023,-0.2635498,-2.9114532,12.113022

98796526395824,-0.3466797,-2.737976,11.520264

98796536466625,-0.5237427,-2.5388947,11.174698

98796546537425,-0.72612,-2.3329315,10.895691

98796556608226,-0.89419556,-2.058609,10.631699

98796566679027,-1.0536957,-1.7671814,10.371445

98796559537914,0.20127869,-2.4171753,13.321884

98796576749828,-1.1299286,-1.684845,9.818222

98796586820629,-1.1872864,-1.6499329,9.198517

98796596891429,-1.1633759,-1.5629272,8.265305

98796606962230,-1.1310272,-1.47052,7.299576

98796617033031,-1.112854,-1.1743622,6.537903

98796627103832,-1.0972595,-0.8409729,5.8135376

98796637174632,-1.2612457,-0.3795929,5.284256

98796647245433,-1.4543304,0.102508545,4.78656

98796657316234,-1.7345886,0.78730774,4.301468

98796667387035,-2.0272064,1.5009003,3.8181458

98796677457836,-1.9626465,2.145462,3.5081177

98796687528636,-1.8543396,2.781601,3.2193146

98796697599437,-1.647995,3.0160675,2.4894104

98796707670238,-1.4395142,3.2418213,1.7499695

98796717741039,-1.4980011,3.3867493,0.84780884

98796727811839,-1.5822144,3.52388,-0.0700531

98796737882640,-1.894043,4.214752,-0.5089874

98796747953441,-2.2221375,4.9451904,-0.9137268

98796758024242,-2.333023,5.932953,-1.1489716

98796768095043,-2.431366,6.935547,-1.3744354

98796759489086,-1.6487579,1.9393768,3.294098

98796778165843,-2.8107605,7.8135834,-1.8136749

98796788236644,-3.201706,8.686539,-2.2616882

98796798307445,-3.579834,8.923004,-2.6901398

98796808378246,-3.957962,9.159485,-3.1186066

98796818449046,-4.117279,9.084045,-3.4239502

98796828519847,-4.2677,8.997421,-3.7261658

98796838590648,-4.198242,8.842957,-4.212326

98796848661449,-4.134323,8.693253,-4.6970215

98796858732250,-4.369385,8.801193,-5.102371

98796868803050,-4.6094666,8.911209,-5.488266

98796878873851,-4.9952087,9.081879,-5.3094177

98796888944652,-5.380966,9.252533,-5.1305695

98796899015453,-5.4398193,9.038254,-4.6881256

98796909086254,-5.4740143,8.812073,-4.2489777

98796919157054,-5.1598053,8.428314,-3.8700104

98796929227855,-4.84816,8.045395,-3.491043

98796939298656,-4.56633,7.6724243,-3.1120758

98796949369457,-4.2998047,7.300995,-2.7432556

98796959440257,-4.180969,6.9444885,-2.4723053

98796959592845,-4.4297333,8.456833,-3.722046

98796969511058,-4.0844116,6.580429,-2.2036438

98796979581859,-4.2108154,6.1410065,-1.9579468

98796989652660,-4.343933,5.7075195,-1.6869202

98796999723461,-4.5591583,5.3463745,-1.1069031

98797009794261,-4.7344513,4.9812775,-0.51467896

98797019865062,-4.6117554,4.5867157,0.16859436

98797029935863,-4.4999847,4.1959076,0.792511

98797040006664,-4.455673,3.8282776,1.0499573

98797050077464,-4.430435,3.4482422,1.2749481

98797060148265,-4.5119934,2.9985046,1.3181305

98797070219066,-4.5885315,2.6029663,1.4612579

98797080289867,-4.6400146,2.4784393,2.1042938

98797090360668,-4.6262665,2.2809143,2.90065

98797100431468,-4.3127594,1.7480927,4.4013824

98797110502269,-3.9708557,1.1772308,5.7157593

98797120573070,-3.5009766,0.43507385,6.1916504

98797130643871,-3.0637665,-0.25680542,6.5236053

98797140714671,-2.7524414,-0.75494385,6.300873

98797150785472,-2.4958954,-1.1530609,6.3784485

98797160856273,-2.4357605,-1.1927643,7.5320587

98797159513500,-3.934616,2.2316895,3.0420227

98797170927074,-2.2941132,-1.4017334,8.659363

98797180997875,-1.8935089,-2.1486511,9.70311

98797191068675,-1.4474182,-2.8777618,10.567535

98797201139476,-0.87623596,-3.5579224,10.938736

98797211210277,-0.4024353,-4.000305,11.311447

98797221281078,-0.18057251,-3.8276215,11.688019

98797231351879,0.025009155,-3.4966125,12.253769

98797241422679,0.19145203,-2.7853394,13.273987

98797251493480,0.3498993,-2.1592407,14.07666

98797261564281,0.49020386,-1.7263031,14.386078

98797271635082,0.61357117,-1.5125427,14.649261

98797281705882,0.7011261,-1.7619934,14.814758

98797291776683,0.7664795,-2.0175018,14.981873

98797301847484,0.7880707,-2.2849426,15.152176

98797311918285,0.8647766,-2.5964203,15.291229

98797321989086,1.0431976,-2.9891815,15.372665

98797332059886,1.1576233,-3.2447968,15.22998

98797342130687,1.1600189,-3.2603912,14.695114

98797352201488,1.0524902,-3.1092682,14.314682

98797362272289,0.7646637,-2.684723,14.187561

98797359373119,0.32743835,-2.74971,13.629196

98797372343089,0.51745605,-2.3324585,14.050034

98797382413890,0.33277893,-2.0914154,13.89653

98797392484691,0.24224854,-1.9519043,13.729416

98797402555492,0.28775024,-1.9590912,13.542603

98797412626293,0.3292694,-2.0178833,13.215439

98797422697093,0.36531067,-2.1475983,12.695358

98797432767894,0.32974243,-2.2077026,12.272263

98797442838695,0.20280457,-2.1789703,11.9729

98797452909496,0.07904053,-2.1020203,11.754547

98797462980296,-0.040893555,-1.9664917,11.634613

98797473051097,-0.077423096,-1.8494415,11.50798

98797483121898,-0.018661499,-1.7535095,11.373657

98797493192699,0.05505371,-1.6911011,11.230209

98797503263500,0.14486694,-1.6647491,11.076935

98797513334300,0.1743164,-1.6543884,10.900452

98797523405101,0.14193726,-1.6603851,10.700165

98797533475902,0.058685303,-1.6229095,10.541824

98797543546703,-0.073638916,-1.5435181,10.42395

98797553617504,-0.13516235,-1.5030518,10.366669

98797563688304,-0.13397217,-1.4970703,10.363083

98797559324291,0.10105896,-1.8208923,11.665863

98797573759105,-0.098480225,-1.5350647,10.362717

98797583829906,-0.033721924,-1.6106262,10.365112

98797593900707,0.0064086914,-1.6655273,10.356888

98797603971507,0.026763916,-1.7038422,10.340134

98797614042308,0.05393982,-1.6755981,10.414413

98797624113109,0.08631897,-1.5964508,10.558319

98797634183910,0.085372925,-1.6321564,10.803207

98797644254711,0.06047058,-1.750412,11.120651

98797654325511,0.060775757,-1.8894196,11.387421

98797664396312,0.07350159,-2.0386658,11.629211

98797674467113,0.13642883,-2.146469,11.925613

98797684537914,0.23117065,-2.228012,12.256607

98797694608714,0.3047943,-2.2629242,12.665405

98797704679515,0.36586,-2.270111,13.120422

98797714750316,0.38711548,-2.3317413,13.48082

98797724821117,0.3859253,-2.4240875,13.787827

98797734891918,0.37329102,-2.427475,14.122864

98797744962718,0.35461426,-2.3838959,14.4726715

98797755033519,0.43273926,-2.3974762,14.709

98797765104320,0.5444641,-2.4308777,14.90596

98797759367015,0.22317505,-2.061554,12.335693

98797775175121,0.64582825,-2.5418396,14.875381

98797785245921,0.74220276,-2.690033,14.735626

98797795316722,0.64338684,-2.7488708,14.782532

98797805387523,0.46090698,-2.7694092,14.909424

98797815458324,0.35528564,-2.7194061,14.822144

98797825529125,0.2780304,-2.6433563,14.655762

98797835599925,0.2524414,-2.5456543,14.526199

98797845670726,0.24621582,-2.4398346,14.410416

98797855741527,0.1413269,-2.402359,14.236252

98797865812328,0.0140686035,-2.3803864,14.048828

98797875883129,-0.14649963,-2.4966125,13.664124

98797885953929,-0.31773376,-2.657074,13.216278

98797896024730,-0.3516388,-2.6847992,12.735611

98797906095531,-0.34443665,-2.6728058,12.245102

98797916166332,-0.47183228,-2.5864563,11.900497

98797926237132,-0.6361389,-2.479721,11.595871

98797936307933,-0.87216187,-2.3159485,11.280991

98797946378734,-1.1261139,-2.1379395,10.963547

98797956449535,-1.2241364,-1.9318542,10.453461

98797966520336,-1.3024597,-1.722229,9.919022

98797959318187,-0.2171936,-2.4552612,13.017914

98797976591136,-1.4162292,-1.497055,9.402649

98797986661937,-1.537735,-1.2684937,8.8901825

98797996732738,-1.7266083,-0.99606323,8.070908

98798006803539,-1.9280853,-0.71543884,7.1942444

98798016874339,-2.2206879,-0.2934723,6.7407684

98798026945140,-2.5284271,0.15197754,6.3575897

98798037015941,-2.567459,0.53157043,6.062973

98798047086742,-2.566208,0.90130615,5.7816315

98798057157543,-2.5418243,0.98005676,5.263077

98798067228343,-2.5164032,1.0458984,4.7339935

98798077299144,-2.5019531,1.1494904,3.8834686

98798087369945,-2.4887543,1.257431,2.9960022

98798097440746,-2.5335388,1.4988098,2.4399872

98798107511546,-2.583908,1.7530518,1.9159088

98798117582347,-2.637619,2.3197784,1.5564117

98798127653148,-2.6915894,2.9110107,1.2098236

98798137723949,-2.7143555,3.4783173,0.8139343

98798147794750,-2.7352753,4.0442047,0.4136963

98798157865550,-2.7727356,4.6354065,-0.42918396

98798167936351,-2.810196,5.226593,-1.2720795

98798159238841,-2.4478455,1.5542297,3.7739868

98798178007152,-3.0148468,5.94458,-1.7372131

98798188077953,-3.2247162,6.6665497,-2.1905365

98798198148754,-3.5309753,7.281296,-2.4934082

98798208219554,-3.8387146,7.894394,-2.7939758

98798218290355,-4.026169,8.413956,-3.2205353

98798228361156,-4.21167,8.932709,-3.650116

98798238431957,-4.2682953,9.408035,-4.296463

98798248502757,-4.3249054,9.883362,-4.9428253

98798258573558,-4.5249786,9.82814,-5.2481384

98798268644359,-4.722351,9.75885,-5.5332184

98798278715160,-4.8326874,9.425461,-5.3749084

98798288785961,-4.9279327,9.090912,-5.213028

98798298856761,-4.7614746,8.736465,-4.989105

98798308927562,-4.5995026,8.384018,-4.7696533

98798318998363,-4.500122,8.059509,-4.612793

98798329069164,-4.418808,7.737549,-4.444992

98798339139964,-4.5489807,7.4452515,-4.1492767

98798349210765,-4.679138,7.1529694,-3.8535614

98798359281566,-4.8043976,6.8129883,-3.2332153

98798359220531,-4.3868866,8.209747,-4.0126953

98798369352367,-4.9184113,6.4764557,-2.6156769

98798379423168,-4.9435883,6.1694336,-2.036438

98798389493968,-4.950638,5.8524323,-1.4582214

98798399564769,-4.8332825,5.466858,-0.8870392

98798409635570,-4.707718,5.0868835,-0.36605835

98798419706371,-4.531433,4.7414856,-0.15498352

98798429777171,-4.433899,4.404068,0.060913086

98798439847972,-4.767288,4.1102448,0.30316162

98798449918773,-5.1030426,3.83255,0.6288605

98798459989574,-5.450302,3.6337738,1.3628998

98798470060375,-5.6596375,3.3843536,2.0912476

98798480131175,-5.248291,2.9070435,2.7940216

98798490201976,-4.802643,2.403946,3.413803

98798500272777,-4.217087,1.795639,3.6951904

98798510343578,-3.76474,1.1891632,3.9350586

98798520414379,-3.8163147,0.5895233,4.017807

98798530485179,-3.9441223,0.015533447,4.2155914

98798540555980,-4.335678,-0.46972656,4.8113556

98798550626781,-4.4535065,-1.0239868,5.690262

98798560697582,-3.715866,-1.7939453,7.4541016

98798559202220,-4.518524,2.358078,2.595459

98798570768382,-2.853302,-2.5791168,8.871979

98798580839183,-1.6247253,-3.4089508,9.276718

98798590909984,-0.7218323,-4.0827484,9.429306

98798600980785,-0.7146301,-4.3273926,8.888443

98798611051586,-0.93489075,-4.319931,8.805511

98798621122386,-1.7348022,-3.6699219,9.889633

98798631193187,-2.2024384,-3.0533905,11.075272

98798641263988,-1.8834381,-2.5161285,12.501205

98798651334789,-1.338211,-2.2271423,13.547028

98798661405589,-0.2944641,-2.4853973,13.755066

98798671476390,0.5028076,-2.7521362,13.833771

98798681547191,0.77905273,-3.036789,13.639206

98798691617992,0.83354187,-3.2020874,13.578522

98798701688793,0.45635986,-3.135025,13.778488

98798711759593,0.15609741,-3.078476,14.036331

98798721830394,-0.0022125244,-3.0413055,14.400909

98798731901195,-9.0026855E-4,-3.0894318,14.6107025

98798741971996,0.2761383,-3.284912,14.553146

98798752042796,0.5561981,-3.4094086,14.513901

98798762113597,0.8412018,-3.418991,14.504318

98798759214427,-0.24481201,-3.2705383,12.717041

98798772184398,0.98321533,-3.2679443,14.420563

98798782255199,0.9052582,-2.8697968,14.222687

98798792326000,0.71913147,-2.4857178,14.088791

98798802396800,0.37672424,-2.1219788,14.0473175

98798812467601,0.12660217,-1.8877106,13.905411

98798822538402,0.014892578,-1.8476562,13.612808

98798832609203,0.0012817383,-1.9347839,13.224304

98798842680004,0.11282349,-2.1842346,12.713394

98798852750804,0.15242004,-2.3437042,12.265457

98798862821605,0.10572815,-2.3952026,11.893051

98798872892406,0.044448853,-2.3499146,11.570755

98798882963207,-0.0335083,-2.1940002,11.30571

98798893034007,-0.05429077,-2.0364838,11.129135

98798903104808,-0.013580322,-1.8772125,11.047714

98798913175609,-9.1552734E-5,-1.7770538,10.941849

98798923246410,-0.014511108,-1.7374115,10.810928

98798933317211,-0.01171875,-1.7438202,10.690018

98798943388011,0.0074310303,-1.7941132,10.578659

98798953458812,0.0410614,-1.8268433,10.398056

98798963529613,0.08784485,-1.8436432,10.154602

98798959165599,0.12748718,-2.0403595,11.919617

98798973600414,0.12361145,-1.8157959,9.9661255

98798983671214,0.1499939,-1.7498322,9.8246155

98798993742015,0.129776,-1.7151184,9.778229

98799003812816,0.072128296,-1.7055206,9.808258

98799013883617,0.05570984,-1.683609,9.975143

98799023954418,0.0700531,-1.6525116,10.244171

98799034025218,0.13745117,-1.636734,10.544357

98799044096019,0.24299622,-1.6319275,10.866959

98799054166820,0.27624512,-1.8287201,10.952667

98799064237621,0.2606659,-2.1616058,10.878433

98799074308421,0.20272827,-2.3771973,10.853058

98799084379222,0.11756897,-2.517517,10.859055

98799094450023,0.11437988,-2.5624542,10.981171

98799104520824,0.1605072,-2.5499878,11.173187

98799114591625,0.19750977,-2.5637054,11.551941

98799124662425,0.23085022,-2.58786,12.005081

98799134733226,0.31489563,-2.5413055,12.550064

98799144804027,0.42677307,-2.4558868,13.145538

98799154874828,0.49284363,-2.5105743,13.629456

98799164945629,0.53601074,-2.6352997,14.057602

98799159147289,0.2341156,-2.1798553,11.357849

98799175016429,0.6495056,-2.7731018,14.309113

98799185087230,0.79582214,-2.9170074,14.47821

98799195158031,0.8878784,-3.0074768,14.696045

98799205228832,0.9563446,-3.074707,14.935059

98799215299632,0.8951416,-3.1099548,15.057907

98799225370433,0.7983856,-3.136444,15.148895

98799235441234,0.67523193,-3.1214447,15.0967865

98799245512035,0.5417023,-3.0901794,14.988525

98799255582836,0.3891449,-3.077591,14.825729

98799265653636,0.22988892,-3.0716095,14.643707

98799275724437,0.107406616,-3.0773315,14.722855

98799285795238,-0.0029296875,-3.0869293,14.888351

98799295866039,-0.04588318,-3.201004,14.668884

98799305936839,-0.06832886,-3.3468933,14.33223

98799316007640,0.023162842,-3.4554443,13.9331665

98799326078441,0.13357544,-3.5578003,13.523727

98799336149242,-0.014816284,-3.5140228,12.940445

98799346220043,-0.23287964,-3.430893,12.310318

98799356290843,-0.5461426,-3.2499542,11.945908

98799366361644,-0.88142395,-3.046402,11.642944

98799359128978,0.21221924,-3.1808014,14.067902

98799376432445,-1.0928192,-3.0274353,11.292709

98799386503246,-1.2777863,-3.0478668,10.932373

98799396574046,-1.3079834,-2.9671783,10.360672

98799406644847,-1.3092346,-2.8675842,9.749435

98799416715648,-1.3103943,-2.5863495,9.279297

98799426786449,-1.3115387,-2.2914886,8.819733

98799436857250,-1.4500885,-1.8683777,8.158783

98799446928050,-1.610321,-1.4250183,7.466034

98799456998851,-1.8760071,-0.98298645,6.8131714

98799467069652,-2.155014,-0.54112244,6.165344

98799477140453,-2.4275513,-0.030303955,5.889328

98799487211254,-2.6993713,0.4881897,5.654648

98799497282054,-2.7459717,0.8289795,5.150299

98799507352855,-2.7708588,1.1526642,4.6199646

98799517423656,-2.6829376,1.448822,4.0345917

98799527494457,-2.5950165,1.7449799,3.4492035

98799537565257,-2.5335388,2.1129913,3.0363312

98799547636058,-2.4736633,2.4853973,2.6339874

98799557706859,-2.54776,2.8061523,2.114685

98799567777660,-2.6282349,3.1244507,1.589798

98799559049632,-2.092453,-0.09512329,6.0688934

98799577848461,-2.652588,3.4224243,1.1520233

98799587919261,-2.6753693,3.7198486,0.71669006

98799597990062,-2.6685638,4.2703094,0.18817139

98799608060863,-2.6613922,4.823883,-0.3414917

98799618131664,-2.7368011,5.59433,-0.64845276

98799628202464,-2.8156738,6.363617,-0.95788574

98799638273265,-3.102295,7.013611,-1.4723663

98799648344066,-3.3896484,7.6598663,-1.9880524

98799658414867,-3.7002563,8.186356,-2.5421143

98799668485668,-4.002701,8.69136,-3.0868683

98799678556468,-4.133423,8.745331,-3.435852

98799688627269,-4.2596436,8.7903595,-3.782318

98799698698070,-4.3162537,8.696793,-4.0895844

98799708768871,-4.3728485,8.603226,-4.396881

98799718839671,-4.567047,8.516083,-4.410568

98799728910472,-4.7481995,8.438171,-4.4055634

98799738981273,-4.7937775,8.4561615,-4.206482

98799749052074,-4.8234253,8.472549,-4.0175476

98799759122875,-4.7144623,8.474945,-3.9169617

98799759031322,-3.8351288,7.4020844,-2.606369

98799769193675,-4.621628,8.4657135,-3.800171

98799779264476,-4.6528625,8.367233,-3.5587463

98799789335277,-4.677994,8.236862,-3.3177185

98799799406078,-4.663513,7.899246,-3.0792847

98799809476879,-4.6490173,7.5616455,-2.8408356

98799819547679,-4.584366,7.003647,-2.3929749

98799829618480,-4.5074615,6.4533386,-1.9291992

98799839689281,-4.3673553,5.946823,-1.3855591

98799849760082,-4.2444153,5.459839,-0.86227417

98799859830882,-4.203644,5.0664825,-0.4365387

98799869901683,-4.1926727,4.667465,-0.04875183

98799879972484,-4.310562,4.244034,0.17500305

98799890043285,-4.463135,3.8510437,0.47865295

98799900114086,-4.746933,3.573227,1.0845642

98799910184886,-4.9303436,3.2805939,1.7688446

98799920255687,-4.7602997,2.93573,2.7292023

98799930326488,-4.513809,2.5803986,3.4694061

98799940397289,-4.0161133,2.190628,3.486206

98799950468089,-3.6191406,1.7621307,3.5238495

98799960538890,-3.5267944,1.2164612,3.624588

98799958951976,-4.338333,4.5301666,0.3338623

98799970609691,-3.4865723,0.6325073,3.8856506

98799980680492,-3.5919495,-0.058425903,4.5945435

98799990751293,-3.5486298,-0.80532837,5.6285706

98800000822093,-3.114746,-1.6993408,7.516693

98800010892894,-2.49115,-2.6097717,8.993454

98800020963695,-1.3768616,-3.5626526,9.40593

98800031034496,-0.5173645,-4.2944336,9.522232

98800041105296,-0.28829956,-4.4791107,8.9058075

98800051176097,-0.24893188,-4.4890137,8.834122

98800061246898,-0.6458893,-4.0968475,10.015396

98800071317699,-0.86924744,-3.804657,11.301605

98800081388500,-0.7205353,-3.7266998,12.812683

98800091459300,-0.4003296,-3.7666779,13.899658

98800101530101,0.26286316,-4.042511,14.138306

98800111600902,0.83932495,-4.1934357,14.337616

98800121671703,1.2536469,-4.1108093,14.463348

98800131742504,1.5362854,-3.9727783,14.693802

98800141813304,1.5854645,-3.7365265,15.10994

98800151884105,1.5305481,-3.6007538,15.472916

98800161954906,1.3026886,-3.6319427,15.747543

98800159086254,-0.3726349,-3.4776306,11.69252

98800172025707,1.0865326,-3.695938,15.812637

98800182096507,0.8886566,-3.8110657,15.551193

98800192167308,0.7813568,-3.7547913,15.299988

98800202238109,0.8065338,-3.4477692,15.063721

98800212308910,0.8387604,-3.1016235,14.752975

98800222379711,0.88067627,-2.7016754,14.339859

98800232450511,0.83947754,-2.3555145,13.987274

98800242521312,0.68955994,-2.0796814,13.713837

98800252592113,0.52386475,-1.8860321,13.387955

98800262662914,0.33876038,-1.7934875,12.997559

98800272733714,0.20046997,-1.7580566,12.639587

98800282804515,0.1211853,-1.7946625,12.322449

98800292875316,0.080825806,-1.8456573,12.050308

98800302946117,0.080825806,-1.9116211,11.824844

98800313016918,0.103881836,-1.9126434,11.572678

98800323087718,0.14945984,-1.8502808,11.294449

98800333158519,0.18000793,-1.7548981,11.09819

98800343229320,0.19677734,-1.6291656,10.977249

98800353300121,0.18649292,-1.5510864,10.868454

98800363370921,0.15255737,-1.5147247,10.770264

98800358701732,0.40145874,-2.1941376,12.745605

98800373441722,0.14199829,-1.5112457,10.623901

98800383512523,0.14912415,-1.532608,10.441162

98800393583324,0.13600159,-1.5344849,10.282349

98800403654125,0.10722351,-1.5213013,10.142029

98800413724925,0.08470154,-1.5185089,10.0794525

98800423795726,0.06674194,-1.5233002,10.073471

98800433866527,0.055847168,-1.5664215,10.007141

98800443937328,0.049835205,-1.6360931,9.899048

98800454008129,0.04522705,-1.705719,9.8038025

98800464078929,0.041488647,-1.7753143,9.716797

98800474149730,0.041152954,-1.8509674,9.725327

98800484220531,0.042297363,-1.9292908,9.776016

98800494291332,0.06838989,-1.9909363,9.90657

98800504362132,0.10928345,-2.0426636,10.08461

98800514432933,0.18276978,-2.1121674,10.251404

98800524503734,0.27391052,-2.19133,10.412109

98800534574535,0.32130432,-2.2697601,10.595291

98800544645336,0.34654236,-2.347824,10.789871

98800554716136,0.35202026,-2.3726654,11.056015

98800564786937,0.34829712,-2.3726654,11.35556

98800558134105,0.15675354,-1.9025421,10.27478

98800574857738,0.39952087,-2.4079895,11.613541

98800584928539,0.46746826,-2.454071,11.858871

98800594999339,0.5106354,-2.4957123,12.154266

98800605070140,0.5431671,-2.5354767,12.47113

98800615140941,0.5071106,-2.5611572,12.746414

98800625211742,0.44493103,-2.581482,13.005859

98800635282543,0.4494629,-2.6150513,13.26326

98800645353343,0.47824097,-2.6534271,13.519897

98800655424144,0.5172119,-2.6630707,13.804703

98800665494945,0.55960083,-2.6630707,14.098953

98800675565746,0.56544495,-2.6688995,14.361481

98800685636546,0.5642853,-2.675827,14.61792

98800695707347,0.5761719,-2.6867065,14.687729

98800705778148,0.59176636,-2.6987,14.704529

98800715848949,0.651062,-2.7829285,14.698471

98800725919750,0.72172546,-2.88591,14.686508

98800735990550,0.6242523,-2.9735413,14.575912

98800746061351,0.48634338,-3.057495,14.441605

98800756132152,0.31900024,-3.1305847,14.457321

98800766202953,0.14527893,-3.2013245,14.505722

98800758176830,0.5004883,-2.749237,13.829147

98800776273754,0.18492126,-3.2092285,14.2677

98800786344554,0.2474823,-3.2103882,13.998901

98800796415355,0.23280334,-3.088745,13.593704

98800806486156,0.20433044,-2.94516,13.164169

98800816556957,0.14987183,-2.7420654,13.072006

98800826627757,0.09056091,-2.527832,13.0429535

98800836698558,0.0158844,-2.499115,12.905762

98800846769359,-0.06098938,-2.496704,12.75322

98800856840160,-0.2991333,-2.4264526,12.055954

98800866910961,-0.556427,-2.3481445,11.294037

98800876981761,-0.8494873,-2.0588837,10.900803

98800887052562,-1.1433411,-1.7650299,10.515564

98800897123363,-1.1874847,-1.533081,10.129471

98800907194164,-1.2102661,-1.3064117,9.743317

98800917264964,-1.2173309,-1.2695312,9.024765

98800927335765,-1.2233276,-1.2455444,8.2836

98800937406566,-1.3731079,-1.0595093,7.656555

98800947477367,-1.5302124,-0.8652344,7.0353394

98800957548168,-1.8115692,-0.58029175,6.5337524

98800967618968,-2.0972137,-0.29222107,6.0362854

98800958616283,-0.73254395,-1.8906403,10.561127

98800977689769,-2.289154,0.118881226,5.4415436

98800987760570,-2.4810944,0.53001404,4.846756

98800997831371,-2.3602448,0.9479523,4.226013

98801007902171,-2.2364197,1.3661346,3.6067352

98801017972972,-2.098709,1.8079987,3.1696625

98801028043773,-1.9649658,2.2464294,2.730545

98801038114574,-2.0141296,2.527069,2.196869

98801048185375,-2.0642853,2.805603,1.6632996

98801058256175,-2.1402588,3.0288696,1.1325989

98801068326976,-2.2162323,3.2521515,0.6018982

98801078397777,-2.0232391,3.7155762,0.024154663

98801088468578,-1.8401642,4.2088013,-0.5645447

98801098539379,-1.8030396,5.1404114,-1.314148

98801108610179,-1.7978058,6.0844116,-2.02742

98801118680980,-2.1815643,7.1793365,-2.2972565

98801128751781,-2.5744781,8.23056,-2.5573883

98801138822582,-3.0589905,8.844589,-2.7204895

98801148893382,-3.5032654,9.392548,-2.9176025

98801158964183,-3.6083832,9.383499,-3.401352

98801169034984,-3.7134857,9.374466,-3.8851013

98801160032298,-2.4309387,4.7279816,0.16604614

98801179105785,-3.6332855,9.387192,-4.456726

98801189176586,-3.5835571,9.435501,-4.965454

98801199247386,-3.7373047,9.7213745,-5.0543365

98801209318187,-3.9025269,9.979187,-5.106018

98801219388988,-4.1336365,10.076187,-4.9443665

98801229459789,-4.335327,10.128708,-4.7930756

98801239530589,-4.383301,9.948822,-4.695938

98801249601390,-4.4104156,9.729721,-4.5749817

98801259672191,-4.3396454,9.326767,-4.3423157

98801269742992,-4.282181,8.918457,-4.108139

98801279813793,-4.2809753,8.487366,-3.867447

98801289884593,-4.2822113,8.057617,-3.5872498

98801299955394,-4.2929993,7.633087,-3.1519165

98801310026195,-4.28627,7.194153,-2.702713

98801320096996,-4.2167053,6.7036285,-2.2037964

98801330167796,-4.178192,6.216675,-1.7229614

98801340238597,-4.2416534,5.741287,-1.3014679

98801350309398,-4.352539,5.2766113,-0.87597656

98801360380199,-4.6091766,4.844879,-0.43824768

98801358823802,-4.229782,8.000275,-3.3069153

98801370451000,-4.844879,4.431885,0.023544312

98801380521800,-5.021179,4.072113,0.5536194

98801390592601,-5.107254,3.7147827,1.0564117

98801400663402,-4.956375,3.3639374,1.4874725

98801410734203,-4.7612457,2.9960175,1.8248596

98801420805004,-4.4566193,2.5858612,1.9303894

98801430875804,-4.2635803,2.1938782,2.0827942

98801440946605,-4.327133,1.8437042,2.343048

98801451017406,-4.375046,1.4792023,2.8919373

98801461088207,-4.3894196,1.0840454,4.0594482

98801471159007,-4.229904,0.64234924,5.166931

98801481229808,-3.717804,0.10626221,6.1527557

98801491300609,-3.1564178,-0.5234375,6.901581

98801501371410,-2.5016174,-1.3305359,7.2014008

98801511442211,-2.0863953,-1.995575,7.3883514

98801521513011,-2.0959778,-2.4087067,7.375183

98801531583812,-2.1198883,-2.8048248,7.7174377

98801541654613,-2.1679382,-3.1723633,8.657913

98801551725414,-1.9547272,-3.5858002,9.706787

98801561796214,-1.3344574,-4.0707703,10.924591

98801558805492,-3.3740387,-0.08656311,5.4538116

98801571867015,-0.72961426,-4.3530426,11.840286

98801581937816,-0.14767456,-4.335083,12.308472

98801592008617,0.0796814,-4.1269226,12.674423

98801602079418,-0.19255066,-3.6508179,12.896286

98801612150218,-0.46376038,-3.287201,13.13002

98801622221019,-0.73358154,-3.0725403,13.379456

98801632291820,-0.6213379,-3.138565,13.746094

98801642362621,-0.03338623,-3.5540771,14.258591

98801652433421,0.4825287,-3.8606873,14.562393

98801662504222,0.9130707,-4.0381775,14.618759

98801672575023,1.0493774,-4.0042114,14.713104

98801682645824,0.85749817,-3.734375,14.849823

98801692716625,0.641037,-3.3779602,15.023392

98801702787425,0.39878845,-2.9306335,15.235672

98801712858226,0.3427124,-2.6960602,15.2413025

98801722929027,0.47058105,-2.671692,15.042801

98801732999828,0.5328522,-2.7751923,14.737106

98801743070629,0.5411072,-2.983963,14.343155

98801753141429,0.4038086,-3.0921936,13.959702

98801763212230,0.13757324,-3.1113892,13.5855255

98801758787181,0.25149536,-3.3736115,14.109558

98801773283031,-0.057250977,-2.9483337,13.316818

98801783353832,-0.19256592,-2.6334076,13.136002

98801793424632,-0.20762634,-2.320221,12.985794

98801803495433,-0.12728882,-2.0084076,12.859879

98801813566234,-0.064437866,-1.8637695,12.636383

98801823637035,-0.014633179,-1.8438568,12.340103

98801833707836,-0.035949707,-1.8554382,12.007217

98801843778636,-0.09379578,-1.883194,11.655518

98801853849437,-0.13989258,-1.8399811,11.406708

98801863920238,-0.17826843,-1.7500305,11.225616

98801873991039,-0.2328949,-1.6934814,11.046173

98801884061839,-0.29756165,-1.6575623,10.867767

98801894132640,-0.3244934,-1.6843414,10.670273

98801904203441,-0.32928467,-1.7479095,10.461594

98801914274242,-0.29638672,-1.7817078,10.220215

98801924345043,-0.24276733,-1.7991638,9.960876

98801934415843,-0.1930542,-1.7842865,9.857773

98801944486644,-0.14476013,-1.7578278,9.810623

98801954557445,-0.15351868,-1.721756,9.863068

98801964628246,-0.19081116,-1.6808472,9.965317

98801958768871,-0.18649292,-1.8451691,11.164795

98801974699046,-0.20326233,-1.6419678,10.048645

98801984769847,-0.20445251,-1.6039886,10.123413

98801994840648,-0.19825745,-1.6460419,10.202148

98802004911449,-0.18864441,-1.7254333,10.282745

98802014982250,-0.14256287,-1.8037109,10.4831085

98802025053050,-0.08106995,-1.8815155,10.73407

98802035123851,-0.0138549805,-1.9546661,11.001175

98802045194652,0.054763794,-2.026703,11.272171

98802055265453,0.09109497,-2.091858,11.543793

98802065336254,0.11515808,-2.154419,11.815659

98802075407054,0.09361267,-2.1908722,12.114273

98802085477855,0.056488037,-2.2184143,12.422012

98802095548656,0.1583252,-2.230545,12.830048

98802105619457,0.30464172,-2.237732,13.270172

98802115690257,0.4486084,-2.3267822,13.411972

98802125761058,0.5918884,-2.4398956,13.466019

98802135831859,0.49287415,-2.4285278,13.693314

98802145902660,0.36042786,-2.3999786,13.944489

98802155973461,0.21931458,-2.48497,14.121567

98802166044261,0.07594299,-2.5994263,14.279388

98802158872630,0.11129761,-2.1386719,12.211212

98802176115062,-0.015182495,-2.7424622,14.218384

98802186185863,-0.094696045,-2.891861,14.108749

98802196256664,-0.122406006,-2.934616,14.030762

98802206327464,-0.14042664,-2.9574432,13.958694

98802216398265,-0.18792725,-2.9434814,13.945435

98802226469066,-0.24021912,-2.9235687,13.941696

98802236539867,-0.3623352,-2.8644714,13.973282

98802246610668,-0.48825073,-2.803238,14.006775

98802256681468,-0.5428314,-2.7601776,13.719849

98802266752269,-0.5884094,-2.7194061,13.392441

98802276823070,-0.69895935,-2.6818695,13.094284

98802286893871,-0.81648254,-2.644699,12.799271

98802296964671,-0.9626465,-2.4985046,12.504242

98802307035472,-1.1113586,-2.3426056,12.2092285

98802317106273,-1.1995392,-2.2999878,11.774063

98802327177074,-1.2837524,-2.2654877,11.328827

98802337247875,-1.4888763,-2.2433472,10.860306

98802347318675,-1.6940002,-2.2212067,10.3918

98802357389476,-1.9405518,-1.9369354,10.16481

98802367460277,-2.188797,-1.641922,9.947754

98802358701732,-0.8715668,-2.5404816,12.596344

98802377531078,-2.2837524,-1.4849701,9.597275

98802387601879,-2.3748932,-1.3314667,9.2435

98802397672679,-2.1439972,-1.1268616,8.5355835

98802407743480,-1.9120178,-0.9202728,7.8254547

98802417814281,-1.9890289,-0.4641266,7.2863617

98802427885082,-2.06604,-0.007965088,6.747284

98802437955882,-2.3860474,0.50746155,6.47052

98802448026683,-2.7008667,1.0172119,6.190033

98802458097484,-2.8257751,1.3390961,5.764847

98802468168285,-2.9359894,1.6560669,5.341629

98802478239086,-2.7575684,1.8764038,4.95726

98802488309886,-2.57695,2.0949402,4.5435486

98802498380687,-2.3622742,2.285614,3.6752777

98802508451488,-2.171585,2.4783478,2.817093

98802518522289,-2.2734985,2.6959076,2.081955

98802528593089,-2.375412,2.9134674,1.346817

98802538663890,-2.6012726,3.4905243,0.91104126

98802548734691,-2.8085175,4.081497,0.51097107

98802558805492,-2.8504944,4.7842865,0.41381836

98802558683421,-2.4816437,1.7265778,4.5040436

98802568876293,-2.8961487,5.4404297,0.27926636

98802578947093,-2.9692993,5.748642,-0.13447571

98802589017894,-3.0701141,6.0320587,-0.5982666

98802599088695,-3.3507538,6.1543884,-1.3873901

98802609159496,-3.6434784,6.3356476,-2.108841

98802619230296,-4.005661,6.8549347,-2.4422455

98802629301097,-4.3095703,7.36351,-2.6879883

98802639371898,-4.3155518,7.817337,-2.485611

98802649442699,-4.2838135,8.249802,-2.3944702

98802659513500,-4.0751343,8.582001,-2.8250122

98802669584300,-3.9414978,8.849411,-3.2339325

98802679655101,-4.1259155,8.842224,-3.5512543

98802689725902,-4.355652,8.819214,-3.8209534

98802699796703,-4.7634125,8.734055,-3.9037018

98802709867504,-5.0913696,8.608887,-3.8933258

98802719938304,-5.1333466,8.3402405,-3.549118

98802730009105,-5.1213837,8.096283,-3.2318726

98802740079906,-4.9321747,7.933441,-3.0031586

98802750150707,-4.8026886,7.786972,-2.7648468

98802760221507,-4.856735,7.6908875,-2.4970093

98802758634593,-4.336426,7.7674713,-2.6953888

98802770292308,-4.9457855,7.5364685,-2.2306366

98802780363109,-5.1325836,7.2191467,-1.968399

98802790433910,-5.2920227,6.8180237,-1.6908264

98802800504711,-5.3795624,6.1967926,-1.3730164

98802810575511,-5.3993683,5.5875397,-0.9848633

98802820646312,-5.2540283,5.0074005,-0.42514038

98802830717113,-5.06308,4.500519,0.08685303

98802840787914,-4.770157,4.157364,0.49217224

98802850858714,-4.558975,3.8398438,0.7994385

98802860929515,-4.522995,3.5772095,0.8965759

98802871000316,-4.61615,3.3657227,1.032898

98802881071117,-4.9675293,3.2565918,1.2475739

98802891141918,-5.2215424,3.1215515,1.6803894

98802901212718,-5.293503,2.9380646,2.5210724

98802911283519,-5.0872345,2.6036987,3.274109

98802921354320,-4.394058,2.0052643,3.8737335

98802931425121,-3.7652283,1.3092041,4.278

98802941495921,-3.2419434,0.45303345,4.3618164

98802951566722,-3.0313416,-0.15553284,4.612747

98802961637523,-3.307953,-0.37826538,5.124054

98802958646800,-4.582794,3.1738434,1.7297211

98802971708324,-3.4735565,-0.57984924,6.0044556

98802981779125,-3.474762,-0.7501526,7.431595

98802991849925,-3.0530548,-1.1792145,8.496994

98803001920726,-2.042923,-1.9683533,9.059113

98803011991527,-1.1824493,-2.571228,9.306564

98803022062328,-0.51530457,-2.933487,9.1475525

98803032133129,-0.2393341,-3.0590668,9.661423

98803042203929,-0.45040894,-2.8899689,11.0130005

98803052274730,-0.4996338,-3.0484314,12.283371

98803062345531,-0.35931396,-3.5904999,13.458649

98803072416332,-0.018173218,-4.221573,14.124451

98803082487132,0.544281,-4.9507294,14.228775

98803092557933,0.76890564,-5.135605,14.579346

98803102628734,0.6431885,-4.756012,15.185242

98803112699535,0.44737244,-4.218689,15.767487

98803122770336,0.18234253,-3.5255127,16.32634

98803132841136,0.12289429,-3.213852,16.530472

98803142911937,0.25460815,-3.2569733,16.40474

98803152982738,0.30755615,-3.265747,16.106186

98803163053539,0.29074097,-3.2441254,15.654572

98803158597972,-0.38786316,-3.2662506,13.067429

98803173124339,0.12696838,-3.063614,15.294479

98803183195140,-0.1578064,-2.752304,15.009705

98803193265941,-0.3517151,-2.5662537,14.722885

98803203336742,-0.47868347,-2.472519,14.43454

98803213407543,-0.41682434,-2.3691406,14.123383

98803223478343,-0.21231079,-2.2584686,13.794968

98803233549144,-0.12864685,-2.0702667,13.381851

98803243619945,-0.12864685,-1.8283844,12.910049

98803253690746,-0.1807251,-1.5848236,12.5737915

98803263761546,-0.26707458,-1.3401642,12.326721

98803273832347,-0.3655548,-1.1349945,12.090576

98803283903148,-0.47154236,-0.9542084,11.86116

98803293973949,-0.58158875,-0.91630554,11.571457

98803304044750,-0.6933136,-0.93704224,11.257019

98803314115550,-0.6669159,-0.9290161,10.980988

98803324186351,-0.5636139,-0.9049988,10.726364

98803334257152,-0.48895264,-0.8271332,10.56308

98803344327953,-0.4289856,-0.72158813,10.446747

98803354398754,-0.35766602,-0.6760254,10.346634

98803364469554,-0.2809143,-0.6592407,10.254288

98803358579662,-0.38002014,-1.4328918,12.202881

98803374540355,-0.32514954,-0.6557617,10.1707

98803384611156,-0.42349243,-0.6582489,10.091034

98803394681957,-0.47753906,-0.6623993,10.03035

98803404752757,-0.5189972,-0.66700745,9.975067

98803414823558,-0.47354126,-0.68374634,9.899185

98803424894359,-0.39294434,-0.70539856,9.814972

98803434965160,-0.2880249,-0.70414734,9.783737

98803445035961,-0.17427063,-0.6945648,9.771759

98803455106761,-0.18823242,-0.6787262,9.766037

98803465177562,-0.24578857,-0.6607361,9.762436

98803475248363,-0.31552124,-0.7654877,9.780548

98803485319164,-0.38909912,-0.9088745,9.805481

98803495389964,-0.37158203,-0.8595581,9.801331

98803505460765,-0.33816528,-0.7766266,9.792114

98803515531566,-0.31776428,-0.6502075,9.811859

98803525602367,-0.30093384,-0.51187134,9.839523

98803535673168,-0.2947693,-0.40782166,9.996429

98803545743968,-0.2911682,-0.31202698,10.184418

98803555814769,-0.1875,-0.34170532,10.205856

98803565885570,-0.061569214,-0.39927673,10.190262

98803558561351,-0.31121826,-0.62641907,9.920578

98803575956371,0.012329102,-0.39434814,10.196991

98803586027171,0.07582092,-0.3769226,10.208206

98803596097972,-0.04812622,-0.32759094,10.182434

98803606168773,-0.18811035,-0.27552795,10.153519

98803616239574,-0.2671814,-0.3532257,10.063736

98803626310375,-0.3366394,-0.45141602,9.964355

98803636381175,-0.2790985,-0.47831726,9.941498

98803646451976,-0.20355225,-0.49510193,9.929504

98803656522777,-0.20706177,-0.5151062,9.869431

98803666593578,-0.22024536,-0.53549194,9.803482

98803676664379,-0.28352356,-0.58477783,9.87059

98803686735179,-0.35198975,-0.6370697,9.951508

98803696805980,-0.48387146,0.13764954,10.208054

98803706876781,-0.61613464,0.9174347,10.465683

98803716947582,-0.52371216,0.023345947,10.023102

98803727018382,-0.4128723,-1.0079498,9.523117

98803737089183,-0.28222656,-1.1246948,9.524612

98803747159984,-0.1505127,-1.191742,9.553345

98803757230785,-0.16226196,-1.1446838,9.678741

98803767301586,-0.17990112,-1.0929413,9.80809

98803758939769,-0.26004028,-0.51478577,9.934143

98803777372386,0.005722046,-0.9166565,10.211578

98803787443187,0.20515442,-0.7319031,10.6336975

98803797513988,-0.17628479,-0.73968506,10.39505

98803807584789,-0.56307983,-0.74923706,10.150314

