98559708051661,-1.6758881,-0.82066345,9.65683

98559727369288,-1.3140717,-1.0563202,9.692535

98559737409571,-1.3235931,-1.087265,9.813934

98559750898341,-1.3592987,-0.9301605,9.735382

98559757184962,-1.4806976,-0.89445496,9.713959

98559777173975,-1.6092377,-1.0301361,9.602081

98559787305811,-1.5878143,-1.1681976,9.6996765

98559797559717,-1.521164,-1.2681732,9.6996765

98559805585841,-1.3783417,-1.3110199,9.809174

98559817182520,-1.3212128,-1.2872162,9.97818

98559827192286,-1.2878876,-1.1348724,9.932953

98559837720850,-1.297409,-1.0325165,9.837738

98559848066309,-1.3688202,-1.0110931,9.792511

98559858045557,-1.3640594,-0.9991913,9.654449

98559867322901,-1.3712006,-0.9753876,9.666351

98559878065089,-1.4354706,-1.0706024,9.747284

98559888044337,-1.4354706,-1.1396332,9.794891

98559898054102,-1.4664154,-1.0753632,9.906769

98559908216456,-1.5116425,-1.0372772,10.025787

98559917341212,-1.547348,-1.0110931,10.180511

98559927747706,-1.5616302,-0.96824646,10.17337

98559938001612,-1.5497284,-0.9753876,10.218597

98559947950342,-1.611618,-0.88731384,10.332855

98559957960108,-1.6711273,-0.6754608,10.611359

98559967359522,-1.7425385,-0.47789,10.74942

98559962598780,-1.4820099,-1.0268097,9.970688

98559978040674,-1.8901215,-0.330307,11.042206

98559987348536,-2.054367,-0.41600037,11.237396

98560002210596,-2.1043549,-0.6754608,11.496857

98560012952784,-2.00914,-1.0634613,11.45163

98560022352198,-1.7282562,-1.9418182,11.394501

98560033033350,-1.4235687,-2.5797577,11.696808

98560042951563,-1.2117157,-2.5797577,12.246674

98560052961329,-1.0903168,-2.2108002,12.93222

98560062971094,-1.059372,-1.882309,13.76535

98560072339991,-1.1403046,-1.6585541,14.541351

98560082960108,-1.1641083,-1.779953,15.229279

98560092969874,-1.2212372,-1.9537201,15.614899

98560102949122,-1.297409,-2.0798798,15.917206

98560112928370,-1.4997406,-2.0655975,16.188568

98560122327784,-1.6354218,-1.8489838,16.448029

98560132947901,-1.7711029,-1.5776215,16.876495

98560142957667,-1.7711029,-1.7252045,17.1669

98560152936915,-1.7092133,-1.9037323,17.131195

98560162946680,-1.5878143,-2.0822601,16.726532

98560172315577,-1.5735321,-2.0584564,16.07193

98560167554835,-1.5471039,-1.7206879,14.258804

98560182935694,-1.7068329,-1.8918304,15.572052

98560192945460,-1.9115448,-1.9013519,15.514923

98560202924708,-2.0400848,-1.965622,15.060272

98560212934473,-2.1400604,-2.234604,14.410431

98560222303370,-2.194809,-2.517868,13.417816

98560232923487,-2.213852,-2.6178436,12.208588

98560242933253,-2.2352753,-2.6725922,11.475433

98560252912501,-2.07341,-2.5702362,10.7065735

98560262922266,-1.9781952,-2.3917084,9.821075

98560272291163,-2.2828827,-2.2774506,8.766571

98560282941798,-2.7422943,-2.177475,7.707306

98560292921046,-3.1683807,-2.1798553,6.8194275

98560302900294,-3.3445282,-2.0275116,6.0743713

98560313001612,-3.2326508,-1.6633148,5.726837

98560322278956,-2.8803558,-1.5823822,5.457855

98560332929591,-2.6685028,-1.0801239,4.7342224

98560342939356,-2.4090424,-0.84446716,4.0224915

98560352918604,-2.387619,-0.70402527,3.0346375

98560362928370,-2.5780487,-0.32792664,1.7587585

98560372297266,-2.7184906,-0.03514099,0.7970886

98560367536524,-2.445343,-1.7831726,8.654343

98560382947901,-2.7970428,0.20765686,0.32815552

98560392927149,-2.6423187,0.8479767,-0.4621277

98560402936915,-2.5851898,1.4026031,-0.86917114

98560412916163,-2.5447235,1.8548737,-1.3452454

98560422285059,-2.6256561,2.421402,-1.9831848

98560432935694,-2.7303925,3.037918,-2.5401917

98560442914942,-2.9160614,3.8305817,-3.197174

98560452924708,-2.9755707,4.78273,-3.754181

98560462903956,-3.080307,5.834854,-4.461151

98560472272852,-3.2612152,6.7346344,-5.244293

98560482923487,-3.632553,7.4416046,-5.9393616

98560492902735,-3.9324799,8.024796,-6.9700623

98560502912501,-4.246689,8.543716,-7.731781

98560512922266,-4.5847015,8.729385,-8.1197815

98560522291163,-4.8036957,8.812698,-8.253082

98560532911280,-4.934616,8.922195,-8.345917

98560542921046,-4.972702,9.391129,-8.329254

98560553113917,-4.965561,9.733902,-7.7865295

98560562910059,-4.998886,9.874344,-7.050995

98560572278956,-4.9441376,9.838638,-6.372589

98560567518214,-3.708725,6.013382,-4.921402

98560583021143,-4.7894135,9.552994,-5.748932

98560592908839,-4.6608734,9.131668,-5.0586243

98560602888087,-4.537094,8.691299,-4.3540344

98560612897852,-4.4371185,8.103348,-3.7660828

98560622297266,-4.4490204,7.327347,-3.3042908

98560633100489,-4.5775604,6.5370636,-3.1495667

98560642896632,-4.7703705,5.9276886,-2.5830383

98560652906397,-4.927475,5.3563995,-1.6356506

98560662885645,-4.922714,4.8636627,-0.6430359

98560672285059,-5.0131683,4.339981,0.082977295

98560682661036,-5.1036224,3.730606,0.651886

98560692884424,-5.2202606,3.1616974,0.9065857

98560702894190,-5.484482,2.690384,1.2707825

98560712903956,-5.755844,2.190506,1.537384

98560722333887,-5.98674,1.728714,1.972992

98560732954005,-5.979599,1.331192,3.0417786

98560742902735,-5.7320404,0.9788971,4.4509583

98560752912501,-5.3154755,0.35762024,5.629242

98560762922266,-4.7775116,-0.4707489,6.521881

98560772993067,-4.3918915,-1.356247,6.9717712

98560768232325,-5.0416107,4.2087097,0.13975525

98560782178858,-4.075302,-2.094162,7.0289

98560792982081,-3.9943695,-2.3679047,6.874176

98560802900294,-4.0848236,-2.2750702,7.514496

98560812879542,-4.215744,-2.01799,8.7118225

98560822919825,-4.3038177,-1.7394867,10.051971

98560832166651,-4.2752533,-1.6442719,11.177887

98560842756251,-4.208603,-1.8013763,11.575409

98560852949122,-4.144333,-1.9108734,11.308807

98560862928370,-4.0395966,-1.8918304,10.6232605

98560872999171,-4.003891,-1.5966644,9.899628

98560882184962,-4.0205536,-1.2657928,9.806793

98560892988184,-3.792038,-0.81114197,10.375702

98560902936915,-3.523056,-0.4302826,11.2326355

98560912916163,-2.9612885,-0.35411072,11.865814

98560923017481,-2.5447235,-0.6349945,12.201447

98560932203272,-2.2566986,-0.7682953,11.958649

98560943037012,-2.1995697,-0.9158783,11.551605

98560952924708,-2.3661957,-1.0348969,11.396881

98560962903956,-2.5042572,-1.208664,11.401642

98560972944239,-2.4423676,-1.2967377,11.7586975

98560968183497,-3.497818,-1.4030151,10.415817

98560982160548,-2.0972137,-1.4324188,12.508514

98560992994288,-1.6163788,-1.69664,12.687042

98561002912501,-1.1617279,-1.8561249,12.920319

98561012922266,-0.94273376,-1.9322968,12.86557

98561022932032,-1.0046234,-1.8942108,12.832245

98561032178858,-1.187912,-1.5466766,12.8941345

98561042982081,-1.3878632,-1.1182098,12.858429

98561052900294,-1.399765,-0.8587494,12.941742

98561062910059,-1.3069305,-0.7183075,12.941742

98561072919825,-1.1760101,-0.8920746,12.641815

98561082166651,-1.0784149,-1.1039276,12.244293

98561093000391,-1.059372,-1.3514862,12.037201

98561102918604,-1.123642,-1.5252533,11.834869

98561112897852,-1.1783905,-1.4538422,11.7586975

98561122907618,-1.1926727,-1.3943329,11.8420105

98561132184962,-1.040329,-1.2634125,11.715851

98561142927149,-0.8832245,-1.0277557,11.511139

98561152906397,-0.78086853,-0.8516083,11.265961

98561162916163,-0.78086853,-0.7587738,11.094574

98561172925928,-0.8308563,-0.6373749,10.897003

98561168165186,-1.1614838,-1.2656708,12.214661

98561182172755,-0.9332123,-0.5707245,10.725616

98561192914942,-1.0641327,-0.54216003,10.656586

98561202894190,-1.1022186,-0.5183563,10.5399475

98561212903956,-1.0284271,-0.6540375,10.547089

98561222913721,-0.873703,-0.79447937,10.551849

98561232282618,-0.72612,-0.8968353,10.278107

98561242933253,-0.6856537,-0.958725,10.240021

98561252881983,-0.7665863,-0.8825531,10.347137

98561262922266,-0.8998871,-0.86351013,10.480438

98561272901514,-0.97605896,-0.82066345,10.601837

98561282300928,-0.96891785,-0.82066345,10.635162

98561292921046,-0.9165497,-0.9301605,10.930328

98561302900294,-0.8665619,-1.0277557,11.208832

98561312910059,-0.80467224,-1.0801239,11.5468445

98561322919825,-0.7570648,-1.1396332,12.106232

98561332319239,-0.63090515,-1.2181854,12.651337

98561342908839,-0.54997253,-1.1467743,13.015533

98561352888087,-0.46665955,-1.1182098,13.496368

98561362928370,-0.39762878,-1.189621,14.08194

98561372938135,-0.35240173,-1.3086395,14.817474

98561368177393,-0.7883606,-0.9240875,11.472931

98561382337549,-0.3381195,-1.5514374,15.574432

98561392927149,-0.3047943,-1.7966156,16.13382

98561402906397,-0.25004578,-1.8965912,16.51706

98561412916163,-0.19529724,-1.9180145,16.771759

98561422895411,-0.13578796,-1.8894501,16.878876

98561432325342,-0.13102722,-1.7061615,16.705109

98561442914942,-0.25004578,-1.5823822,16.419464

98561452924708,-0.5190277,-1.3967133,15.717255

98561462903956,-0.86894226,-1.2515106,15.298309

98561472883204,-1.1950531,-1.4038544,15.384003

98561482313135,-1.4592743,-1.4800262,15.079315

98561492902735,-1.4330902,-1.7085419,14.734161

98561502912501,-1.2855072,-1.9180145,14.174774

98561512891749,-1.123642,-2.1084442,13.446381

98561522870997,-1.1593475,-2.0251312,12.508514

98561532361964,-1.4664154,-1.7252045,11.423065

98561542890528,-1.9591522,-1.2776947,10.604218

98561552900294,-2.4352264,-0.7611542,10.068634

98561562910059,-2.6470795,-0.15892029,9.2117

98561572889307,-2.811325,0.5813751,8.428558

98561568128565,-1.0984039,-1.4487305,14.05397

98561582288721,-2.804184,0.9051056,7.945343

98561592908839,-2.6923065,0.8122711,7.597809

98561602888087,-2.6875458,0.86701965,6.919403

98561612897852,-2.599472,0.47901917,6.314789

98561622907618,-2.4923553,0.09101868,5.03891

98561632307032,-2.4828339,-0.05656433,3.8558655

98561642896632,-2.387619,0.05769348,2.8465881

98561652906397,-2.4685516,0.8527374,2.0229797

98561662885645,-2.4828339,1.4287872,1.7111511

98561672864893,-2.4661713,1.9691315,1.5707092

98561682294825,-2.5256805,2.6689606,0.780426

98561692914942,-2.7113495,3.1616974,-0.07650757

98561702894190,-2.9803314,3.5401764,-0.7311096

98561712903956,-3.3016815,3.9781647,-1.407135

98561722913721,-3.5254364,4.5089874,-1.683258

98561732282618,-3.5920868,4.6232452,-1.8094177

98561742902735,-3.5778046,4.551834,-2.14505

98561752881983,-3.523056,4.389969,-2.6758728

98561762891749,-3.568283,4.306656,-3.5661316

98561772901514,-3.8539276,4.6756134,-4.377838

98561768140772,-2.9361725,2.3905792,1.4065857

98561782270411,-4.158615,5.244522,-5.011017

98561792890528,-4.6489716,5.949112,-5.660858

98561802900294,-5.1179047,6.7489166,-5.9012756

98561812879542,-5.4559174,7.4011383,-5.7322693

98561822736719,-5.5392303,7.7367706,-5.725128

98561832288721,-5.555893,7.8010406,-5.8179626

98561842725733,-5.4773407,7.853409,-5.8631897

98561852888087,-5.5463715,7.9486237,-5.986969

98561862897852,-5.8034515,8.091446,-5.8370056

98561872907618,-6.0200653,8.334244,-5.577545

98561882276514,-6.134323,8.5699005,-5.22287

98561892927149,-5.9748383,8.529434,-4.699188

98561902906397,-5.6249237,8.3390045,-4.1374207

98561912885645,-5.2964325,8.003372,-3.6256409

98561922895411,-5.1107635,7.572525,-3.2447815

98561932294825,-5.127426,7.053604,-2.856781

98561942914942,-5.396408,6.4989777,-2.4830627

98561952894190,-5.6939545,6.039566,-2.3973694

98561962903956,-5.948654,5.634903,-2.0022278

98561972913721,-5.8748627,5.2135773,-1.4737854

98561968152979,-5.4753113,7.2282104,-4.4628143

98561982282618,-5.608261,4.961258,-0.61209106

98561992933253,-5.1869354,4.666092,0.3138733

98562002881983,-4.772751,4.2400055,1.4493103

98562012891749,-4.479965,3.5020905,2.403839

98562022901514,-4.337143,2.6856232,2.8703918

98562032270411,-4.4561615,1.7049103,2.8870544

98562042768458,-4.7370453,0.8075104,2.672821

98562052900294,-4.89653,0.3528595,3.275055

98562062879542,-4.548996,0.086257935,4.8580017

98562072889307,-3.8277435,-0.19462585,6.617096

98562082258204,-3.1017303,-0.45170593,8.107208

98562092786768,-2.451889,-0.9253998,8.854645

98562102857569,-2.13768,-1.7513885,8.849884

98562112867335,-2.2876434,-2.2203217,8.666595

98562122877100,-2.6661224,-2.703537,8.745148

98562132276514,-3.0088959,-2.5845184,9.654449

98562142957667,-2.925583,-1.8513641,11.270721

98562152875880,-2.4495087,-1.3681488,12.689423

98562162885645,-1.9234467,-1.042038,13.382111

98562172864893,-1.4497528,-1.3586273,13.746307

98562168104151,-3.562683,0.32774353,6.535095

98562182264307,-1.1331635,-1.908493,13.277374

98562192152003,-1.0926971,-2.427414,12.779877

98562202863673,-1.1831512,-2.6749725,12.713226

98562212873438,-1.2307587,-2.5702362,13.082184

98562222883204,-1.1974335,-2.3488617,13.810577

98562232892969,-1.1926727,-2.0584564,14.327118

98562242139796,-1.1307831,-1.677597,14.634186

98562252851466,-1.0903168,-1.2848358,14.519928

98562262861231,-1.0569916,-0.87779236,14.241425

98562272870997,-1.1545868,-0.46836853,13.808197

98562282880762,-1.3140717,-0.41838074,13.717743

98562292127589,-1.3093109,-0.73735046,13.229767

98562302839258,-1.2926483,-1.1729584,12.701324

98562312849024,-1.2378998,-1.7228241,12.132416

98562322858790,-1.206955,-2.003708,11.599213

98562332899073,-1.2640839,-1.9775238,11.285004

98562342145899,-1.3378754,-1.9037323,11.0065

98562352857569,-1.4521332,-1.6799774,10.866058

98562362867335,-1.3212128,-1.4990692,10.858917

98562372877100,-1.1831512,-1.3943329,10.766083

98562368116358,-1.219101,-1.6403503,12.767853

98562382886866,-1.0141449,-1.337204,10.673248

98562392133692,-0.91178894,-1.3848114,10.608978

98562402936915,-0.8427582,-1.5585785,10.501862

98562412855128,-0.89512634,-1.6180878,10.380463

98562422864893,-0.95225525,-1.6228485,10.266205

98562432905176,-0.9546356,-1.5585785,10.351898

98562442121485,-0.8832245,-1.4943085,10.551849

98562452955225,-0.6904144,-1.4324188,10.775604

98562462873438,-0.46903992,-1.3990936,10.787506

98562472852686,-0.5118866,-1.3491058,10.587555

98562482923487,-0.5523529,-1.2824554,10.501862

98562492139796,-0.80229187,-1.2229462,10.447113

98562502943018,-0.98558044,-1.2181854,10.437592

98562512861231,-1.1307831,-1.1491547,10.49234

98562522840479,-1.0950775,-1.1086884,10.454254

98562532850245,-0.87132263,-1.1491547,10.551849

98562542127589,-0.64042664,-1.2491302,10.628021

98562552869776,-0.51664734,-1.3205414,10.601837

98562562879542,-0.44047546,-1.2634125,10.689911

98562572858790,-0.49760437,-1.253891,10.742279

98562568098048,-0.78289795,-1.3486328,10.551605

98562582868555,-0.578537,-1.2205658,10.892242

98562592145899,-0.6285248,-1.1467743,10.985077

98562602857569,-0.48332214,-1.1467743,11.304047

98562612897852,-0.30717468,-1.2634125,11.544464

98562622907618,-0.21434021,-1.3276825,11.808685

98562632886866,-0.1334076,-1.4252777,12.122894

98562642194727,-0.1738739,-1.484787,12.410919

98562652906397,-0.13816833,-1.5395355,12.794159

98562662885645,-0.19529724,-1.6418915,13.205963

98562672895411,-0.2571869,-1.5919037,13.796295

98562682905176,-0.15959167,-1.5133514,14.3628235

98562692274073,-0.06199646,-1.5966644,15.005524

98562702894190,0.078445435,-1.5157318,15.443512

98562712903956,0.15937805,-1.6038055,15.710114

98562722883204,0.19270325,-1.7323456,15.738678

98562732892969,0.12605286,-1.8918304,15.491119

98562742292383,-0.04295349,-2.2560272,15.455414

98562752973536,-0.20243835,-2.4250336,15.491119

98562762891749,-0.35002136,-2.4678802,15.641083

98562772901514,-0.25242615,-2.7725677,15.717255

98562768140772,-0.18113708,-1.6781921,13.746063

98562782880762,0.035598755,-2.8344574,15.514923

98562792280176,0.31410217,-2.9701385,15.284027

98562802900294,0.2212677,-2.5726166,14.5104065

98562812879542,-0.18101501,-2.037033,14.031952

98562822736719,-0.7999115,-1.587143,13.553497

98562832899073,-1.418808,-1.1920013,12.822723

98562842267969,-1.8520355,-0.82780457,12.377594

98562852918604,-1.9972382,-0.70640564,11.915802

98562862897852,-2.0234222,-0.79447937,11.237396

98562872877100,-1.9591522,-0.7516327,10.399506

98562882886866,-1.8639374,-0.9230194,9.809174

98562892286280,-1.9020233,-0.8492279,8.671356

98562902906397,-2.0876923,-0.63975525,8.081024

98562912916163,-2.304306,-0.3398285,7.3002625

98562922925928,-2.509018,-0.15177917,6.4909363

98562932905176,-2.7494354,0.4028473,5.955353

98562942304591,-3.0112762,0.91700745,5.5483093

98562952924708,-3.201706,1.0598297,4.9460754

98562962903956,-3.2993011,1.1360016,4.001068

98562972913721,-3.3611908,1.2454987,3.2060242

98562968152979,-1.7975311,-0.72080994,9.782867

98562982923487,-3.375473,1.164566,2.2967224

98562992292383,-3.6087494,1.119339,1.5064392

98563002912501,-3.7634735,1.0645905,0.62332153

98563012922266,-4.1110077,1.4716339,-0.21694946

98563022901514,-4.3204803,1.9239044,-0.6335144

98563032911280,-4.484726,2.5213776,-0.6977844

98563042280176,-4.496628,3.1712189,-0.7406311

98563052869776,-4.415695,3.5425568,-1.073883

98563062879542,-4.4633026,3.7782135,-1.5332947

98563072858790,-4.5918427,4.178116,-2.240265

98563082838038,-4.7061005,4.6970367,-2.9115295

98563092267969,-4.9250946,5.154068,-3.401886

98563102888087,-5.048874,5.461136,-3.8589172

98563112867335,-5.0655365,5.6253815,-4.208832

98563122877100,-5.041733,5.8491364,-4.8110657

98563132856348,-5.0607758,6.334732,-5.249054

98563142286280,-5.165512,7.0178986,-5.3609314

98563152875880,-5.275009,7.939102,-5.237152

98563162855128,-5.339279,8.729385,-4.8348694

98563172864893,-5.210739,9.14595,-4.6682434

98563168104151,-4.6235046,4.494461,-2.3626099

98563182874659,-5.1631317,9.312576,-4.7658386

98563192274073,-5.1631317,9.383987,-4.884857

98563202711085,-5.2821503,9.40303,-4.961029

98563212873438,-5.4821014,9.331619,-4.6825256

98563222883204,-5.582077,8.995987,-4.13266

98563232892969,-5.5654144,8.562759,-3.7184753

98563242292383,-5.305954,8.134293,-3.311432

98563252912501,-5.1036224,7.791519,-2.6401672

98563262891749,-4.939377,7.213089,-1.9831848

98563272901514,-5.056015,6.8703156,-1.6523132

98563282880762,-5.339279,6.372818,-1.5523376

98563292280176,-5.632065,5.891983,-1.5475769

98563302900294,-5.8224945,5.4278107,-1.4214172

98563312879542,-5.9177094,4.961258,-1.066742

98563322889307,-5.786789,4.39711,-0.6644592

98563332899073,-5.6558685,3.878189,-0.26693726

98563342267969,-5.5130463,3.3283234,0.23770142

98563352888087,-5.332138,2.6451569,0.49002075

98563362958887,-5.27977,2.3166656,0.83517456

98563372907618,-5.2773895,1.9762726,1.5302429

98563368146876,-5.409973,6.309738,-2.0079346

98563382886866,-5.203598,1.7334747,2.0967712

98563392286280,-5.0512543,1.6834869,2.98703

98563402967432,-4.7560883,1.3621368,3.9725037

98563412916163,-4.272873,0.86701965,4.474762

98563422895411,-3.8253632,0.195755,5.0817566

98563432874659,-3.349289,-0.6683197,6.0505676

98563442274073,-2.996994,-1.5276337,6.8955994

98563452955225,-2.8160858,-2.1679535,7.971527

98563462903956,-2.6899261,-2.517868,8.69516

98563472852686,-2.5423431,-2.5416718,9.368805

98563482892969,-2.1995697,-2.536911,10.037689

98563492261866,-1.8877411,-2.59404,10.542328

98563502790430,-1.6663666,-2.9439545,11.251678

98563512891749,-1.6782684,-3.2653046,12.196686

98563522870997,-1.585434,-3.2724457,13.279755

98563532880762,-1.4402313,-3.2843475,14.136688

98563542890528,-1.502121,-3.1962738,14.389008

98563552961329,-1.5235443,-3.2986298,14.379486

98563562910059,-1.5497284,-3.4462128,14.0867

98563572889307,-1.5378265,-3.1581879,13.484467

98563568128565,-2.7037354,-1.7288971,9.268951

98563582899073,-1.5449677,-2.793991,13.225006

98563592908839,-1.4783173,-2.5035858,13.263092

98563602155665,-1.4259491,-2.3536224,13.582062

98563612989405,-1.1783905,-2.434555,14.139069

98563622907618,-0.7832489,-2.6797333,14.162872

98563632947901,-0.5214081,-2.9391937,14.029572

98563642286280,-0.35002136,-3.165329,13.69632

98563652143458,-0.411911,-3.3224335,13.303558

98563663007716,-0.707077,-3.1105804,12.936981

98563672895411,-1.149826,-2.7582855,12.775116

98563682905176,-1.5068817,-2.4059906,12.487091

98563692274073,-1.5806732,-2.067978,12.634674

98563702131251,-1.4449921,-2.0132294,12.425201

98563712964991,-1.2259979,-1.9703827,11.977692

98563722974757,-1.0879364,-2.0060883,11.594452

98563732892969,-1.0950775,-2.1251068,11.254059

98563742811182,-1.2236176,-2.056076,10.970795

98563752149561,-1.3973846,-2.1036835,10.647064

98563762983301,-1.5259247,-2.0227509,10.4566345

98563772901514,-1.5425873,-1.8751678,10.228119

98563768140772,-1.1591034,-2.4353943,12.489471

98563782880762,-1.4402313,-1.8489838,10.1091

98563792890528,-1.3140717,-1.8751678,10.016266

98563802137354,-1.2259979,-1.9703827,9.840118

98563812971094,-1.0784149,-2.0965424,9.844879

98563822889307,-1.1093597,-2.2108002,9.780609

98563832899073,-1.0736542,-2.1346283,9.790131

98563842756251,-1.1212616,-2.0346527,9.809174

98563852125147,-1.1855316,-1.9037323,9.802032

98563862867335,-1.2259979,-1.844223,9.806793

98563872877100,-1.1855316,-1.8323212,9.780609

98563882886866,-1.085556,-1.8275604,9.9758

98563892896632,-0.98558044,-1.9132538,9.971039

98563902143458,-1.021286,-1.9799042,10.128143

98563912885645,-1.0093842,-2.1251068,10.478058

98563922895411,-1.0355682,-2.260788,10.547089

98563932905176,-1.0641327,-2.3202972,10.754181

98563942914942,-1.0427094,-2.4250336,11.1493225

98563952161768,-0.9712982,-2.4036102,11.71347

98563962903956,-0.9474945,-2.298874,12.201447

98563972822169,-0.91178894,-2.3131561,12.720367

98563968061426,-1.1017456,-2.0809479,10.410934

98563982892969,-0.78086853,-2.3679047,13.134552

98563992902735,-0.7237396,-2.3798065,13.596344

98564002180079,-0.66185,-2.5797577,14.200958

98564012891749,-0.59757996,-2.6345062,14.677032

98564022901514,-0.50712585,-2.7582855,15.257843

98564032911280,-0.37382507,-3.184372,15.848175

98564042890528,-0.33573914,-3.4723969,16.157623

98564052167872,-0.39048767,-3.6485443,16.271881

98564062910059,-0.37382507,-3.6794891,16.407562

98564072889307,-0.40000916,-3.3010101,16.464691

98564082868555,-0.39048767,-2.8796844,16.626556

98564092878321,-0.40000916,-2.5773773,16.607513

98564102277735,-0.3809662,-2.3536224,16.319489

98564112897852,-0.52378845,-2.3917084,15.874359

98564122877100,-0.76420593,-2.5250092,15.30307

98564132886866,-0.9736786,-2.9320526,14.822235

98564142896632,-1.1522064,-3.4128876,13.853424

98564152296046,-1.1641083,-3.7723236,13.146454

98564162885645,-1.0950775,-3.8746796,12.356171

98564172895411,-0.95939636,-3.517624,11.630157

98564168134669,-0.6474457,-3.012146,14.927811

98564182874659,-0.7761078,-3.1177216,11.3159485

98564192884424,-0.6261444,-2.7892303,10.816071

98564202283839,-0.67137146,-2.1893768,9.678253

98564212873438,-0.8641815,-1.6109467,8.623749

98564222883204,-1.3021698,-1.0491791,7.7120667

98564232862452,-1.7044525,-0.27555847,6.855133

98564242902735,-2.0234222,0.23146057,6.329071

98564252271632,-2.2495575,0.69563293,6.1124573

98564262891749,-2.1472015,0.98365784,5.545929

98564272870997,-1.8853607,0.8646393,4.8508606

98564282880762,-1.4687958,0.5575714,3.7106628

98564292890528,-1.4735565,0.42189026,2.4776306

98564302259424,-1.5449677,0.4599762,1.63974

98564312879542,-1.7639618,0.5575714,1.1041565

98564322889307,-2.1019745,1.0764923,0.6114197

98564332868555,-2.3947601,1.9286652,-3.3569336E-4

98564342847803,-2.6161346,2.6641998,-0.53115845

98564352247217,-2.708969,3.2259674,-0.7810974

98564362867335,-2.8589325,3.5735016,-0.9977112

98564372877100,-2.9303436,3.878189,-1.5713806

98564368116358,-1.8056183,0.504364,4.1750793

98564382856348,-3.0826874,4.1376495,-2.4449768

98564392835596,-3.3064423,4.563736,-3.2947693

98564402265528,-3.6111298,5.2921295,-4.0802917

98564412885645,-3.9896088,6.2942657,-4.6944275

98564422834376,-4.453781,7.289261,-5.165741

98564432844141,-4.927475,8.129532,-5.429962

98564442823389,-5.4059296,8.88887,-5.67276

98564452253321,-5.6630096,9.300674,-5.915558

98564462873438,-5.786789,9.293533,-5.986969

98564472852686,-5.8986664,9.091202,-5.8370056

98564482862452,-6.0843353,8.896011,-5.813202

98564492841700,-6.274765,8.900772,-5.6679993

98564502241114,-6.391403,9.019791,-5.5204163

98564512861231,-6.4818573,9.062637,-5.1228943

98564522840479,-6.391403,9.150711,-4.570648

98564532850245,-6.3223724,9.01741,-3.8493958

98564542829493,-6.1248016,8.75795,-3.0210266

98564552259424,-5.998642,8.336624,-2.3997498

98564562879542,-5.8748627,7.7796173,-1.9117737

98564572828272,-5.8272552,7.144058,-1.4785461

98564568067530,-5.394867,7.917328,-4.3939056

98564582899073,-5.843918,6.5037384,-1.0953064

98564592847803,-5.8867645,5.9467316,-0.8072815

98564602247217,-6.0224457,5.351639,-0.5763855

98564612867335,-6.120041,4.8231964,-0.5287781

98564622846583,-6.229538,4.378067,-0.34072876

98564632856348,-6.2152557,3.8996124,0.22579956

98564642866114,-6.0343475,3.4949493,1.1279602

98564652265528,-5.6677704,3.0712433,2.2372131

98564662855128,-5.351181,2.6308746,3.11557

98564672864893,-5.146469,2.2881012,3.4845276

98564682874659,-5.0726776,1.9810333,3.3083801

98564692853907,-5.236923,1.5858917,3.089386

98564702253321,-5.460678,1.2050323,2.7204285

98564712934473,-5.467819,0.89082336,3.0036926

98564723066309,-5.236923,0.64564514,4.231964

98564733045557,-4.651352,0.029129028,5.8506165

98564743055323,-3.946762,-0.8397064,7.1479187

98564752271632,-3.2421722,-1.7561493,7.6596985

98564763044337,-2.785141,-2.3488617,7.6287537

98564773054102,-2.6304169,-2.8273163,7.4169006

98564768293360,-5.1124268,2.0476837,2.9450226

98564783033350,-2.6304169,-2.9034882,7.1336365

98564793043116,-2.8184662,-2.6940155,7.116974

98564802259424,-2.9303436,-2.4250336,7.6930237

98564813032130,-2.7541962,-2.3869476,9.2569275

98564823041895,-2.2876434,-2.3940887,10.023407

98564832929591,-1.6830292,-2.8535004,10.439972

98564842634180,-1.297409,-3.467636,11.099335

98564852247217,-1.0760345,-3.5128632,11.273102

98564863019923,-0.9665375,-3.2986298,11.737274

98564872999171,-0.97843933,-3.139145,12.584686

98564883008936,-0.9236908,-2.8868256,12.7655945

98564893018702,-0.85466003,-2.9106293,13.467804

98564902235010,-0.6904144,-2.8344574,14.243805

98564913434962,-0.58091736,-2.78685,14.5746765

98564922925928,-0.5999603,-2.7654266,15.015045

98564932874659,-0.6499481,-2.9106293,15.253082

98564942884424,-0.77134705,-2.8535004,15.115021

98564952253321,-0.9213104,-2.6916351,14.967438

98564962690333,-0.9998627,-2.620224,14.996002

98564972883204,-0.9951019,-2.453598,14.653229

98564968122462,-1.3704834,-2.8394623,12.170502

98564982862452,-1.0379486,-2.396469,14.391388

98564992872217,-1.1141205,-2.2845917,13.95578

98565002241114,-1.2640839,-2.222702,13.63681

98565012128809,-1.4116669,-2.158432,13.267853

98565022932032,-1.4878387,-2.1298676,13.079803

98565033033350,-1.4878387,-2.1489105,12.563263

98565042860010,-1.4878387,-2.1489105,12.087189

98565052930811,-1.5116425,-2.0584564,11.756317

98565062116602,-1.5830536,-1.991806,11.58255

98565072919825,-1.694931,-1.7823334,11.215973

98565082807520,-1.6330414,-1.6276093,11.039825

98565092817286,-1.6068573,-1.5181122,10.820831

98565102857569,-1.5068817,-1.4395599,10.604218

98565112104395,-1.5425873,-1.446701,10.311432

98565122907618,-1.5259247,-1.4419403,10.116241

98565132825831,-1.5045013,-1.4824066,9.947235

98565142835596,-1.4473724,-1.5895233,9.749664

98565152845362,-1.3712006,-1.5609589,9.533051

98565162092188,-1.3378754,-1.5681,9.378326

98565172895411,-1.3426361,-1.6680756,9.27359

98565168134669,-1.4449921,-1.8332672,11.415573

98565182813624,-1.3592987,-1.6894989,9.187897

98565192884424,-1.4330902,-1.76091,9.076019

98565202741602,-1.5116425,-1.818039,9.073639

98565212110499,-1.5402069,-1.863266,9.14743

98565222913721,-1.4449921,-1.82518,9.328339

98565232831934,-1.3640594,-1.844223,9.571136

98565242841700,-1.316452,-1.8227997,9.661591

98565252759913,-1.3283539,-1.9561005,10.011505

98565262098292,-1.4045258,-2.1489105,10.36618

98565272901514,-1.4473724,-2.248886,10.794647

98565282819727,-1.4735565,-2.3798065,11.104095

98565292798975,-1.380722,-2.5678558,11.51828

98565302747706,-1.3569183,-2.6083221,11.844391

98565312086085,-1.3378754,-2.5488129,12.410919

98565322889307,-1.3283539,-2.4393158,12.920319

98565332807520,-1.3188324,-2.4607391,13.627289

98565342817286,-1.233139,-2.3988495,13.981964

98565352796534,-1.168869,-2.325058,14.379486

98565362073878,-1.0784149,-2.2512665,14.705597

98565372877100,-0.9951019,-2.1179657,14.634186

98565368116358,-1.341095,-2.1537933,11.367249

98565382795313,-0.892746,-1.9751434,14.443756

98565392774561,-0.8832245,-2.1298676,14.629425

98565402814844,-0.7927704,-2.6368866,14.85318

98565412092188,-0.71183777,-3.0320282,14.8055725

98565422803858,-0.72850037,-3.1891327,14.446136

98565432813624,-0.7570648,-3.1415253,14.229523

98565442792872,-0.73088074,-3.1819916,14.1961975

98565452802637,-0.73802185,-3.1748505,14.286652

98565462079981,-0.7523041,-3.2438812,14.177155

98565472791651,-0.86894226,-3.615219,14.198578

98565482831934,-1.0189056,-4.229355,14.329498

98565492811182,-1.0236664,-4.8292084,14.358063

98565502820948,-0.86180115,-5.3124237,14.408051

98565512220362,-0.49760437,-5.41716,14.191437

98565522809962,-0.3881073,-4.7720795,13.662994

98565532819727,-0.4857025,-3.922287,13.496368

98565542798975,-0.6332855,-3.0701141,13.491608

98565552808741,-0.8570404,-2.3298187,12.967926

98565562208155,-1.0950775,-1.9894257,12.463287

98565572797755,-1.1783905,-2.1822357,11.725372

98565568037012,-0.7947998,-3.3687286,13.968033

98565582807520,-1.1474457,-2.3750458,11.106476

98565592817286,-0.7665863,-2.741623,10.220978

98565602796534,-0.42619324,-2.896347,8.828461

98565612195948,-0.21195984,-2.5916595,7.638275

98565622816065,-0.073898315,-2.3274384,6.726593

98565632795313,-0.04295349,-1.6014252,5.3055115

98565642774561,-0.23576355,-0.7611542,4.0605774

98565652784327,-0.50712585,-0.05180359,3.4345398

98565662183741,-0.93559265,0.6551666,2.6585388

98565672803858,-1.1712494,1.2121735,1.8373108

98565682783106,-1.3616791,1.4216461,1.0827332

98565692762354,-1.354538,1.6382599,0.30673218

98565702802637,-1.149826,1.8048859,-0.3383484

98565712202051,-0.957016,1.8453522,-0.9072571

98565722791651,-0.9974823,2.0762482,-1.6475525

98565732801417,-1.2783661,2.7451324,-2.875824

98565742780665,-1.8258514,3.8282013,-3.8589172

98565752790430,-2.4685516,5.282608,-4.5158997

98565762189844,-3.1683807,6.9726715,-4.7253723

98565772779444,-3.7563324,8.496109,-4.287384

98565768018702,-1.1918335,1.1315918,2.0025024

98565782758692,-4.163376,9.314957,-3.7946472

98565792768458,-4.330002,9.376846,-4.0779114

98565802839258,-4.4109344,8.981705,-4.813446

98565812177637,-4.4252167,8.322342,-5.789398

98565822797755,-4.837021,8.05574,-6.820099

98565832807520,-5.3987885,8.284256,-7.5294495

98565842573145,-5.8748627,8.788895,-7.429474

98565852796534,-6.0795746,9.548233,-6.660614

98565862165430,-5.8558197,10.226639,-5.7156067

98565872785548,-5.2464447,10.338516,-5.3823547

98565882795313,-4.5966034,9.981461,-5.1443176

98565892774561,-4.1681366,9.572037,-4.756317

98565902784327,-4.0514984,9.331619,-4.3683167

98565912153223,-4.1800385,9.038834,-3.935089

98565922803858,-4.5727997,8.853165,-3.742279

98565932783106,-4.927475,8.472305,-3.4233093

98565942792872,-5.0798187,7.9081573,-3.1543274

98565952772120,-5.0845795,7.1131134,-2.5782776

98565962141016,-4.9893646,6.1823883,-1.6546936

98565972791651,-4.870346,5.4206696,-0.7882385

98565968030909,-4.857132,8.655594,-4.5779114

98565982801417,-4.8227386,4.6113434,-0.15744019

98565992780665,-4.7656097,3.9448395,0.31863403

98566002790430,-4.775131,3.518753,0.62094116

98566012159327,-4.9441376,3.1569366,0.9613342

98566022779444,-5.0512543,2.8927155,1.2136536

98566032758692,-5.2250214,2.6308746,1.0232239

98566042585352,-5.3678436,2.3357086,0.8304138

98566052778223,-5.222641,1.978653,1.4873962

98566062177637,-4.7656097,1.285965,2.6037903

98566072797755,-4.0086517,0.4671173,3.4393005

98566082777003,-3.144577,-0.3065033,4.365265

98566092786768,-2.3328705,-1.2181854,5.55307

98566102766016,-1.7877655,-1.7823334,6.0362854

98566112165430,-1.7544403,-1.8846893,6.2409973

98566122785548,-2.111496,-1.69664,7.1026917

98566132734278,-2.5423431,-1.0634613,8.940338

98566142774561,-2.497116,-0.6849823,10.306671

98566152784327,-2.0162811,-0.9134979,11.344513

98566162153223,-1.1188812,-1.6918793,12.691803

98566172803858,-0.119125366,-2.78685,13.036957

98566168043116,-3.4186707,0.6396942,4.897995

98566182783106,0.4355011,-3.286728,12.8941345

98566192792872,0.48072815,-3.082016,13.322601

98566202772120,0.07368469,-2.151291,14.227142

98566212171534,-0.5190277,-0.958725,15.2030945

98566222761133,-0.9165497,-0.4302826,16.00766

98566232770899,-0.8260956,-0.54216003,16.343292

98566242780665,-0.40715027,-0.8087616,16.174286

98566252790430,-0.014389038,-1.3657684,15.745819

98566262189844,0.02607727,-1.6894989,15.379242

98566272993067,-0.38334656,-1.7942352,14.8508

98566282758692,-0.9832001,-1.6157074,14.355682

98566292768458,-1.5592499,-1.3848114,14.186676

98566302747706,-1.8710785,-1.1681976,13.853424

98566312147120,-1.8544159,-1.0444183,13.474945

98566322858790,-1.585434,-1.2324677,13.132172

98566332746485,-1.2950287,-1.3776703,12.753693

98566342756251,-1.0236664,-1.4728851,12.684662

98566352735499,-0.7856293,-1.6395111,12.532318

98566362165430,-0.707077,-1.6537933,12.199066

98566372602442,-0.8070526,-1.6038055,11.891998

98566367841700,-0.72612,-1.5151367,14.060638

98566382764796,-0.9832001,-1.484787,11.751556

98566392744044,-1.1593475,-1.3086395,11.537323

98566402753809,-1.2855072,-1.1491547,11.446869

98566412855128,-1.3712006,-1.1086884,11.204071

98566422040919,-1.3592987,-1.068222,11.063629

98566432844141,-1.2950287,-1.0991669,10.827972

98566442762354,-1.1902924,-1.151535,10.663727

98566452772120,-1.1926727,-1.1777191,10.461395

98566462781885,-1.1379242,-1.1800995,10.304291

98566472028712,-1.104599,-1.1634369,10.082916

98566482831934,-1.1212616,-1.2134247,10.056732

98566492750147,-1.1474457,-1.234848,9.942474

98566502759913,-1.1712494,-1.2181854,9.878204

98566512769678,-1.104599,-1.2062836,9.878204

98566522016505,-1.0546112,-1.1086884,9.904388

98566532819727,-0.9046478,-1.087265,10.028168

98566542768458,-0.8760834,-1.003952,9.892487

98566552747706,-0.8760834,-1.0134735,9.935333

98566562757471,-1.0427094,-1.0206146,10.061493

98566572034815,-1.1664886,-1.0396576,10.094818

98566567274073,-1.1272125,-1.151886,10.450806

98566582838038,-1.2426605,-1.1110687,10.092438

98566592756251,-1.1569672,-1.2895966,10.223358

98566602766016,-1.0284271,-1.4895477,10.432831

98566612775782,-0.7999115,-1.5633392,10.578033

98566622022608,-0.6904144,-1.7252045,10.773224

98566632642725,-0.6999359,-1.8013763,11.123138

98566642774561,-0.8165741,-1.82518,11.544464

98566652784327,-0.9832001,-1.7728119,12.110992

98566662824610,-0.9974823,-1.7323456,12.47995

98566672010401,-0.9712982,-1.6871185,12.846527

98566682844141,-0.98558044,-1.6466522,13.029816

98566692731837,-0.83561707,-1.677597,13.298798

98566702741602,-0.76420593,-1.7632904,13.624908

98566712781885,-0.7761078,-1.7894745,13.836761

98566722028712,-0.78800964,-1.8513641,13.981964

98566732831934,-0.77848816,-1.7847137,14.327118

98566742719630,-0.7356415,-1.7847137,14.736542

98566752759913,-0.5832977,-1.908493,14.936493

98566762769678,-0.4618988,-2.0513153,14.907928

98566772016505,-0.42619324,-2.075119,14.78653

98566767255762,-0.8260956,-1.7165222,12.683594

98566782758692,-0.44999695,-2.1560516,14.729401

98566792768458,-0.5761566,-2.1893768,14.655609

98566802778223,-0.73088074,-2.0703583,14.705597

98566812787989,-0.8141937,-1.863266,14.493744

98566822034815,-0.76182556,-1.8846893,14.541351

98566832838038,-0.6594696,-1.9322968,14.234283

98566842542628,-0.7356415,-2.003708,13.791534

98566852643946,-0.8260956,-2.2893524,13.589203

98566862806299,-1.0093842,-2.517868,13.50827

98566871992091,-1.1760101,-2.627365,12.963165

98566882825831,-1.3116913,-2.6606903,12.575165

98566892744044,-1.2926483,-2.832077,12.184784

98566902753809,-1.3116913,-2.8558807,11.939606

98566912733057,-1.2640839,-2.7701874,11.634918

98566922132471,-0.98558044,-2.9272919,11.318329

98566932752589,-0.7165985,-3.005844,10.613739

98566942762354,-0.66185,-3.4057465,10.054352

98566952741602,-0.73802185,-3.608078,9.3402405

98566962751368,-0.9403534,-3.3462372,8.390472

98566972120264,-1.1736298,-2.8177948,7.552582

98566967359522,-0.90678406,-2.588211,12.34082

98566982740382,-1.4878387,-2.177475,7.0836487

98566992750147,-1.5687714,-1.549057,6.912262

98567002729395,-1.3212128,-1.208664,6.022003

98567012739161,-1.0189056,-0.8730316,4.6961365

98567022169092,-0.8141937,-0.5945282,3.3155212

98567032758692,-0.86894226,-0.16368103,1.8444519

98567042737940,-1.1831512,0.5337677,0.51382446

98567052717188,-1.7353973,1.4002228,-0.4454651

98567062726954,-2.285263,2.383316,-1.1833801

98567072126368,-2.6256561,3.102188,-1.6499329

98567082715967,-2.682785,3.685379,-1.9641418

98567092725733,-2.4566498,4.120987,-2.1878967

98567102704981,-2.13768,4.6446686,-2.6758728

98567112714747,-1.9091644,5.346878,-3.920807

98567122114161,-2.0186615,6.1014557,-5.3109436

98567132734278,-2.5590057,6.782242,-6.5677795

98567142713526,-3.3064423,7.727249,-7.8579407

98567152692774,-4.1752777,8.945999,-8.4339905

98567162702540,-4.9322357,9.864822,-8.310211

98567172101954,-5.377365,10.279007,-8.065033

98567167341212,-2.323227,3.4175873,-1.4092712

98567182722071,-5.401169,10.098099,-7.7365417

98567192701319,-5.0084076,9.619644,-7.8174744

98567202711085,-4.644211,9.174515,-7.9222107

98567212690333,-4.5704193,9.14595,-7.762726

98567222120264,-4.715622,9.395889,-7.488983

98567232709864,-4.9703217,9.779129,-7.072418

98567242719630,-5.208359,10.055252,-6.520172

98567252698878,-5.2393036,9.981461,-5.8155823

98567262708643,-5.106003,9.560135,-5.308563

98567272108057,-4.946518,8.8198395,-4.83963

98567282697657,-4.8798676,8.046219,-4.5397034

98567292707423,-4.8870087,7.1583405,-4.1945496

98567302686671,-4.9179535,6.3942413,-3.658966

98567312696436,-4.9298553,5.6706085,-2.9805603

98567322095850,-4.813217,5.03981,-2.2164612

98567332715967,-4.627548,4.5232697,-1.5523376

98567342695216,-4.5251923,3.954361,-1.157196

98567352674464,-4.5061493,3.4306793,-0.9143982

98567362684229,-4.5847015,2.9760284,-0.77871704

98567372083643,-4.7775116,2.690384,-0.40737915

98567367322901,-4.862961,7.275696,-4.5342255

98567382703760,-4.863205,2.4547272,0.16390991

98567392683008,-4.794174,2.4237823,0.91134644

98567402692774,-4.6822968,2.2761993,2.287201

98567412702540,-4.284775,1.8524933,3.6749573

98567422101954,-3.818222,1.2693024,4.8437195

98567432722071,-3.3135834,0.2290802,5.8506165

98567442701319,-2.8565521,-0.8230438,6.007721

98567452680567,-2.5756683,-1.6537933,5.6387634

98567462659815,-2.5066376,-2.0703583,5.450714

98567472089747,-2.554245,-2.029892,5.8387146

98567482679346,-2.5304413,-1.4776459,7.259796

98567492689112,-2.240036,-1.4681244,9.297394

98567502668360,-1.7449188,-1.7037811,11.030304

98567512678126,-1.1641083,-2.2655487,12.577545

98567522062891,-0.5214081,-2.8868256,12.779877

98567532683008,-0.19767761,-3.3081512,12.753693

98567542662256,-0.12388611,-3.87706,13.265472

98567552672022,-0.25004578,-3.8104095,13.146454

98567562681787,-0.48094177,-3.2415009,13.198822

98567572050684,-0.49046326,-2.78685,14.0867

98567567289942,-2.2996674,-1.144867,8.003189

98567582670801,-0.10484314,-2.517868,15.214996

98567592680567,0.30934143,-2.3464813,16.231415

98567602659815,0.6259308,-2.3798065,16.676544

98567612669580,0.6640167,-2.3560028,16.471832

98567622068994,0.36647034,-2.1941376,15.907684

98567632750147,-0.22148132,-1.9346771,15.419708

98567642637842,-0.6951752,-1.7513885,15.007904

98567652647608,-1.0522308,-1.6894989,14.505646

98567662657373,-1.1117401,-1.9061127,14.2152405

98567672056787,-0.9665375,-2.4178925,13.908173

98567682646387,-0.7237396,-2.793991,13.455902

98567692656152,-0.5428314,-3.3271942,13.082184

98567702665918,-0.4452362,-3.6295013,12.689423

98567712645166,-0.50712585,-3.3224335,12.301422

98567722075098,-0.6451874,-2.7654266,12.063385

98567732634180,-0.8237152,-2.1155853,12.011017

98567742643945,-0.88560486,-1.6418915,11.884857

98567752623193,-0.95939636,-1.2324677,11.687286

98567762632959,-1.002243,-1.0729828,11.573029

98567772032373,-0.892746,-1.1443939,11.301666

98567767271631,-0.48069763,-2.2269897,13.780472

98567782530420,-0.8760834,-1.1824799,11.023163

98567792631738,-0.72612,-1.2919769,10.666107

98567802641504,-0.68089294,-1.2324677,10.313812

98567812620752,-0.7499237,-1.151535,10.071014

98567822661035,-0.809433,-1.0396576,9.937714

98567831907861,-0.94511414,-0.9134979,9.790131

98567842711084,-0.9951019,-0.84684753,9.654449

98567852476709,-1.0688934,-0.875412,9.666351

98567862211817,-1.0450897,-0.8849335,9.597321

98567872679346,-0.9546356,-0.9753876,9.611603

98567881895654,-0.8665619,-1.0467987,9.506866

98567892698877,-0.80229187,-1.1158295,9.371185

98567902617090,-0.72612,-1.2015228,9.261688

98567912626856,-0.75468445,-1.1015472,9.221222

98567922667139,-0.80467224,-1.0706024,9.266449

98567931883447,-0.8332367,-1.1110687,9.425934

98567942717188,-0.81181335,-1.1872406,9.509247

98567952635400,-0.79515076,-1.3395844,9.549713

98567962614649,-0.74754333,-1.5228729,9.754425

98567972685449,-0.68803406,-1.6633148,9.85202

98567967924707,-0.8340759,-1.1377258,9.752518

98567981901758,-0.6451874,-1.8227997,10.242401

98567992704981,-0.54997253,-1.9180145,10.563751

98568002623193,-0.5095062,-2.0417938,10.908905

98568012632959,-0.35954285,-2.120346,11.206451

98568022673242,-0.44047546,-2.2203217,11.506378

98568031889551,-0.4714203,-2.3393402,11.946747

98568042723291,-0.53092957,-2.3155365,12.439484

98568052641504,-0.5380707,-2.2108002,13.044098

98568062620752,-0.4857025,-2.184616,13.748688

98568072630518,-0.3643036,-2.196518,14.336639

98568081877344,-0.19767761,-2.3940887,14.734161

98568092680567,-0.035812378,-2.613083,15.293549

98568102598779,0.099868774,-2.8225555,15.802948

98568112608545,0.04750061,-2.7368622,16.079071

98568122618311,-0.1000824,-2.510727,16.255219

98568131865137,-0.24528503,-2.2250824,16.486115

98568142668359,-0.25004578,-2.2084198,16.77652

98568152586572,-0.19291687,-2.4607391,17.124054

98568162596338,0.059402466,-2.7892303,16.990753

98568172606104,0.4259796,-3.312912,16.671783

98568167845361,-0.26420593,-2.3721924,14.10788

98568181852930,0.6473541,-3.838974,16.369476

98568192595117,0.6473541,-4.057968,15.805328

98568202574365,0.40931702,-4.1317596,15.593475

98568212584131,-0.052474976,-3.9437103,15.588715

98568222624414,-0.3309784,-3.6390228,15.555389

98568231840723,-0.35002136,-3.5295258,15.474457

98568242704981,-0.07865906,-3.4366913,14.800812

98568252562158,0.3045807,-3.3557587,13.927216

98568262571924,0.5402374,-3.569992,12.763214

98568272581690,0.41407776,-3.415268,11.45401

98568281859033,0.15461731,-3.036789,10.542328

98568292570703,-0.22624207,-2.6154633,9.668732

98568302549951,-0.44761658,-2.3607635,8.792755

98568312559717,-0.65470886,-1.82518,7.721588

98568322569483,-0.64756775,-1.4443207,6.507599

98568331938379,-0.707077,-1.337204,5.4911804

98568342558496,-0.7499237,-0.9753876,4.020111

98568352537744,-0.8260956,-0.5445404,2.7846985

98568362547510,-0.91178894,-0.22557068,2.2538757

98568372557275,-0.98558044,0.34095764,1.7635193

98568367796533,-0.19256592,-2.5471497,10.343918

98568381956690,-1.0141449,0.8527374,1.1255798

98568392546289,-1.0998383,1.3288116,0.5019226

98568402556055,-1.104599,1.8048859,-0.19076538

98568412535303,-1.1022186,2.107193,-0.8644104

98568422514551,-1.2878876,2.4713898,-1.5999451

98568431944483,-1.5497284,3.076004,-2.3092957

98568442534082,-1.7568207,4.0352936,-2.5592346

98568452543848,-1.9353485,4.942215,-2.9615173

98568462553613,-2.156723,5.87294,-3.401886

98568472532861,-2.5447235,6.6465607,-3.8755798

98568481932275,-2.9541473,7.186905,-4.734894

98568492521875,-3.4730682,7.493973,-5.434723

98568502531641,-4.0134125,7.6344147,-5.782257

98568512541406,-4.4752045,7.8843536,-5.9250793

98568522520654,-4.6989594,8.18428,-5.877472

98568531920068,-4.760849,8.7365265,-6.167877

98568542540186,-4.6346893,9.14595,-6.641571

98568552519434,-4.627548,9.372086,-6.8320007

98568562498682,-4.8489227,9.483963,-6.815338

98568572508447,-5.2250214,9.7243805,-6.917694

98568567747705,-2.9631958,5.899246,-3.863205

98568581907861,-5.6368256,9.957657,-6.724884

98568592527979,-5.7201385,10.181412,-6.0655212

98568602507227,-5.555893,10.055252,-5.332367

98568612516992,-5.2393036,9.607742,-4.670624

98568622496240,-4.8870087,8.905533,-4.06839

98568631895654,-4.6822968,8.072403,-3.4423523

98568642515772,-4.5704193,7.1726227,-2.966278

98568652495020,-4.632309,6.391861,-2.8591614

98568662504785,-4.729904,5.6134796,-2.6568298

98568672514551,-4.889389,5.173111,-2.156952

98568681913965,-4.953659,4.8374786,-1.0857849

98568692503565,-4.8536835,4.3923492,-0.10269165

98568702513330,-4.632309,3.8686676,0.41384888

98568712492578,-4.479965,3.4759064,1.1160583

98568722502344,-4.2752533,3.0855255,2.158661

98568731901758,-4.106247,2.6165924,3.044159

98568742491358,-4.0324554,1.9286652,3.6297302

98568752501123,-4.1943207,1.4026031,3.6892395

98568762510889,-4.477585,0.90986633,3.5987854

98568772490137,-4.810837,0.71229553,3.6511536

98568767729395,-4.76799,5.418045,-1.0415039

98568781889551,-4.8394012,0.7241974,4.2010193

98568792509668,-4.284775,0.593277,5.3364563

98568802488916,-3.3445282,-0.108932495,6.3719177

98568812468164,-2.4423676,-0.8730316,7.169342

98568822477930,-1.7211151,-1.863266,7.785858

98568831877344,-1.3140717,-2.7535248,7.619232

98568842527979,-1.2164764,-3.1891327,7.6787415

98568852385156,-1.2498016,-3.267685,8.804657

98568862303369,-1.0641327,-3.1082,11.218353

98568872526758,-0.6761322,-3.1534271,13.365448

98568881895654,-0.15245056,-3.320053,14.269989

98568892515772,0.33790588,-3.441452,14.172394

98568902495020,0.5426178,-3.3628998,13.596344

98568912504785,0.4759674,-2.7892303,13.051239

98568922514551,0.3212433,-1.9394379,13.172638

98568931883447,0.24031067,-1.1158295,14.831757

98568942534082,0.41645813,-0.8254242,16.288544

98568952513330,0.6568756,-1.401474,16.988373

98568962492578,0.7830353,-2.2060394,16.369476

98568972502344,0.6497345,-3.0034637,15.395905

98568967741602,-0.8940582,-2.0202484,11.384384

98568981871240,0.29743958,-3.3938446,14.503265

98568992521875,-0.19291687,-3.267685,13.970062

98569002501123,-0.73802185,-2.741623,13.736786

98569012510889,-1.0189056,-2.215561,13.915314

98569022490137,-1.021286,-1.6418915,13.977203

98569031859033,-0.9308319,-1.1943817,13.843903

98569042509668,-0.7523041,-1.2229462,13.420197

98569052855127,-0.6832733,-1.2895966,12.79892

98569062468164,-0.7165985,-1.3014984,12.218109

98569072477930,-0.77848816,-1.1848602,11.782501

98569081846826,-0.9403534,-1.0444183,11.480194

98569092558496,-0.99272156,-0.97062683,11.239777

98569102446192,-1.0736542,-0.9087372,11.235016

98569112455957,-1.1307831,-0.90397644,10.946991

98569122465723,-1.0308075,-0.97062683,10.761322

98569131834619,-0.87846375,-1.1562958,10.832733

98569142210596,-0.72135925,-1.1586761,10.787506

98569152464502,-0.5285492,-1.0825043,10.608978

98569162443750,-0.48332214,-0.9825287,10.544708

98569172453516,-0.52378845,-0.8063812,10.416168

98569167692774,-0.74194336,-1.4719391,12.150986

98569181852930,-0.64042664,-0.6421356,10.318573

98569192412012,-0.7594452,-0.6088104,10.29953

98569202421777,-0.87132263,-0.77067566,10.240021

98569212462061,-0.8475189,-0.8730316,10.099579

98569222441309,-0.71421814,-0.9634857,10.071014

98569232481592,-0.61424255,-1.0563202,10.121002

98569241728418,-0.53330994,-1.0563202,10.071014

98569252440088,-0.559494,-1.1848602,10.051971

98569262449854,-0.53092957,-1.2491302,10.137665

98569272459619,-0.49760437,-1.337204,9.982941

98569282469385,-0.4714203,-1.5228729,9.887726

98569291716211,-0.5261688,-1.5347748,9.875824

98569302458399,-0.4714203,-1.5561981,9.837738

98569312468164,-0.50712585,-1.5752411,9.961517

98569322447412,-0.5023651,-1.6157074,9.937714

98569332457178,-0.44999695,-1.677597,9.97818

98569341734522,-0.4857025,-1.8299408,10.0781555

98569352446192,-0.46665955,-1.8656464,10.344757

98569362455957,-0.43095398,-1.8965912,10.6185

98569372435205,-0.33335876,-1.8918304,10.887482

98569367674463,-0.5606842,-1.3354187,10.140045

98569382475488,-0.30955505,-1.863266,11.118378

98569391722315,-0.28575134,-1.8013763,11.458771

98569402525537,-0.37620544,-1.6228485,11.737274

98569412443750,-0.44999695,-1.5728607,12.139557

98569422422998,-0.54045105,-1.6180878,12.503754

98569432463281,-0.56663513,-1.677597,12.941742

98569441710108,-0.5356903,-1.7442474,13.167877

98569452513330,-0.45713806,-1.7680511,13.394012

98569462492578,-0.40238953,-1.9180145,13.8177185

98569472410791,-0.33573914,-1.9513397,14.039093

98569482481592,-0.37858582,-1.9894257,14.3628235

98569491697900,-0.45951843,-2.0060883,14.627045

98569502531641,-0.50712585,-2.0417938,14.957916

98569512449854,-0.5095062,-1.8799286,15.336395

98569522429102,-0.37620544,-1.7728119,15.7934265

98569532438867,-0.21434021,-1.76091,16.112396

98569541716211,-0.10960388,-1.7966156,15.993378

98569552519434,-0.18101501,-1.7109222,15.705353

98569562437647,-0.43333435,-1.6823578,15.519684

98569572416895,-0.66423035,-1.7775726,15.426849

98569567656152,-0.40464783,-1.7978058,14.007675

98569582426660,-0.76420593,-1.844223,15.255463

98569591704004,-0.7499237,-1.9680023,14.998383

98569602446192,-0.67375183,-2.0584564,14.631805

98569612425440,-0.5214081,-2.1536713,14.098602

98569622435205,-0.44047546,-2.3202972,13.862946

98569632444971,-0.40953064,-2.3726654,13.158356

98569641691797,-0.6332855,-2.1822357,12.513275

98569652433984,-0.9236908,-2.0441742,12.182404

98569662443750,-1.0427094,-1.6371307,11.803925

98569672422998,-1.0688934,-1.3014984,11.64444

98569682432764,-0.8403778,-1.0848846,11.19931

98569691740625,-0.64756775,-1.0158539,10.547089

98569702635400,-0.6499481,-1.0087128,9.6354065

98569712462061,-0.8570404,-0.8492279,8.640411

98569722593897,-1.0450897,-0.5040741,7.9477234

98569732573145,-1.0879364,-0.5016937,7.6549377

98569741789453,-0.9879608,-0.25413513,6.9408264

98569752623193,-0.72612,-0.1493988,6.5314026

98569762602442,-0.49998474,0.09815979,6.1267395

98569772581690,-0.30955505,0.4433136,5.526886

98569767820947,-0.7439728,-1.2354431,10.74501

98569782591455,-0.18339539,0.69325256,4.58902

98569791807764,-0.27622986,1.055069,3.532135

98569802610986,-0.64042664,1.7953644,2.8442078

98569812590234,-0.9808197,2.4380646,2.0539246

98569822600000,-1.290268,2.7713165,1.1850891

98569832579248,-1.5425873,3.1569366,0.37338257

98569841826074,-1.6568451,3.6115875,-0.650177

98569852232568,-1.4473724,3.794876,-1.4999695

98569862242334,-1.2569427,3.730606,-2.7425232

98569872526758,-1.3926239,3.794876,-3.889862

98569882567041,-1.6354218,4.051956,-4.5349426

98569891783350,-1.9710541,4.628006,-5.1871643

98569902556055,-2.463791,5.7991486,-6.2654724

98569912535303,-3.0112762,7.0226593,-7.5056458

98569922545068,-3.5182953,8.231888,-7.9674377

98569932463281,-3.9872284,9.057877,-7.8746033

98569941832178,-4.432358,9.341141,-7.912689

98569952452295,-4.791794,9.279251,-8.2030945

98569962431543,-4.8155975,8.6532135,-8.4339905

98569972441309,-4.708481,7.958145,-8.519684

98569967680567,-2.3001404,5.0432587,-3.3304749

98569982420557,-4.5775604,7.643936,-8.234039

98569991819971,-4.4894867,7.73201,-7.9602966

98570002440088,-4.518051,8.041458,-7.319977

98570012449854,-4.57518,8.281876,-6.7415466

98570022429102,-4.710861,8.229507,-6.082184

98570032408350,-4.844162,7.905777,-5.3871155

98570041807764,-4.8917694,7.329727,-4.7325134

98570052458399,-4.7894135,6.437088,-4.177887

98570062407129,-4.582321,5.6110992,-3.799408

98570072477930,-4.3228607,4.847,-3.3995056

98570082426660,-4.165756,4.132889,-2.7520447

98570091795557,-4.0395966,3.7020416,-1.721344

98570102415674,-3.9562836,3.3568878,-0.7906189

98570112394922,-4.015793,3.17836,0.34243774

98570122404688,-4.132431,2.6213531,1.6683044

98570132383936,-4.1990814,1.9715118,2.7799377

98570141813867,-4.284775,1.3454742,3.672577

98570152403467,-4.1800385,1.2193146,4.629486

98570162382715,-4.0634003,1.4454498,5.9006042

98570172392481,-3.7587128,1.1574249,6.9146423

98570167631738,-4.3548737,4.8095093,-1.8595276

98570182371729,-3.6373138,0.28382874,6.9527283

98570191801660,-3.6944427,-1.0563202,6.5837708

98570202391260,-3.6349335,-2.5012054,6.3695374

98570212370508,-3.3016815,-3.6794891,6.957489

98570222380274,-2.792282,-4.4769135,8.649933

98570232359522,-2.1924286,-4.955368,10.637543

98570241789453,-1.7568207,-5.091049,12.35141

98570252409570,-1.4069061,-5.0672455,13.455902

98570262388818,-1.3378754,-4.564987,13.532074

98570272368067,-1.5640106,-4.160324,13.872467

98570282377832,-1.8329926,-4.0865326,14.036713

98570291777246,-2.0186615,-3.8437347,14.222382

98570302366846,-1.9496307,-3.3867035,14.834137

98570312376611,-1.566391,-3.036789,15.533966

98570322355859,-1.123642,-2.5988007,15.8767395

98570332365625,-0.75468445,-2.0989227,15.743439

98570341765039,-0.5832977,-1.4228973,15.472076

98570352354639,-0.55711365,-0.8968353,14.957916

98570362364404,-0.642807,-0.5945282,14.734161

98570372343652,-0.82133484,-0.59928894,14.579437

98570367582910,-1.8584595,-2.8917084,12.467697

98570382353418,-0.957016,-0.9134979,14.608002

98570391752832,-1.059372,-1.3586273,14.203339

98570402372949,-1.0879364,-1.5776215,14.129547

98570412352197,-1.0450897,-1.5752411,13.703461

98570422331445,-0.957016,-1.0944061,13.289276

98570432341211,-0.9213104,-0.3564911,13.067902

98570441771143,-0.9332123,0.4433136,12.813202

98570452391260,-1.0950775,1.0288849,12.648956

98570462339990,-1.2498016,1.312149,12.506134

98570472349756,-1.271225,1.1693268,12.346649

98570482329004,-1.1569672,0.78370667,12.001495

98570491758936,-0.9879608,0.2290802,11.418304

98570502440088,-0.72135925,-0.28746033,10.999359

98570512327783,-0.5928192,-0.4707489,10.62088

98570522307031,-0.64756775,-0.42790222,10.5399475

98570532316797,-0.82847595,-0.28269958,10.482819

98570541746729,-1.0355682,-0.087509155,10.439972

98570552244775,-1.1902924,-0.07084656,10.359039

98570562346094,-1.1950531,-0.15415955,10.259064

98570572325342,-1.1664886,-0.35411072,10.128143

98570567564600,-1.0049744,-0.20223999,12.028275

98570582304590,-1.0474701,-0.4469452,9.966278

98570592344873,-0.9903412,-0.46122742,10.04483

98570602507227,-0.96177673,-0.41600037,10.080536

98570612303369,-0.9974823,-0.3231659,10.080536

98570622343652,-1.0546112,-0.20176697,9.966278

98570632322900,-1.1307831,-0.12083435,9.947235

98570641722315,-1.1569672,-0.12797546,9.942474

98570651610010,-1.123642,-0.21128845,9.859161

98570662413233,-1.0998383,-0.29460144,9.735382

98570672331445,-1.0974579,-0.42552185,9.797272

98570682371729,-1.0498505,-0.6111908,9.752045

98570691710108,-1.0998383,-0.65641785,9.790131

98570701567285,-1.1545868,-0.61357117,9.842499

98570712401025,-1.1165009,-0.5373993,9.921051

98570722319238,-1.0141449,-0.5112152,9.868683

98570732298486,-0.96177673,-0.5207367,9.887726

98570742247217,-0.96177673,-0.50645447,9.925812

98570751555078,-0.87132263,-0.40885925,10.037689

98570762388818,-0.8832245,-0.3802948,10.059113

98570772307031,-0.8498993,-0.47312927,9.999603

98570767546289,-1.0311584,-0.4124298,9.925217

98570782286279,-0.8165741,-0.49217224,10.025787

98570792326563,-0.16435242,4.032913,12.141937

98570801573389,-1.3402557,-1.6157074,8.745148

98570812285059,-1.3735809,-1.0753632,9.380707

98570822294824,-1.2878876,-1.3110199,8.907013

98570832304590,-0.9712982,-1.6466522,9.0903015

98570842131250,-0.7165985,-1.4371796,9.330719

98570851591699,-0.30003357,-0.86112976,9.959137

98570862303369,0.6306915,-0.18986511,10.658966

98570872313135,0.44978333,-0.049423218,10.732758

