98544508713691,-1.6996918,-0.2898407,10.004364

98544516526191,-1.3616791,-0.41362,10.032928

98544532151191,-1.0879364,-0.644516,10.101959

98544539963691,-0.5856781,-1.0134735,10.075775

98544547776191,-0.62138367,-0.66355896,10.151947

98544555588691,-1.6020966,0.26716614,10.323334

98544571213691,-1.7568207,0.5409088,10.537567

98544579026191,-1.5806732,0.3766632,9.982941

98544586655585,-1.2474213,-0.29460144,9.630646

98544610947577,-1.0117645,-0.9634857,9.392609

98544620957343,-1.0522308,-0.8587494,9.442596

98544633713691,-1.1379242,-0.7016449,9.575897

98544640976874,-1.0998383,-0.6111908,9.65683

98544660965888,-0.9070282,-0.6587982,9.918671

98544670975653,-0.9213104,-0.6683197,9.902008

98544681961982,-0.92607117,-0.6278534,9.875824

98544688401191,-1.0236664,-0.6516571,9.749664

98544700974433,-1.0284271,-0.6016693,9.683014

98544711136786,-1.0427094,-0.5540619,9.647308

98544721543280,-1.0165253,-0.56596375,9.759186

98544731736151,-1.0189056,-0.5707245,9.754425

98544741806952,-1.0522308,-0.67308044,9.625885

98544751725165,-1.0974579,-0.6707001,9.611603

98544761124579,-1.1545868,-0.73735046,9.637787

98544771927802,-1.1307831,-0.7659149,9.794891

98544781754462,-1.1022186,-0.7516327,9.828217

98544791764228,-1.1307831,-0.6992645,9.790131

98544801560370,-1.1783905,-0.5921478,9.892487

98544811112372,-1.2569427,-0.6040497,9.987701

98544821579901,-1.2664642,-0.56596375,9.944855

98544831528632,-1.3140717,-0.5921478,9.902008

98544841629950,-1.3116913,-0.69688416,9.821075

98544851517646,-1.2236176,-0.7183075,9.835358

98544846756903,-1.1051941,-0.6483307,9.798111

98544861130683,-1.2093353,-0.80400085,9.78775

98544871170966,-1.1022186,-0.8730316,9.863922

98544886033026,-1.0903168,-0.8896942,9.811554

98544896531073,-1.1783905,-0.91825867,9.830597

98544906540839,-1.2545624,-0.8896942,9.918671

98544916153876,-1.2688446,-0.9087372,10.2447815

98544926560370,-1.252182,-0.8182831,10.325714

98544936539618,-1.2783661,-0.68022156,10.518524

98544946549384,-1.3712006,-0.5945282,10.730377

98544956589667,-1.5354462,-0.41123962,10.963654

98544966172187,-1.5830536,-0.15177917,11.292145

98544976853339,-1.5592499,5.645752E-4,11.768219

98544986954657,-1.4854584,-0.1493988,12.218109

98544996964423,-1.4164276,-0.46598816,12.889374

98545006974189,-1.3116913,-0.8968353,13.672516

98545016190497,-1.1093597,-1.2848358,14.826996

98545026963202,-0.79039,-2.0584564,15.993378

98545036972968,-0.559494,-2.793991,16.32901

98545047104804,-0.4547577,-3.396225,16.619415

98545056961982,-0.34049988,-3.6056976,16.557526

98545052201239,-1.1575623,-1.1295166,12.208115

98545066208808,-0.29527283,-3.3438568,17.22879

98545077012030,-0.30003357,-2.498825,18.319

98545086960761,-0.3143158,-1.677597,18.885529

98545097001044,-0.57377625,-1.2943573,18.723663

98545106980292,-0.957016,-1.5419159,18.078583

98545116196601,-1.2117157,-2.2298431,17.126434

98545127030341,-1.290268,-2.7963715,16.0029

98545137009589,-1.2593231,-3.3057709,15.264984

98545146988837,-1.1379242,-3.4390717,14.315216

98545156998603,-1.1188812,-3.5652313,13.465424

98545166214911,-1.1807709,-3.5557098,12.658478

98545176865546,-1.3783417,-3.1486664,11.658722

98545186844794,-1.4949799,-2.703537,10.780365

98545196854560,-1.5306854,-2.5416718,10.259064

98545206864325,-1.566391,-2.3107758,9.302155

98545216233222,-1.5806732,-2.0774994,8.576141

98545226883857,-1.566391,-1.9203949,8.0191345

98545236863105,-1.4235687,-1.7133026,6.950348

98545246903388,-1.3973846,-1.3419647,5.507843

98545256882636,-1.5068817,-0.92778015,4.339081

98545252121894,-1.1542358,-2.3967133,12.773087

98545266251532,-1.7092133,-0.24223328,3.570221

98545276902167,-1.9115448,0.31001282,3.1131897

98545286881415,-1.9972382,0.87416077,2.5419006

98545296891181,-2.0400848,1.3454742,1.7516174

98545306870429,-2.0258026,1.1907501,1.3302917

98545316269843,-2.0638885,1.2431183,0.34481812

98545326889960,-2.1995697,1.3288116,-0.945343

98545336869208,-2.644699,1.4002228,-1.7165833

98545346909491,-3.1469574,1.7763214,-2.5378113

98545356888739,-3.580185,2.2881012,-3.0543518

98545366288153,-4.0134125,3.133133,-3.2757263

98545376908271,-4.246689,4.120987,-3.3780823

98545386887519,-4.3466644,4.961258,-3.7970276

98545396927802,-4.5323334,5.565872,-4.4825745

98545406907050,-4.663254,5.9157867,-5.1252747

98545416275946,-4.8417816,6.141922,-5.665619

98545426926581,-5.017929,6.315689,-6.4654236

98545436905829,-5.2464447,6.6013336,-7.0938416

98545446885077,-5.453537,6.9917145,-7.3318787

98545456894843,-5.593979,7.424942,-7.4604187

98545452134101,-3.5637665,3.434372,-2.483902

98545466294257,-5.72966,7.720108,-7.46756

98545476914374,-5.993881,7.86055,-7.231903

98545486924140,-6.17955,7.9224396,-7.050995

98545496933905,-6.198593,7.9081573,-6.6558533

98545506882636,-6.2200165,7.8819733,-6.3868713

98545516312567,-6.153366,7.655838,-6.3226013

98545526902167,-6.0343475,7.201187,-6.274994

98545536911933,-6.0224457,6.6418,-6.020294

98545546921698,-5.9557953,6.1776276,-5.218109

98545556900946,-5.9319916,5.911026,-3.8731995

98545566330878,-5.734421,5.699173,-2.8901062

98545576920478,-5.684433,5.4468536,-2.3997498

98545586930243,-5.7082367,4.9255524,-1.9427185

98545596940009,-5.7463226,4.3495026,-1.6261292

98545606919257,-5.6749115,4.1305084,-1.0310364

98545616349189,-5.5463715,4.097183,0.10202026

98545626755683,-5.2012177,3.825821,1.5040588

98545636948554,-4.665634,3.1664581,3.134613

98545646958319,-4.06102,2.2404938,4.558075

98545656998603,-3.4207,1.2931061,5.526886

98545652237860,-5.5931396,5.602768,-2.8783264

98545667038886,-2.8565521,0.6742096,6.2933655

98545676285712,-2.3328705,0.10054016,6.783722

98545687027899,-2.0043793,-0.32078552,6.945587

98545696976630,-1.7306366,-0.5445404,7.2931213

98545706955878,-1.6139984,-0.2969818,8.316681

98545716721503,-1.3283539,0.14100647,9.7211

98545726242987,-1.040329,0.07197571,11.137421

98545737137763,-0.7356415,-0.042282104,12.375214

98545747055976,-0.49760437,0.0077056885,12.565643

98545757096259,-0.347641,-0.20652771,12.8013

98545767106024,-0.26194763,-0.5016937,13.139313

98545776230780,-0.15483093,-0.8397064,13.339264

98545787125556,-0.028671265,-1.2372284,13.639191

98545797165839,0.040359497,-1.7371063,13.979584

98545807145087,0.2212677,-2.3179169,13.939117

98545817063300,0.37599182,-2.5773773,13.643951

98545826249091,0.42836,-2.3155365,13.1250305

98545837235419,0.36647034,-1.5776215,12.770355

98545847153632,0.23554993,-1.0158539,13.210724

98545857163398,0.033218384,-0.5873871,14.091461

98545852402655,-0.66160583,-0.7561493,11.455551

98545866990058,-0.1405487,-0.58262634,14.679413

98545876267401,-0.16197205,-0.9658661,14.638947

98545887131659,0.0046539307,-1.4824066,14.181915

98545897171942,0.20936584,-1.9346771,13.648712

98545907181708,0.31410217,-2.2012787,13.179779

98545917221991,0.37599182,-2.3107758,12.934601

98545926285712,0.36647034,-2.0632172,12.60849

98545937088935,0.18318176,-1.677597,12.560883

98545947007148,-0.07865906,-1.1729584,12.022919

98545957016913,-0.17863464,-1.1205902,13.241669

98545967057196,-0.23576355,-0.40171814,13.57016

98545976304023,-0.17149353,-0.34458923,13.95578

98545987107245,0.20698547,-1.8585052,14.065277

98545997025458,0.080825806,-3.3986053,11.789642

98546007035224,-0.9474945,-2.8535004,11.00412

98546017044989,-1.502121,-1.4681244,10.849396

98546026291816,-1.6092377,-0.14701843,10.804169

98546037125556,-1.4949799,0.5409088,10.537567

98546047013251,-1.2498016,0.46235657,10.263824

98546057053534,-1.0189056,0.029129028,10.0781555

98546052292792,-0.35240173,-1.2475891,12.530777

98546067032782,-0.6927948,-0.48979187,9.802032

98546076279608,-0.5261688,-0.8397064,9.65683

98546087021796,-0.4857025,-1.0706024,9.661591

98546097062079,-0.46903992,-1.1158295,9.85202

98546107041327,-0.5428314,-1.1396332,9.906769

98546117051093,-0.60710144,-1.0563202,9.899628

98546126297919,-0.68089294,-0.9991913,9.854401

98546137101142,-0.78086853,-1.0658417,9.72348

98546147049872,-0.78800964,-0.99443054,9.690155

98546157059638,-0.8403778,-0.9896698,9.742523

98546167038886,-0.84513855,-0.9230194,9.830597

98546176438300,-0.88560486,-0.81114197,9.885345

98546187058417,-0.78086853,-0.875412,9.954376

98546197037665,-0.73088074,-0.9253998,10.0138855

98546207047431,-0.6785126,-0.93492126,9.932953

98546217057196,-0.6285248,-0.9468231,9.830597

98546226456610,-0.68089294,-0.958725,9.856781

98546237076728,-0.74754333,-0.91825867,9.902008

98546247086493,-0.8403778,-0.81352234,10.049591

98546257065741,-0.84513855,-0.644516,10.335236

98546252304999,-0.7038574,-0.9256439,9.869034

98546267136542,-0.84513855,-0.43980408,10.716095

98546276474921,-0.873703,-0.24699402,10.827972

98546287064521,-0.7761078,-0.37791443,11.00412

98546297074286,-0.7856293,-0.5850067,10.925568

98546307053534,-0.8332367,-0.7825775,11.035065

98546317063300,-0.91178894,-0.9730072,11.039825

98546326493232,-0.96891785,-1.0825043,11.299286

98546337113349,-0.95225525,-1.1205902,11.568268

98546347092597,-0.84513855,-1.3205414,12.063385

98546357102362,-0.66423035,-1.6347504,12.594208

98546367112128,-0.33573914,-2.0989227,13.146454

98546376511542,-0.06437683,-2.7249603,13.772491

98546387131659,0.3212433,-3.7651825,14.198578

98546397110907,0.5354767,-4.9506073,14.2152405

98546407090155,0.58784485,-6.05986,14.615143

98546417099921,0.65211487,-6.2717133,15.724396

98546426529853,0.7711334,-5.519516,17.112152

98546437119452,0.9306183,-4.229355,18.604645

98546447129218,1.1329498,-2.9177704,19.394928

98546457138983,1.2995758,-2.370285,19.79721

98546452378241,-0.13127136,-2.473587,13.6827545

98546467118232,1.5209503,-2.4488373,19.525848

98546476517646,1.5614166,-3.2081757,18.921234

98546487137763,1.5685577,-3.8294525,18.073822

98546497117011,1.4852448,-4.3697968,17.081207

98546507126776,1.1377106,-4.5173798,15.845795

98546517136542,0.6925812,-4.315048,14.553253

98546526535956,0.30934143,-4.000839,13.146454

98546537156073,0.123672485,-3.569992,11.677765

98546547135321,-0.0048675537,-3.2129364,10.701813

98546557114569,-0.10722351,-3.036789,9.490204

98546567154853,-0.21672058,-2.703537,8.214325

98546576554267,-0.21195984,-2.4416962,6.8265686

98546587143866,-0.29289246,-2.01799,5.55307

98546597153632,-0.42619324,-1.299118,4.474762

98546607132880,-0.62376404,-0.3398285,3.641632

98546617142646,-0.7999115,0.3123932,2.877533

98546626542060,-1.1260223,0.9765167,1.8753967

98546637162177,-1.4426117,1.4002228,1.280304

98546647141425,-1.7520599,1.6144562,0.632843

98546657151191,-2.0139008,1.9381866,-0.0050964355

98546652390448,-0.030929565,-1.953476,9.219437

98546667160956,-2.2924042,2.0453033,-0.5740051

98546676560370,-2.4209442,2.247635,-1.1976624

98546687180487,-2.4994965,2.4880524,-1.9212952

98546697159735,-2.6851654,3.1616974,-2.3330994

98546707200019,-2.9160614,3.9376984,-2.4354553

98546717179267,-3.182663,4.475662,-2.8782043

98546726548163,-3.6587372,4.9469757,-3.1305237

98546737229316,-4.177658,5.3802032,-3.6161194

98546747208564,-4.644211,5.820572,-4.275482

98546757187812,-4.9488983,6.244278,-4.7586975

98546767197577,-5.189316,6.8393707,-4.9776917

98546776566474,-5.255966,7.5320587,-5.256195

98546787217108,-5.336899,8.070023,-5.320465

98546797379462,-5.4582977,8.348526,-5.3680725

98546807206122,-5.632065,8.684158,-5.756073

98546817215888,-5.903427,8.931717,-5.8179626

98546826584784,-6.1938324,9.134048,-5.6489563

98546837235419,-6.410446,9.322098,-5.2252502

98546847214667,-6.5485077,9.40303,-4.782501

98546857224433,-6.5485077,9.217361,-4.235016

98546852463691,-4.595169,6.3115234,-3.9754333

98546867203681,-6.455673,8.88649,-3.697052

98546876664130,-6.222397,8.462784,-3.2043152

98546887223212,-5.9319916,7.9462433,-2.773468

98546897232978,-5.736801,7.527298,-2.2807312

98546907242743,-5.653488,7.0250397,-1.721344

98546917221991,-5.715378,6.5608673,-1.4499817

98546926621405,-5.832016,5.987198,-1.3642883

98546937241523,-5.9700775,5.544449,-1.0881653

98546947190253,-6.017685,5.115982,-0.25979614

98546957413642,-5.839157,4.616104,0.64712524

98546967392890,-5.589218,4.0924225,1.1898499

98546976609198,-5.4130707,3.556839,1.658783

98546987412421,-5.389267,3.0593414,2.108673

98546997422187,-5.3678436,2.6380157,2.6871033

98547007401435,-5.3297577,2.338089,3.1965027

98547017411200,-5.1488495,2.3285675,4.358124

98547026658026,-4.7513275,1.9691315,5.564972

98547037796942,-4.2371674,1.3835602,6.1386414

98547047409980,-3.8515472,0.78608704,6.5742493

98547057419745,-3.6016083,0.12910461,6.688507

98547052659003,-5.40271,4.4976807,1.1486664

98547067429511,-3.5587616,-0.37553406,6.5552063

98547076645819,-3.5016327,-0.59690857,6.8313293

98547086991278,-3.4111786,-0.5683441,7.6596985

98547097428290,-3.189804,-0.52311707,8.807037

98547107438056,-2.8256073,-0.74687195,10.273346

98547117417304,-2.4947357,-1.0372772,10.730377

98547127457587,-2.2995453,-1.6561737,10.892242

98547137223212,-2.2233734,-2.196518,10.913666

98547147416083,-2.2947845,-2.5321503,10.87796

98547157425849,-2.432846,-2.6606903,10.999359

98547167344062,-2.4233246,-2.78685,11.254059

98547177292792,-2.2638397,-2.6297455,11.401642

98547186509101,-1.9210663,-2.703537,11.963409

98547197342841,-1.6282806,-2.703537,12.277618

98547207261054,-1.4069061,-2.8273163,12.5156555

98547217240302,-1.3450165,-2.8630219,12.294281

98547227280585,-1.4925995,-2.5488129,12.170502

98547236527411,-1.547348,-2.4226532,12.5346985

98547247330634,-1.4711761,-2.298874,13.010773

98547257279364,-1.168869,-2.3560028,13.1250305

98547252518622,-2.245041,-1.9516907,10.854401

98547267258612,-0.892746,-2.4750214,13.084564

98547277298896,-0.6761322,-2.665451,13.091705

98547286545722,-0.5047455,-2.8725433,12.846527

98547297379462,-0.5023651,-2.824936,12.560883

98547307267157,-0.6951752,-2.8725433,12.377594

98547317276923,-0.96177673,-2.6868744,12.308563

98547327317206,-1.1260223,-2.3917084,12.47995

98547336533515,-1.1188812,-2.1298676,12.5156555

98547347336737,-0.9712982,-1.9180145,12.379974

98547357285468,-0.7975311,-1.9370575,12.282379

98547367295233,-0.6499481,-2.120346,11.977692

98547377304999,-0.60710144,-2.2131805,11.651581

98547386551825,-0.69755554,-2.2369843,11.337372

98547397355048,-0.8975067,-2.2845917,11.039825

98547407273261,-1.123642,-2.2512665,10.892242

98547417283026,-1.2807465,-2.222702,10.744659

98547427292792,-1.2450409,-2.1560516,10.763702

98547436539618,-1.1355438,-2.1084442,10.563751

98547447342841,-1.040329,-2.0203705,10.473297

98547457291571,-0.707077,-2.5226288,11.051727

98547452530829,-0.8815613,-2.3455353,11.821182

98547467301337,-0.46427917,-2.908249,10.380463

98547477219550,-0.71183777,-2.896347,10.68515

98547486618964,-0.99272156,-2.1179657,10.777985

98547497361151,-1.1641083,-1.5181122,10.668488

98547507279364,-1.380722,-1.2253265,10.147186

98547517235314,-1.3831024,-1.5181122,9.804413

98547527245080,-1.335495,-1.8989716,9.497345

98547536522424,-1.1426849,-2.2060394,9.221222

98547547264611,-1.0189056,-2.427414,9.123627

98547557243859,-0.9736786,-2.363144,9.042694

98547567253625,-1.0260468,-2.177475,9.373566

98547577263391,-0.9141693,-1.8489838,9.740143

98547586540734,-0.9141693,-1.6561737,9.959137

98547597282922,-0.9808197,-1.587143,10.099579

98547607231652,-0.96891785,-1.6585541,10.285248

98547617271935,-1.0165253,-1.7632904,10.397125

98547627251184,-0.957016,-1.8656464,10.4756775

98547636681115,-0.9046478,-1.9965668,10.597076

98547647270715,-1.002243,-1.8799286,10.444733

98547657249963,-1.0974579,-1.7180634,10.856537

98547652489221,-1.0174713,-1.9615784,10.078873

98547667259728,-1.187912,-1.6085663,11.056488

98547677269494,-1.2474213,-1.6371307,11.427826

98547686668908,-1.3093109,-1.844223,11.8420105

98547697289025,-1.271225,-1.9156342,11.958649

98547707665002,-1.2426605,-2.0870209,12.041962

98547717369592,-1.0546112,-2.4250336,12.791779

98547727043664,-0.7189789,-3.139145,13.524933

98547736687219,-0.3809662,-3.793747,14.200958

98547747398889,-0.17625427,-4.269821,15.1197815

98547757408654,-0.14768982,-4.4197845,16.433746

98547767418420,-0.22624207,-4.3555145,17.74533

98547777397668,-0.22148132,-4.3364716,19.123566

98547786675012,-0.095321655,-4.7673187,19.842438

98547797325646,0.18318176,-4.9982147,19.763885

98547807335412,0.5664215,-4.9196625,19.502045

98547817467248,0.8235016,-4.415024,18.89505

98547827477014,1.1686554,-3.8913422,18.292816

98547836693322,1.480484,-3.3033905,17.688202

98547847466027,1.628067,-2.72258,16.859833

98547857475793,1.6209259,-2.3298187,16.029083

98547852715051,-0.09043884,-3.3589783,15.707016

98547867455041,1.5280914,-2.3607635,15.288788

98547877464807,1.3900299,-2.4893036,14.01767

98547886711633,1.1710358,-2.5488129,12.441864

98547897514855,0.93299866,-2.517868,11.204071

98547907494103,0.8330231,-2.5988007,10.349518

98547917503869,0.83540344,-2.517868,9.002228

98547927483117,0.92585754,-2.389328,7.535919

98547936699426,0.9853668,-2.1679535,6.207672

98547947319543,0.84968567,-1.6704559,5.1888733

98547957329309,0.76161194,-1.1848602,4.448578

98547967308557,0.39265442,-0.3969574,3.2679138

98547977318322,-0.095321655,0.34095764,2.3110046

98547986717736,-0.6023407,0.9122467,1.325531

98547997307336,-1.1117401,1.1502838,0.6661682

98548007317101,-1.4211884,1.3621368,0.23294067

98548017326867,-1.6973114,1.7501373,-0.17172241

98548027306115,-1.8068085,2.0214996,-0.7906189

98548036705529,-2.0519867,2.1238556,-1.6880188

98548047325646,-2.4161835,2.3499908,-2.3592834

98548057304894,-2.804184,2.826065,-2.8972473

98548052544152,-0.1700592,-0.4002838,4.7790985

98548067314660,-3.304062,3.7068024,-3.5018616

98548077232873,-3.8348846,4.892227,-4.106476

98548086693322,-4.299057,5.7682037,-4.408783

98548097435510,-4.734665,6.32283,-4.5777893

98548107353723,-4.9322357,6.739395,-4.980072

98548117332971,-5.067917,7.046463,-5.241913

98548127373254,-5.236923,7.2487946,-5.4656677

98548136742150,-5.555893,7.470169,-5.8370056

98548147423303,-6.024826,8.091446,-6.1107483

98548157372033,-6.3366547,8.610367,-5.9250793

98548167351281,-6.4842377,9.029312,-5.491852

98548177330529,-6.4509125,9.486343,-4.987213

98548186760461,-6.134323,9.622025,-4.549225

98548197380578,-5.805832,9.541092,-4.408783

98548207359826,-5.6439667,9.424454,-4.189789

98548217339074,-5.7248993,9.303055,-4.0279236

98548227379357,-5.9010468,9.138809,-3.6089783

98548236748254,-5.967697,8.8198395,-3.3019104

98548247368371,-5.9129486,8.2747345,-3.1186218

98548257378137,-5.7248993,7.6963043,-2.8258362

98548252617394,-5.453888,7.8116302,-4.5332794

98548267357385,-5.505905,6.867935,-2.4497375

98548277367150,-5.3226166,6.2157135,-2.0783997

98548286736047,-5.324997,5.6253815,-1.8475037

98548297386682,-5.4559174,5.1493073,-1.4618835

98548307396447,-5.582077,4.6637115,-0.9120178

98548317375695,-5.6487274,4.26857,-0.38119507

98548327385461,-5.6177826,3.8805695,0.07107544

98548336754357,-5.4582977,3.3973541,0.75424194

98548347404992,-5.358322,2.947464,1.3993225

98548357384240,-5.2012177,2.4904327,2.0348816

98548367394006,-4.991745,2.0262604,2.7466125

98548377434289,-4.7370453,1.6834869,3.3988342

98548386772668,-4.5323334,1.3764191,4.4271545

98548397423303,-4.2562103,0.76942444,5.5673523

98548407433068,-4.0514984,0.07197571,6.276703

98548417412316,-3.9420013,-0.792099,6.5575867

98548427422082,-3.9991302,-1.2681732,6.5123596

98548436790978,-4.2109833,-1.2443695,7.3954773

98548447472131,-4.3466644,-1.1658173,8.916534

98548457451379,-4.3276215,-1.318161,9.835358

98548452690637,-4.8935547,2.2822723,2.8381348

98548467552697,-4.1300507,-1.4824066,10.228119

98548477409875,-3.8920135,-1.734726,10.166229

98548486809289,-3.6920624,-2.3393402,10.059113

98548497368371,-3.7230072,-2.5702362,9.918671

98548507408654,-3.811081,-2.2917328,10.149567

98548517448937,-3.8920135,-2.1370087,10.996979

98548527428185,-3.8967743,-2.0703583,11.663483

98548536797082,-3.7491913,-1.9013519,12.308563

98548547325646,-3.4754486,-1.9061127,12.487091

98548557426965,-3.1041107,-2.003708,12.2204895

98548567436730,-2.8708344,-1.8846893,11.746796

98548577446496,-2.8137054,-1.7561493,11.337372

98548587547814,-2.8351288,-1.5704803,11.38736

98548596703088,-2.7303925,-1.5800018,11.663483

98548607445275,-2.4852142,-1.6276093,12.28714

98548617455041,-2.0805511,-1.9537201,12.568024

98548627434289,-1.7044525,-2.4012299,12.820343

98548637474572,-1.4092865,-2.6154633,12.501373

98548646721398,-1.2950287,-2.6511688,11.956268

98548657433068,-1.3592987,-2.4226532,11.501617

98548652672326,-2.9474792,-2.0450134,11.498398

98548667473351,-1.5378265,-1.8156586,11.156464

98548677452600,-1.6830292,-1.3776703,11.370697

98548686852014,-1.7044525,-1.1943817,11.573029

98548696709191,-1.5378265,-1.4062347,11.956268

98548707542932,-1.3116913,-1.844223,12.16098

98548717461144,-0.9736786,-2.2131805,11.875336

98548727257287,-0.8403778,-2.5892792,11.544464

98548737541711,-0.6499481,-2.7559052,11.249298

98548746727502,-0.65708923,-2.59404,10.925568

98548757561242,-0.7165985,-2.196518,10.835114

98548767479455,-0.77848816,-1.8561249,10.923187

98548777428185,-0.77134705,-1.6347504,11.042206

98548787529504,-0.8332367,-1.5204926,10.970795

98548796715295,-0.76420593,-1.5990448,11.011261

98548807549035,-0.6856537,-1.9537201,11.042206

98548817497766,-0.5452118,-2.2893524,10.908905

98548827477014,-0.50712585,-2.4821625,10.777985

98548837486779,-0.4857025,-2.5511932,10.616119

98548846733605,-0.58091736,-2.5416718,10.397125

98548857536828,-0.66185,-2.4774017,10.3280945

98548852776086,-0.9113159,-2.0446472,11.133255

98548867424523,-0.74754333,-2.4036102,10.313812

98548877464807,-0.8141937,-2.2131805,10.182892

98548887535607,-0.8165741,-2.0608368,10.242401

98548896721398,-0.72612,-2.0846405,10.985077

98548907555139,-0.2809906,-2.7082977,12.296661

98548917473351,-0.28337097,-2.9487152,12.191925

98548927452600,-0.71183777,-2.574997,11.358795

98548937462365,-1.2140961,-2.1822357,10.701813

98548946739709,-1.4878387,-1.9989471,10.256683

98548957451379,-1.483078,-2.029892,10.213837

98548967461144,-1.149826,-2.0822601,10.335236

98548977470910,-0.71421814,-2.3012543,10.437592

98548987450158,-0.4285736,-2.4559784,10.566132

98548996758019,-0.36906433,-2.6821136,11.042206

98549007469689,-0.5618744,-2.7725677,11.806305

98549017448937,-0.6689911,-2.8368378,12.7655945

98549027489221,-0.7189789,-2.9201508,13.498749

98549037468469,-0.68089294,-2.8677826,14.046234

98549046745812,-0.5023651,-2.858261,14.422333

98549057488000,-0.32383728,-2.8725433,14.962677

98549052727258,-0.73420715,-2.492752,11.631348

98549067467248,-0.116744995,-3.0129852,15.543488

98549077446496,0.13557434,-3.4462128,16.086212

98549087517297,0.3950348,-4.0103607,16.490875

98549096886193,0.4759674,-4.4055023,16.71463

98549107536828,0.44740295,-4.4888153,17.281158

98549117485559,0.18556213,-4.3864594,17.22403

98549127464807,-0.1405487,-4.4126434,17.443024

98549137474572,-0.44047546,-4.5340424,17.443024

98549146873986,-0.66185,-4.5530853,16.84555

98549157494103,-0.77134705,-4.4531097,16.112396

98549167442834,-0.5951996,-4.819687,15.75058

98549177483117,-0.30241394,-4.9696503,15.129303

98549187462365,-0.10484314,-4.7006683,14.224762

98549196861779,-0.1334076,-4.4055023,13.301178

98549207481896,-0.44761658,-3.9722748,12.484711

98549217461144,-0.873703,-3.5747528,11.365936

98549227470910,-1.3307343,-2.6083221,10.404266

98549237480676,-1.611618,-1.7680511,9.832977

98549246880090,-1.6473236,-1.2705536,9.225983

98549257469689,-1.4687958,-0.79447937,8.047699

98549252708947,-0.4503479,-3.7293549,14.347595

98549267479455,-1.335495,-0.3969574,6.681366

98549277489221,-1.1450653,-0.7492523,5.9029846

98549287437951,-1.3093109,-0.7992401,4.417633

98549296867883,-1.5735321,-0.90397644,3.0727234

98549307488000,-1.8901215,-1.1681976,1.934906

98549317528283,-2.342392,-0.6992645,0.6923523

98549327477014,-2.6327972,-0.182724,-0.11697388

98549337486779,-2.6923065,0.46473694,-0.6192322

98549346886193,-2.7541962,1.183609,-0.9786682

98549357475793,-2.7184906,1.8620148,-1.1809998

98549367485559,-2.5042572,2.1833649,-1.5499573

98549377464807,-2.547104,2.6618195,-2.0903015

98549387474572,-2.6899261,3.2592926,-2.497345

98549396873986,-2.84227,3.7853546,-2.7330017

98549407463586,-3.1302948,4.275711,-2.9543762

98549417473351,-3.4159393,4.7993927,-3.382843

98549427483117,-3.670639,5.3302155,-4.025543

98549437462365,-3.8682098,5.692032,-4.858673

98549446892297,-4.075302,6.1252594,-5.7774963

98549457512414,-4.394272,6.758438,-6.7463074

98549452751672,-2.67659,2.1740875,-0.8404846

98549467491662,-4.9060516,7.4344635,-7.443756

98549477470910,-5.5011444,8.077164,-7.7912903

98549487480676,-5.953415,8.391373,-7.6698914

98549496880090,-6.127182,8.698441,-7.6460876

98549507500207,-6.1486053,8.624649,-7.46994

98549517509973,-5.960556,8.543716,-7.2009583

98549527489221,-5.801071,8.591324,-6.9533997

98549537498986,-5.653488,8.807938,-6.4344788

98549546898400,-5.66539,8.848404,-5.6299133

98549557518518,-5.6296844,8.729385,-4.927704

98549567497766,-5.4892426,8.488968,-4.2445374

98549577507531,-5.2512054,8.024796,-3.7398987

98549587852990,-5.0345917,7.3011627,-3.3280945

98549596916711,-4.9703217,6.808426,-2.7306213

98549607567346,-4.8798676,6.339493,-2.1045837

98549617699182,-5.017929,5.899124,-1.4547424

98549627708947,-5.125046,5.5349274,-0.945343

98549637688195,-5.3868866,5.23024,-0.25027466

98549646904504,-5.6249237,4.8422394,0.62094116

98549657707726,-5.7391815,4.5089874,1.3421936

98549652946984,-5.493286,7.386261,-4.300125

98549667717492,-5.8367767,4.1067047,1.8634949

98549677696740,-5.8343964,3.5473175,2.0943909

98549687706506,-5.7439423,2.909378,1.9610901

98549696922814,-5.6558685,2.292862,1.8016052

98549707756555,-5.460678,1.6668243,2.184845

98549717583215,-5.1750336,1.0241241,3.1369934

98549727348840,-4.817978,0.5266266,5.027008

98549737633264,-4.2395477,-0.266037,6.9551086

98549746941125,-3.7753754,-1.0467987,7.695404

98549757683312,-3.7111053,-1.7585297,7.7882385

98549767662560,-3.9039154,-2.3488617,7.3573914

98549777672326,-4.246689,-2.5797577,6.907501

98549787682092,-4.5727997,-2.4131317,7.374054

98549796928918,-4.6085052,-1.9489594,8.664215

98549807579553,-4.2062225,-1.6609344,9.480682

98549817558801,-3.8777313,-1.6561737,10.275726

98549827538049,-3.5540009,-2.0156097,10.642303

98549837578332,-3.4564056,-2.6916351,10.423309

98549846947228,-3.5778046,-3.3986053,10.23288

98549857597863,-3.7134857,-3.858017,10.16861

98549852837121,-4.498413,-0.5784607,6.6017456

98549867577111,-3.6658783,-3.8484955,10.3090515

98549877586877,-3.5087738,-3.5652313,10.62088

98549887566125,-3.2564545,-3.274826,11.334991

98549896965539,-2.9731903,-2.8154144,11.980072

98549907677209,-2.8351288,-2.3798065,12.199066

98549917595422,-2.9089203,-2.0251312,12.199066

98549927666223,-3.073166,-1.7323456,11.913422

98549937584435,-3.2635956,-1.3967133,11.722992

98549946953332,-3.3231049,-0.96824646,11.742035

98549957298791,-3.1517181,-0.6992645,12.125275

98549967583215,-2.7351532,-0.78733826,12.934601

98549977562463,-2.194809,-1.2919769,13.177399

98549987572228,-1.7377777,-1.7918549,12.975067

98549996971643,-1.3402557,-2.4036102,12.86795

98550007530725,-1.2378998,-2.7630463,12.251434

98550017571008,-1.3331146,-2.7630463,11.658722

98550027580773,-1.5997162,-2.4036102,11.361176

98550037560021,-1.8567963,-1.927536,11.568268

98550046959435,-1.9163055,-1.465744,12.120514

98550056847131,-1.7496796,-1.0301361,12.044342

98550052086389,-2.483078,-2.0666656,11.955322

98550067650353,-1.6330414,-1.0110931,11.970551

98550077568566,-1.483078,-1.1753387,11.756317

98550087578332,-1.3069305,-1.4514618,11.465912

98550097618615,-1.1403046,-2.0060883,11.215973

98550106865441,-1.0688934,-2.446457,10.761322

98550117577111,-1.0807953,-2.536911,10.182892

98550127586877,-1.149826,-2.5535736,9.940094

98550137596643,-1.2188568,-2.3155365,10.151947

98550147636926,-1.3021698,-2.0655975,10.525665

98550156853234,-1.187912,-1.882309,10.830353

98550167564904,-1.0260468,-1.9180145,10.851776

98550177605187,-0.81895447,-1.9822845,10.718475

98550187584435,-0.6356659,-2.0322723,10.520905

98550197655236,-0.6594696,-1.9751434,10.306671

98550206871545,-0.72850037,-1.798996,10.468536

98550217583215,-0.78800964,-1.6347504,10.387604

98550227592980,-0.7999115,-1.549057,10.4756775

98550237602746,-0.74754333,-1.4895477,10.468536

98550247643029,-0.707077,-1.465744,10.3090515

98550256859338,-0.6904144,-1.5252533,10.254303

98550252098596,-1.008667,-1.8407745,10.678131

98550267601525,-0.7189789,-1.4871674,10.230499

98550277611291,-0.7427826,-1.4490814,10.185272

98550287590539,-0.7332611,-1.446701,10.132904

98550297630822,-0.707077,-1.3514862,10.047211

98550306877648,-0.707077,-1.3229218,10.04245

98550317680871,-0.7237396,-1.4752655,10.066254

98550327599084,-0.60710144,-1.7133026,10.3090515

98550337608850,-0.5761566,-1.9680023,10.501862

98550347649133,-0.30955505,-2.627365,11.027924

98550356895959,-0.33335876,-2.8868256,11.106476

98550367699182,-0.57377625,-2.5416718,11.270721

98550377617394,-0.6832733,-1.9822845,11.930084

98550387627160,-0.6594696,-1.5681,12.639435

98550397423303,-0.64756775,-1.3253021,13.18692

98550406914269,-0.5190277,-1.7918549,13.50589

98550417686975,-0.23576355,-3.0082245,13.972443

98550427635705,0.06654358,-4.4650116,14.572296

98550437645471,0.14271545,-5.7361298,14.767487

98550447655236,0.21174622,-6.359787,14.938873

98550456902062,0.22364807,-6.083664,15.000763

98550452141320,-0.44166565,-2.6295013,11.971741

98550467644250,0.29267883,-5.1434174,15.372101

98550477623498,0.3521881,-4.1960297,15.979095

98550487633264,0.3783722,-3.3152924,16.357574

98550497704064,0.34742737,-2.896347,16.438507

98550506920373,0.29029846,-3.229599,16.350433

98550517723596,0.22602844,-3.8246918,15.845795

98550527672326,0.057022095,-4.3864594,15.222137

98550537712609,-0.1405487,-4.71019,14.634186

98550547630822,-0.4214325,-4.903,14.060516

98550557060754,-0.7761078,-4.9958344,13.353546

98550567680871,-0.937973,-5.2600555,12.73941

98550577629601,-1.0046234,-5.3124237,11.896759

98550587639367,-0.97843933,-4.9125214,11.1683655

98550597649133,-1.0427094,-4.5483246,10.849396

98550607048547,-1.0641327,-3.9722748,10.413788

98550617668664,-1.2640839,-3.377182,9.856781

98550627647912,-1.437851,-3.1129608,9.628265

98550637627160,-1.5878143,-3.0034637,8.911774

98550647636926,-1.8210907,-2.5654755,7.873932

98550657036340,-1.9329681,-2.2726898,7.4145203

98550652275598,-0.623291,-3.9969177,12.718338

98550667656457,-2.0258026,-1.8323212,6.7432556

98550677635705,-2.0805511,-1.2800751,5.772064

98550687645471,-2.259079,-0.9158783,4.917511

98550697655236,-2.6066132,-0.14701843,3.88443

98550707054650,-3.0207977,0.74086,3.0274963

98550717674768,-3.4349823,1.6215973,2.5085754

98550727440393,-3.7872772,2.1952667,2.377655

98550737663781,-3.8848724,2.3928375,2.0134583

98550747673547,-3.8515472,2.4832916,1.0327454

98550757042443,-3.7301483,2.3880768,-0.12887573

98550767662560,-3.682541,2.2904816,-1.1690979

98550777641809,-3.7587128,2.478531,-1.7689514

98550787651574,-3.8063202,2.697525,-1.785614

98550797691857,-4.0062714,3.2521515,-1.7284851

98550807060754,-3.9800873,3.8829498,-2.0450745

98550817711389,-4.0276947,4.6518097,-2.4878235

98550827690637,-4.0895844,5.4897003,-3.0091248

98550837700402,-4.1419525,6.3894806,-3.3233337

98550847679650,-4.2300262,7.1392975,-3.5399475

98550857079064,-4.370468,7.8581696,-4.2326355

98550852318322,-3.5387726,2.6888428,0.35290527

98550867699182,-4.613266,8.560379,-5.3157043

98550877708947,-4.9608,8.995987,-5.8251038

98550887718713,-5.332138,9.126907,-5.806061

98550897697961,-5.570175,9.303055,-5.92984

98550907066857,-5.7891693,9.322098,-5.5918274

98550917717492,-5.7129974,9.26973,-5.2919006

98550927696740,-5.3416595,9.055496,-4.9943542

98550937675988,-5.041733,8.965042,-4.9515076

98550947685754,-4.9608,8.924576,-4.9443665

98550957085168,-5.006027,9.105484,-4.7634583

98550967674768,-5.1345673,9.160233,-4.375458

98550977684533,-5.1631317,8.9674225,-3.8731995

98550987694299,-5.010788,8.627029,-3.4494934

98550997673547,-4.729904,8.110489,-2.6615906

98551007103478,-4.491867,7.522537,-1.740387

98551017723596,-4.4680634,6.7084503,-0.9072571

98551027702844,-4.472824,5.949112,-0.56448364

98551037682092,-4.651352,5.1897736,-0.57162476

98551047691857,-4.901291,4.5232697,-0.7311096

98551057091271,-5.101242,4.0733795,-0.5740051

98551052330529,-5.02269,7.9730225,-3.6431427

98551067711389,-5.158371,3.7782135,-0.15029907

98551077690637,-5.0917206,3.3759308,0.23532104

98551087669885,-4.915573,2.9617462,0.6090393

98551097679650,-4.95842,2.8117828,1.4778748

98551107109582,-4.998886,2.3523712,3.160797

98551117699182,-4.934616,1.7001495,4.5914

98551127708947,-4.7560883,0.8551178,5.42453

98551137718713,-4.38237,-0.2565155,5.757782

98551147758996,-4.1728973,-1.3038788,5.6149597

98551157097375,-4.151474,-2.1917572,5.61734

98551167717492,-4.222885,-2.5012054,6.117218

98551177666223,-4.370468,-2.4107513,6.693268

98551187706506,-4.272873,-2.3488617,7.8025208

98551197685754,-4.227646,-2.370285,8.807037

98551207085168,-4.06102,-2.5535736,9.480682

98551217705285,-3.977707,-2.7440033,9.759186

98551227715051,-3.8467865,-3.0939178,9.859161

98551237694299,-3.746811,-3.422409,9.740143

98551247704064,-3.580185,-3.608078,10.354279

98551257103478,-3.1993256,-3.581894,11.225494

98551252342736,-4.351303,-0.72758484,6.1088867

98551267723596,-2.7113495,-3.524765,12.122894

98551277702844,-2.3090668,-3.3986053,12.365692

98551287682092,-2.175766,-3.1486664,12.049103

98551297691857,-2.2566986,-2.8106537,11.484955

98551307121789,-2.6066132,-2.2703094,10.994598

98551317833459,-3.0303192,-1.8323212,11.235016

98551327721154,-3.1612396,-1.4966888,12.008636

98551337700402,-2.97081,-1.5157318,12.834625

98551347710168,-2.3328705,-1.8965912,13.370209

98551357109582,-1.6854095,-2.510727,13.267853

98551367821252,-1.2093353,-3.2605438,12.689423

98551377739465,-1.1641083,-3.7199554,11.899139

98551387718713,-1.1974335,-3.87706,11.539703

98551397728478,-1.5116425,-3.4628754,11.563507

98551407127893,-1.7520599,-2.72258,11.949127

98551417442834,-1.7711029,-2.0584564,12.389496

98551427727258,-1.6163788,-1.7204437,12.696564

98551437706506,-1.3069305,-1.7442474,12.60611

98551447716271,-1.0093842,-1.9775238,12.2847595

98551457756555,-0.8760834,-2.234604,11.680145

98551452995812,-1.932724,-2.5591736,12.151581

98551467949426,-1.0141449,-2.3298187,11.211212

98551477715051,-1.2831268,-2.3202972,10.801788

98551487724816,-1.5544891,-2.2512665,10.908905

98551497734582,-1.668747,-2.2631683,11.175507

98551507103478,-1.5449677,-2.4821625,11.32785

98551516991174,-1.2926483,-2.7344818,11.018402

98551527824914,-1.0189056,-3.1058197,10.758942

98551537743127,-0.9951019,-3.2391205,10.451874

98551547722375,-1.0665131,-3.1129608,10.163849

98551557152307,-1.2212372,-2.9844208,10.30191

98551566978967,-1.2950287,-2.7773285,10.42807

98551577812707,-1.290268,-2.6416473,10.597076

98551587730920,-1.1855316,-2.7725677,10.5399475

98551597710168,-1.0070038,-3.0082245,10.285248

98551607689416,-0.9498749,-3.248642,10.071014

98551616997277,-1.0284271,-3.3438568,9.902008

98551627800500,-1.1569672,-3.460495,9.816315

98551637749230,-1.3045502,-3.3724213,10.118622

98551647728478,-1.1403046,-3.774704,10.525665

98551657677209,-1.0831757,-4.1769867,10.694672

98551652916467,-1.2050476,-2.9700165,10.554947

98551667015588,-1.3069305,-3.7128143,10.849396

98551677818810,-1.2950287,-2.8796844,11.075531

98551687737023,-1.2402802,-2.1679535,11.246918

98551697746789,-1.2569427,-1.8323212,10.989838

98551707787072,-1.2759857,-1.8918304,10.635162

98551717003381,-1.3093109,-2.286972,10.132904

98551727501428,-1.3473969,-2.6963959,9.766327

98551737755334,-1.3759613,-2.85112,9.606842

98551747734582,-1.4211884,-2.8868256,9.704437

98551757896935,-1.380722,-2.8415985,10.056732

98551767021691,-1.2474213,-2.8868256,10.349518

98551777733361,-1.1379242,-3.0486908,10.639923

98551787773644,-1.1522064,-3.0796356,10.844635

98551797783410,-1.1664886,-3.0010834,11.192169

98551807823693,-1.2021942,-2.8154144,11.642059

98551817009484,-1.3093109,-2.6107025,12.239532

98551827751672,-1.3283539,-2.59404,12.651337

98551837761437,-1.3378754,-2.646408,13.036957

98551847771203,-1.2640839,-2.8154144,13.386871

98551857780969,-1.1212616,-3.1534271,13.665375

98551853020226,-1.2738495,-2.7349548,11.185623

98551867027795,-1.0070038,-3.396225,13.70108

98551877800500,-0.9998627,-3.6318817,14.034332

98551887779748,-0.87846375,-3.6675873,14.458038

98551897758996,-0.73088074,-3.7318573,14.638947

98551907768762,-0.73088074,-3.7056732,15.050751

98551917015588,-0.78086853,-3.6675873,15.088837

98551927788293,-0.75468445,-3.736618,15.191193

98551937767541,-0.7237396,-3.960373,15.438751

98551947746789,-0.67137146,-4.179367,15.49588

98551957756555,-0.5380707,-4.3364716,15.491119

98551967125451,-0.39762878,-4.562607,15.307831

98551977959191,-0.3309784,-4.5911713,14.869843

98551987938439,-0.3952484,-4.731613,14.246185

98551997948205,-0.5214081,-4.717331,13.593964

98552007927453,-0.8141937,-4.667343,13.034576

98552017143762,-1.0760345,-4.6054535,12.327606

98552027946984,-1.399765,-4.32695,11.830109

98552037926232,-1.6163788,-3.9341888,11.294525

98552047905480,-1.6354218,-3.4557343,10.55661

98552057915246,-1.5521088,-3.0772552,9.861542

98552053154504,-0.8777466,-4.0341644,13.775589

98552067162072,-1.437851,-2.9939423,8.987946

98552077934777,-1.502121,-2.6368866,8.047699

98552087914025,-1.6068573,-2.389328,7.47641

98552097923791,-1.6639862,-2.037033,6.824188

98552107903039,-1.7877655,-1.4728851,5.641144

98552117119348,-2.0710297,-1.0348969,4.8246765

98552127953088,-2.406662,-0.3874359,3.9606018

98552137932336,-2.7732391,0.67658997,3.025116

98552147942101,-3.0088959,1.3930817,2.8037415

98552157921350,-3.0184174,1.8096466,2.6585388

98552167137658,-2.932724,2.0214996,1.7897034

98552177971398,-2.7613373,1.7882233,0.7899475

98552187767541,-2.8018036,1.7358551,-0.36691284

98552197746789,-2.8803558,1.8548737,-1.0572205

98552207756555,-2.977951,2.0714874,-1.4237976

98552217155969,-3.144577,2.659439,-1.9165344

98552227776086,-3.3159637,3.7567902,-2.4687805

98552237755334,-3.4611664,5.032669,-2.6020813

98552247765100,-3.6658783,6.3513947,-2.663971

98552257744348,-3.830124,7.341629,-2.7972717

98552252983605,-2.6524353,1.2770386,2.0766602

98552267174279,-4.0634003,7.8058014,-3.3685608

98552277794396,-4.349045,7.886734,-4.375458

98552287743127,-4.729904,7.9867096,-5.363312

98552297783410,-5.2274017,8.134293,-6.358307

98552307762658,-5.8034515,8.391373,-7.1628723

98552317162072,-6.210495,8.793655,-7.353302

98552327782189,-6.222397,9.257828,-7.5746765

98552337761437,-5.92247,9.712479,-7.6960754

98552347740685,-5.6177826,9.838638,-7.5413513

98552357780969,-5.4059296,9.836258,-7.3699646

98552367241418,-5.2464447,9.652969,-7.1009827

98552377769982,-5.2512054,9.360184,-6.691559

98552387779748,-5.267868,9.065018,-6.1297913

98552397789514,-5.248825,8.591324,-5.5227966

98552407768762,-4.9703217,8.131912,-4.915802

98552417168176,-4.708481,7.6534576,-3.9136658

98552427788293,-4.4871063,7.167862,-2.97818

98552437767541,-4.3776093,6.5370636,-2.4902039

98552447777307,-4.563278,5.949112,-2.3330994

98552457787072,-4.946518,5.2802277,-1.997467

98552453026330,-5.1309967,8.251648,-5.411865

98552467186486,-5.2964325,4.6898956,-1.7594299

98552477806603,-5.5392303,4.244766,-1.092926

98552487785851,-5.60112,3.890091,-0.1645813

98552497795617,-5.4392548,3.4497223,0.8327942

98552507774865,-5.082199,3.0141144,1.6992493

98552517204797,-4.775131,2.530899,2.4966736

98552527794396,-4.484726,2.02388,3.013214

98552537804162,-4.4109344,1.3883209,3.3893127

98552547813928,-4.6180267,0.8622589,3.263153

98552557793176,-4.922714,0.509964,3.2345886

98552567223107,-5.1869354,0.2528839,4.065338

98552577812707,-5.1750336,-0.027999878,5.1722107

98552587791955,-4.7203827,-0.32792664,6.2671814

98552597801721,-4.0729218,-0.78019714,6.795624

98552607811486,-3.3921356,-1.420517,6.9336853

98552617210900,-2.8803558,-2.1298676,6.9360657

98552627831018,-2.6066132,-2.582138,6.6528015

98552637810266,-2.6899261,-2.72258,6.802765

98552647789514,-2.804184,-2.767807,7.4787903

98552657799279,-2.849411,-2.3655243,9.085541

98552653038537,-4.3273773,0.5866089,4.0550995

98552667229211,-2.528061,-2.0251312,10.497101

98552677818810,-2.13768,-2.1060638,10.794647

98552687828576,-1.8829803,-2.3798065,10.932709

98552697838342,-1.7472992,-2.510727,10.832733

98552707817590,-1.8353729,-2.4440765,10.768463

98552717247521,-2.220993,-2.234604,11.115997

98552727867639,-2.4923553,-2.0346527,12.165741

98552737663781,-2.5042572,-1.7966156,13.134552

98552747643029,-2.2995453,-1.6228485,13.924835

98552757866418,-1.990097,-1.6347504,14.165253

98552767235314,-1.7449188,-1.6633148,13.862946

98552777855432,-1.7353973,-1.5561981,13.365448

98552787865197,-1.9758148,-1.2872162,13.013153

98552797844445,-2.4114227,-0.9230194,12.80368

98552807884728,-2.6851654,-0.80400085,12.639435

98552817253625,-2.637558,-0.9087372,13.2916565

98552827812707,-2.1733856,-1.215805,13.686798

98552837883508,-1.5901947,-1.7942352,13.720123

98552847893273,-1.0784149,-2.3417206,13.410675

98552857872521,-0.7856293,-2.5250092,12.882233

98552853111779,-2.0228271,-1.7904205,12.550415

98552867271935,-0.8237152,-2.4250336,12.618011

98552877708947,-1.0665131,-2.075119,12.5346985

98552887871301,-1.3878632,-1.8489838,12.653717

98552897881066,-1.6163788,-1.715683,12.722748

98552907890832,-1.7401581,-1.6204681,12.846527

98552917900598,-1.6401825,-1.69664,12.7655945

98552927147424,-1.3950043,-2.0441742,12.489471

98552937981164,-1.1760101,-2.4488373,11.96817

98552947868859,-1.0712738,-2.7273407,11.499237

98552957878625,-1.0903168,-2.858261,11.144562

98552967918908,-1.1426849,-2.684494,10.901764

98552977196252,-1.2664642,-2.4297943,10.797028

98552987938439,-1.4116669,-2.1750946,10.818451

98552997887170,-1.3973846,-1.991806,10.74704

98553007866418,-1.3664398,-1.8870697,10.668488

98553017906701,-1.2926483,-1.882309,10.544708

98553027153527,-1.2236176,-1.9584808,10.368561

98553037926232,-1.1284027,-2.0989227,10.056732

98553047874963,-1.123642,-2.2060394,9.825836

98553057884728,-1.1403046,-2.1608124,9.621124

98553053123986,-1.2750397,-2.1467743,11.379623

98553067894494,-1.187912,-2.1036835,9.6354065

98553077141320,-1.2378998,-2.1417694,9.6996765

98553087883508,-1.2831268,-2.0965424,9.692535

98553097862756,-1.2498016,-1.9299164,10.051971

98553107872521,-1.0974579,-1.8204193,10.266205

98553117821252,-1.0093842,-1.8132782,10.347137

98553127129113,-0.9213104,-1.9608612,10.23288

98553137962853,-0.9308319,-2.075119,10.23526

98553147911584,-0.9474945,-2.1298676,10.147186

98553157890832,-1.0474701,-2.0727386,10.211456

98553167839562,-1.0903168,-2.048935,10.220978

98553177177941,-1.0474701,-2.0798798,10.49234

98553187950646,-0.9712982,-2.2322235,11.19931

98553197899377,-0.8998871,-2.267929,11.6753845

98553207909143,-0.80229187,-2.234604,12.120514

98553217857873,-0.8165741,-2.1084442,12.389496

98553227165734,-0.9046478,-1.927536,12.6822815

98553237999475,-0.97843933,-1.8680267,13.091705

98553247887170,-1.0784149,-1.9751434,13.422577

98553257927453,-1.1736298,-2.1036835,13.789154

98553253166711,-1.033783,-2.04953,11.08017

98553267937219,-1.1807709,-2.3202972,14.184296

98553277184045,-1.1450653,-2.4559784,14.46994

98553287895715,-1.085556,-2.7916107,14.638947

98553297935998,-0.8879852,-3.089157,14.78891

98553307915246,-0.6499481,-3.2438812,14.624664

98553317925012,-0.63090515,-3.191513,14.584198

98553327202355,-0.55711365,-3.3105316,14.938873

98553337914025,-0.6118622,-3.2653046,15.424469

98553347923791,-0.5856781,-3.3533783,15.655365

98553357964074,-0.6023407,-3.3010101,15.460175

98553367943322,-0.74516296,-3.3343353,15.467316

98553377220666,-1.021286,-3.3343353,15.403046

98553387932336,-1.1760101,-3.350998,15.224518

98553397942101,-1.2093353,-3.403366,14.750824

98553407951867,-1.0807953,-3.4890594,14.319977

98553417961633,-0.8998871,-3.7651825,13.936737

98553427330529,-0.77848816,-3.846115,12.917938

98553437950646,-0.9046478,-3.7389984,11.701569

98553447960412,-1.252182,-3.6223602,10.851776

98553457939660,-1.5497284,-3.3867035,10.023407

98553453178918,-0.9277344,-3.2797089,14.16835

98553467949426,-1.9353485,-2.813034,9.568756

98553477318322,-2.149582,-2.248886,9.14743

98553487938439,-2.240036,-1.844223,8.661835

98553497948205,-2.1162567,-1.82518,8.192902

98553507927453,-1.9186859,-1.8347015,7.3454895

98553517937219,-1.8091888,-1.594284,6.1195984

98553527336633,-1.9543915,-1.1681976,4.884186

98553537956750,-2.451889,-0.61595154,4.0748596

98553547966516,-2.9731903,-0.063705444,3.3988342

98553557945764,-3.439743,0.7241974,2.8727722

98553567955529,-3.6396942,1.6287384,2.4633484

98553577354943,-3.5730438,2.2523956,2.268158

98553588036096,-3.4159393,2.576126,2.1158142

98553597954309,-3.1160126,2.799881,1.8111267

98553607933557,-2.8446503,2.6499176,1.1922302

98553617943322,-2.8851166,2.4880524,0.4543152

98553627373254,-3.1207733,2.421402,-0.4859314

98553637962853,-3.4302216,2.504715,-1.0357971

98553647972619,-3.7396698,2.9522247,-1.4595032

98553657951867,-3.901535,3.9138947,-1.3666687

98553653191125,-2.8327484,0.6451721,3.5111847

98553667961633,-3.9372406,5.0659943,-1.2167053

98553677361047,-3.9681854,6.0824127,-1.1714783

98553687981164,-4.080063,7.0036163,-1.2762146

98553697960412,-4.241928,7.622513,-1.4928284

98553707970178,-4.4061737,7.9105377,-2.1117249

98553717979943,-4.7656097,8.086685,-3.049591

98553727348840,-5.067917,7.9605255,-3.935089

98553737755334,-5.4249725,7.8653107,-4.71109

98553748009240,-5.6701508,7.9033966,-5.1490784

98553757988488,-5.691574,8.062881,-5.249054

98553767967736,-5.5844574,8.403275,-5.1871643

98553777367150,-5.4392548,8.710342,-5.3537903

98553787987268,-5.3464203,8.722244,-5.2252502

98553797997033,-5.305954,8.605606,-5.044342

98553808006799,-5.3607025,8.453262,-4.9776917

98553817986047,-5.47258,8.215225,-4.9824524

98553827354943,-5.586838,7.958145,-5.1062317

98553838005578,-5.651108,7.6986847,-4.9324646

98553847984826,-5.658249,7.3892365,-4.5777893

98553857994592,-5.6368256,7.0702667,-4.061249

98553853233850,-5.114807,7.739502,-3.940567

98553867973840,-5.4892426,6.617996,-3.375702

98553877373254,-5.2845306,6.2014313,-2.652069

98553888023889,-4.9965057,5.6587067,-2.1164856

98553897972619,-4.8203583,5.1707306,-1.7832336

98553907982385,-4.7560883,4.6756134,-1.5451965

98553917992150,-4.889389,4.4661407,-1.047699

98553927391564,-5.120285,4.3566437,-0.043182373

98553937981164,-5.2773895,4.558975,1.2445984

98553947960412,-5.234543,4.563736,2.3371887

98553958000695,-5.15123,4.109085,2.9917908

98553967979943,-5.108383,3.4568634,2.9894104

98553977379357,-5.0536346,2.6356354,2.7394714

98553987999475,-5.0155487,1.9500885,2.6752014

98553998009240,-4.9679413,1.5144806,3.1560364

98554008019006,-4.775131,1.3430939,4.758026

98554017998254,-4.310959,0.93367004,6.374298

98554027397668,-3.772995,0.48616028,7.116974

98554038017785,-3.4706879,-0.09465027,7.3193054

98554047997033,-3.3421478,-0.7849579,7.2312317

98554058006799,-3.4468842,-1.3514862,6.886078

98554053246057,-4.7141876,3.0233917,2.2628021

98554068016564,-3.6777802,-1.8013763,6.9217834

98554077415978,-3.7301483,-1.8108978,8.033417

98554088005578,-3.542099,-1.4252777,9.890106

98554098015344,-2.996994,-1.5204926,11.358795

98554108025109,-2.3995209,-1.9370575,11.868195

98554117973840,-1.9805756,-2.2941132,11.592072

98554127434289,-1.9424896,-2.536911,11.092194

98554138023889,-2.1852875,-2.4893036,10.808929

98554148033654,-2.497116,-2.2584076,10.789886

98554158043420,-2.6685028,-1.9180145,11.349274

98554168022668,-2.5185394,-1.6228485,12.4513855

98554177422082,-2.1638641,-1.5776215,13.010773

98554188042199,-1.8139496,-1.8347015,12.906036

98554198113000,-1.5402069,-2.1679535,12.7465515

98554208031213,-1.4307098,-2.415512,12.48233

98554218040978,-1.4283295,-2.2703094,12.625153

98554227440393,-1.5235443,-1.9632416,12.951263

98554238121545,-1.5497284,-1.7966156,13.584442

98554248039758,-1.4973602,-1.5323944,13.610626

98554258049523,-1.399765,-1.2443695,13.4392395

98554253288781,-2.2243195,-1.9208679,11.675629

98554268028771,-1.2736053,-1.0920258,13.098846

98554277428185,-1.2164764,-1.087265,12.925079

98554287956750,-1.2021942,-1.3705292,12.808441

98554298027551,-1.1855316,-1.7037811,12.622772

98554308037316,-1.1260223,-1.9965668,12.508514

98554318047082,-1.0950775,-2.2274628,12.325226

98554328087365,-1.0807953,-2.434555,12.322845

98554338158166,-1.1450653,-2.4297943,12.108612

98554348045861,-1.2855072,-2.2655487,11.977692

98554358025109,-1.4140472,-2.1274872,11.987213

98554368034875,-1.5045013,-1.9299164,11.834869

98554378075158,-1.4783173,-1.7561493,11.720612

98554387321984,-1.354538,-1.6014252,11.487335

98554398125207,-1.2474213,-1.63237,11.38736

98554408043420,-1.1617279,-1.6656952,11.242157

98554418022668,-1.1831512,-1.6752167,11.035065

98554428093469,-1.3497772,-1.6276093,10.951752

98554437309777,-1.4783173,-1.63237,10.885101

98554448113000,-1.5092621,-1.5728607,10.675629

98554458061730,-1.4973602,-1.6204681,10.535187

98554453300988,-1.2894287,-1.7724609,11.8220215

98554468040978,-1.5259247,-1.5966644,10.561371

98554477989709,-1.4664154,-1.5062103,10.43045

98554487328088,-1.4711761,-1.4538422,10.406647

98554498131310,-1.4902191,-1.4633636,10.323334

98554508019006,-1.5330658,-1.5347748,10.368561

98554518059289,-1.4521332,-1.5681,10.401886

98554528099572,-1.4140472,-1.5990448,10.432831

98554537315881,-1.3021698,-1.6490326,10.320953

98554548119103,-1.2045746,-1.6680756,10.30191

98554558067834,-1.2474213,-1.613327,10.132904

98554568047082,-1.290268,-1.5157318,10.054352

98554578087365,-1.3069305,-1.4681244,10.049591

98554587334191,-1.3712006,-1.4681244,10.04483

98554598412072,-1.2926483,-1.4419403,9.885345

98554608238732,-1.1902924,-1.3967133,9.909149

98554618248498,-1.1307831,-1.3443451,9.897247

98554628136193,-1.1998138,-1.2824554,9.794891

98554637321984,-1.2736053,-1.1634369,9.756805

98554648308312,-1.3473969,-1.0825043,9.797272

98554658226525,-1.4116669,-1.0539398,9.766327

98554653465783,-1.3460846,-1.4434814,10.131836

98554668236291,-1.3497772,-0.9753876,10.04483

98554678276574,-1.3283539,-0.8254242,10.147186

98554687340295,-1.3259735,-0.82780457,10.3923645

98554698326623,-1.4259491,-0.8016205,10.49234

98554708244836,-1.418808,-0.83732605,10.611359

98554718102014,-1.3307343,-0.9134979,10.806549

98554728142297,-1.2545624,-1.0467987,10.944611

98554737328088,-1.0807953,-1.068222,11.182648

98554748222863,-1.0355682,-1.1610565,11.406403

98554758202111,-1.0522308,-1.1920013,11.673004

98554768211877,-1.0950775,-1.1991425,11.920563

98554778191125,-1.0950775,-1.1777191,12.101471

98554787346398,-1.0355682,-0.9634857,12.446625

98554798271691,-0.9974823,-0.7421112,12.575165

98554808220422,-1.1117401,-0.55644226,12.644196

98554818108117,-1.3331146,-0.3136444,12.9774475

98554828148400,-1.4759369,-0.13749695,13.770111

98554837334191,-1.3854828,-0.027999878,13.872467

98554848198449,-1.3307343,-0.05656433,14.648468

98554858116662,-0.957016,-0.24223328,15.845795

98554853355920,-1.220993,-0.7532959,12.025177

98554868065393,-0.5523529,-0.45884705,16.224274

98554878105676,-0.411911,-0.8587494,16.352814

98554887474572,-0.7999115,-1.2062836,16.307587

98554898094689,-1.3140717,-1.2610321,16.864594

98554908104455,-1.5259247,-1.3943329,17.262115

98554918083703,-1.3450165,-1.6276093,17.99765

98554928093469,-0.8879852,-1.9894257,18.178558

98554937492883,-0.6261444,-2.4869232,18.104767

98554948113000,-0.5690155,-2.9844208,17.283539

98554958092248,-0.892746,-3.2724457,16.367096

98554968102014,-1.2164764,-3.8056488,15.576813

98554978081262,-1.380722,-4.353134,15.095978

98554987480676,-1.3616791,-4.7720795,13.9534

98554998100793,-1.3688202,-5.1696014,12.560883

98555008110559,-1.5306854,-5.2790985,11.206451

98555018089807,-1.7472992,-4.819687,9.899628

98555028191125,-1.8948822,-4.1103363,8.895111

98555037498986,-1.899643,-3.286728,8.200043

98555048149621,-1.9020233,-2.7368622,7.388336

98555058098351,-1.861557,-2.3607635,6.317169

98555053337609,-1.2544403,-2.9116974,14.001846

98555068077600,-1.8853607,-1.6871185,4.7151794

98555078087365,-1.8591766,-0.86351013,3.5654602

98555087486779,-1.7353973,-0.38981628,2.6133118

98555098106896,-1.6163788,-0.18986511,1.3279114

98555108086144,-1.5068817,-0.14701843,-0.12887573

98555118095910,-1.5402069,-0.3636322,-0.9715271

98555128105676,-1.7187347,-0.27079773,-2.0022278

98555137505090,-1.94487,0.3695221,-2.580658

98555148125207,-1.9496307,1.285965,-2.4425964

98555158104455,-1.8139496,2.2404938,-2.568756

98555168114221,-1.6996918,3.185501,-2.9710388

98555178093469,-1.6758881,4.101944,-3.6613464

98555187523400,-1.8401337,4.858902,-4.4373474

98555198113000,-2.2257538,5.4325714,-4.946747

98555208122766,-2.663742,5.982437,-5.601349

98555218102014,-3.1921844,6.89888,-6.5558777

98555228111779,-3.6944427,7.7153473,-7.205719

98555237511193,-4.203842,8.572281,-7.46994

98555248131310,-4.537094,9.01741,-7.455658

98555258110559,-4.787033,9.1150055,-7.239044

98555253349816,-2.4045258,3.243225,-2.8008423

98555268120324,-4.813217,8.896011,-7.1509705

98555278099572,-4.691818,8.469925,-7.360443

98555287498986,-4.7251434,8.2104645,-7.462799

98555298119103,-4.856064,8.1819,-7.4794617

98555308098351,-5.048874,8.365189,-7.024811

98555318108117,-5.272629,8.562759,-6.5534973

98555328117883,-5.4892426,8.798416,-5.9512634

98555337517297,-5.529709,8.755569,-5.260956

98555348106896,-5.4511566,8.324722,-4.601593

98555358116662,-5.2583466,7.724869,-3.9969788

98555368126428,-5.139328,7.032181,-3.530426

98555378105676,-5.1298065,6.2085724,-3.2328796

98555387505090,-5.2583466,5.434952,-2.902008

98555398125207,-5.4511566,4.7708282,-2.5758972

98555408104455,-5.6106415,4.2400055,-2.0522156

98555418175256,-5.710617,3.9519806,-1.3309631

98555428123986,-5.620163,3.6520538,-0.4026184

98555437492883,-5.4892426,3.4068756,0.10202026

98555448113000,-5.4511566,3.1926422,0.53286743

98555458122766,-5.4940033,2.8355865,1.0398865

98555453362023,-5.274536,6.450775,-3.8597565

98555468102014,-5.524948,2.319046,1.4707336

98555478111779,-5.40831,1.7715607,1.8801575

98555487511193,-5.1940765,1.100296,2.6632996

98555498131310,-4.8346405,0.60279846,3.6940002

98555508110559,-4.415695,0.18385315,4.9151306

98555518120324,-4.0776825,-0.25175476,5.893463

98555528099572,-3.9348602,-0.5850067,6.2552795

98555537529504,-3.9872284,-0.9253998,6.336212

98555548119103,-4.0895844,-1.5704803,6.712311

98555558098351,-4.082443,-1.818039,7.6097107

98555568108117,-3.8705902,-1.7775726,9.085541

98555578117883,-3.3159637,-1.818039,10.894623

98555587486779,-2.701828,-2.1298676,11.882477

98555598137414,-2.1281586,-2.5845184,12.034821

98555608086144,-1.9424896,-2.9106293,11.32309

98555618095910,-2.0400848,-3.1415253,10.958893

98555628105676,-2.4280853,-3.0724945,11.125519

98555637505090,-2.887497,-2.7130585,11.927704

98555648277795,-2.958908,-2.5511932,13.622528

98555658104455,-2.6399384,-2.59404,14.588959

98555653343713,-3.6231537,-1.2232971,8.243729

98555668114221,-2.066269,-3.1938934,14.643707

98555678093469,-1.5068817,-3.9984589,14.139069

98555687523400,-1.2498016,-4.3888397,13.534454

98555698265588,-1.3759613,-4.5721283,13.327362

98555708122766,-1.6139984,-4.2602997,13.434479

98555718193566,-1.8782196,-3.691391,13.796295

98555728111779,-1.9853363,-3.2438812,14.050995

98555737511193,-2.0757904,-2.78685,14.227142

98555747978723,-1.9282074,-2.5392914,14.060516

98555758171594,-1.759201,-2.536911,13.848663

98555768150842,-1.7092133,-2.5773773,13.346405

98555778130090,-1.7092133,-2.5202484,12.787018

98555788200891,-1.8306122,-2.5035858,12.408539

98555797417199,-2.047226,-2.453598,12.053864

98555808220422,-2.2876434,-2.3917084,11.770599

98555818138635,-2.380478,-2.1703339,11.418304

98555828117883,-2.4090424,-2.0060883,11.256439

98555838158166,-2.2495575,-1.7180634,11.0850525

98555847404992,-2.0424652,-1.5919037,11.025543

98555858208215,-1.9305878,-1.4895477,11.011261

98555853447473,-1.9017792,-2.831726,12.861282

98555868126428,-1.8377533,-1.3062592,10.739899

98555878166711,-1.8734589,-1.1634369,10.549469

98555888145959,-1.8829803,-0.9753876,10.470917

98555897392785,-1.9305878,-0.8016205,10.378082

98555908226525,-1.8877411,-0.66593933,10.423309

98555918144738,-1.7092133,-0.6421356,10.2447815

98555928154504,-1.566391,-0.6826019,10.116241

98555938164269,-1.4235687,-0.7349701,9.990082

98555947380578,-1.3688202,-0.81114197,9.923431

98555958214318,-1.4092865,-0.78733826,9.951996

98555968163049,-1.4473724,-0.7992401,10.0971985

98555978142297,-1.4949799,-0.85398865,10.142426

98555988182580,-1.3616791,-0.83018494,10.280487

98555997429406,-1.3045502,-0.8349457,10.209076

98556008202111,-1.1998138,-0.8159027,10.223358

98556018150842,-1.1855316,-0.80400085,10.154327

98556028221643,-1.2783661,-0.7516327,10.101959

98556038170373,-1.2878876,-0.63023376,10.071014

98556047417199,-1.3497772,-0.64927673,10.130524

98556058220422,-1.2950287,-0.73735046,10.085297

98556053459680,-1.5047455,-0.8138733,10.214188

98556068138635,-1.1545868,-0.83018494,10.035309

98556078148400,-1.0260468,-1.0206146,9.9496155

98556088097131,-1.0189056,-1.0777435,9.868683

98556097404992,-1.0236664,-1.0848846,9.932953

98556108238732,-1.0950775,-1.0491791,9.928192

98556118126428,-1.1807709,-0.89445496,9.997223

98556128136193,-1.1998138,-0.73973083,9.990082

98556138176476,-1.2259979,-0.7611542,9.961517

98556147423303,-1.2355194,-0.7421112,9.999603

98556158226525,-1.1998138,-0.7897186,9.880585

98556168175256,-1.6163788,0.18861389,9.071259

98556178185021,-1.6758881,-1.5823822,10.313812

98556188164269,-1.521164,-1.2396088,9.756805

98556197441613,-1.3783417,-1.1015472,10.0781555

98556208183801,-1.2878876,-1.5776215,10.099579

98556217949426,-1.354538,-1.7109222,9.966278

98556227989709,-1.3735809,-1.6466522,9.880585

98556238213098,-1.233139,-1.677597,9.840118

98556247429406,-1.002243,-1.6085663,9.91153

98556258202111,-0.5047455,-1.863266,9.747284

98556253441369,-1.2154083,-1.1404724,9.910461

98556268181359,-0.26194763,-1.8918304,9.368805

