98526735262439,-1.5354462,-0.0756073,9.809174

98526743074939,-0.6332855,-0.3636322,9.966278

98526758699939,-0.31669617,0.61231995,10.323334

98526766512439,-0.5285492,0.8860626,10.635162

98526774324939,-0.90226746,1.0050812,10.447113

98526782137439,-1.252182,1.119339,10.242401

98526793428942,-1.2855072,0.9479523,10.009125

98526812990710,-1.3878632,0.8622589,9.844879

98526822969958,-1.1783905,0.7646637,9.892487

98526837984606,-0.7737274,0.6099396,9.873444

98526844637439,-0.66185,0.4504547,9.859161

98526852449939,-0.68803406,0.38142395,9.804413

98526868013903,-0.957016,0.37190247,9.763947

98526878695056,-1.1450653,0.40046692,9.775848

98526891512439,-1.2617035,0.41712952,9.771088

98526898043200,-1.1522064,0.3861847,9.813934

98526908052966,-1.0117645,0.29811096,9.859161

98526918581530,-0.9546356,0.3290558,9.8663025

98526928621814,-0.9403534,0.28144836,9.859161

98526938204333,-0.94273376,0.21479797,9.835358

98526948641345,-0.9498749,0.16481018,9.730621

98526958651110,-0.9546356,0.19337463,9.690155

98526968660876,-1.0046234,0.2457428,9.644928

98526978579089,-0.99272156,0.3361969,9.7187195

98526988222644,-0.95225525,0.39808655,9.790131

98526998690173,-0.9641571,0.38142395,9.661591

98527008669421,-0.9308319,0.31477356,9.59494

98527018679187,-0.91893005,0.21479797,9.575897

98527028749987,-0.9832001,0.23622131,9.5520935

98527038271472,-1.0736542,0.31477356,9.6354065

98527048677966,-1.0712738,0.44569397,9.613983

98527043917224,-0.9924774,0.3163147,9.72789

98527058657214,-1.059372,0.47425842,9.611603

98527068300769,-1.0046234,0.51234436,9.652069

98527088137194,-1.0117645,0.52900696,9.661591

98527103670642,-1.0379486,0.5361481,9.709198

98527113680407,-1.0260468,0.6099396,9.742523

98527123659655,-0.937973,0.657547,9.790131

98527133303210,-0.8760834,0.5171051,10.178131

98527143190905,-0.80467224,0.42903137,10.082916

98527153719470,-0.8903656,0.11720276,9.928192

98527163698718,-1.0046234,-0.042282104,9.730621

98527173708483,-1.1069794,-0.09703064,9.825836

98527183321521,-1.0926971,0.14338684,9.813934

98527193209216,-1.0617523,0.3600006,9.973419

98527203737780,-0.8998871,0.46949768,10.123383

98527213717028,-0.8141937,0.41474915,10.1614685

98527224001452,-0.9308319,0.3361969,10.256683

98527233370349,-1.187912,0.31001282,10.066254

98527243319079,-1.4021454,0.28858948,10.256683

98527254000231,-1.464035,0.3695221,10.49472

98527249239489,-1.0321198,0.37416077,9.936401

98527264009997,-1.3378754,0.47901917,10.754181

98527274019763,-1.2307587,0.60517883,11.127899

98527283419177,-1.2093353,0.6908722,11.370697

98527293398425,-1.2807465,0.7456207,11.596832

98527304018542,-1.3283539,0.6551666,11.58255

98527314028308,-1.2593231,0.60279846,11.922943

98527324038073,-1.1284027,0.5908966,12.560883

98527333498522,-0.957016,0.5837555,13.210724

98527343447253,-0.79039,0.25050354,13.9534

98527354067370,-0.5856781,-0.20414734,14.522308

98527364046618,-0.54759216,-0.6826019,14.8246155

98527374056384,-0.36906433,-1.1182098,15.155487

98527384157702,-0.22148132,-1.4228973,15.648224

98527393496081,-0.11198425,-1.5681,15.955292

98527404177233,-0.0667572,-1.7037811,16.088593

98527414095446,-0.071517944,-2.0060883,16.243317

98527424105212,-0.15007019,-2.0774994,16.102875

98527434145495,-0.35002136,-2.1560516,16.045746

98527443514392,-0.5023651,-2.196518,15.898163

98527454195544,-0.59757996,-2.0584564,15.641083

98527449434802,-0.7048187,-0.5995331,14.010284

98527464144274,-0.67137146,-2.101303,15.319733

98527474154040,-0.6451874,-2.1346283,14.53183

98527483553454,-0.6023407,-2.2774506,13.803436

98527493532702,-0.7594452,-2.4178925,12.960785

98527504152819,-0.8237152,-2.5988007,12.54422

98527514163163,-0.99272156,-2.5964203,11.484955

98527524142411,-1.1807709,-2.472641,10.654205

98527534182694,-1.3140717,-2.4440765,9.471161

98527543551591,-1.5759125,-2.3988495,8.664215

98527554263261,-1.8115692,-2.3845673,7.747772

98527564211991,-2.1519623,-1.9108734,6.821808

98527574191239,-2.4161835,-1.798996,5.9529724

98527584201005,-2.720871,-1.3253021,5.2745667

98527593600419,-2.7161102,-1.7275848,5.310272

98527604281571,-2.6780243,-1.7442474,4.103424

98527614199784,-2.7113495,-1.5657196,2.8251648

98527624209550,-2.823227,-1.3657684,1.7301941

98527634249833,-3.2350311,-0.48265076,1.0041809

98527643618729,-3.5301971,0.34571838,0.89230347

98527654330399,-3.7253876,0.9051056,0.82089233

98527649569657,-1.9542694,-1.7248535,7.5959015

98527664248612,-3.7444305,1.5263824,0.3138733

98527674258378,-3.6468353,1.5668488,-0.12411499

98527684359696,-3.625412,1.5930328,-0.97628784

98527693637040,-3.7563324,1.9810333,-1.6975403

98527704348710,-3.9062958,2.5166168,-2.1474304

98527714266923,-4.0895844,3.4854279,-2.471161

98527724276688,-4.3276215,4.8493805,-2.7187195

98527734316972,-4.5775604,6.3871,-2.7782288

98527743685868,-4.9060516,7.841507,-2.8853455

98527754367020,-5.2178802,8.865067,-2.9091492

98527764285233,-5.582077,9.676773,-2.9424744

98527774294999,-5.805832,10.150467,-2.9924622

98527784304765,-5.801071,10.519424,-3.23526

98527793704179,-5.9748383,10.881241,-3.4756775

98527804324296,-6.153366,11.019302,-3.280487

98527814303544,-6.403305,11.45253,-2.9924622

98527824313309,-6.493759,11.8667145,-2.7330017

98527834323075,-6.4509125,12.054764,-2.5711365

98527843753007,-6.3342743,11.728653,-2.1402893

98527854312089,-6.1057587,11.076431,-1.9808044

98527849551347,-5.145157,7.551941,-2.336914

98527864352372,-5.929611,10.317093,-1.7808533

98527874362138,-6.0034027,9.731522,-1.6642151

98527884402421,-6.222397,9.341141,-1.4356995

98527893771317,-6.4366302,9.186417,-1.0167542

98527904055741,-6.550888,8.905533,-0.6025696

98527914187577,-6.550888,8.555618,-0.4930725

98527924227860,-6.3937836,8.062881,-0.35977173

98527934420731,-6.2128754,7.41066,-0.15267944

98527943881181,-6.0581512,6.6727448,0.011566162

98527954257157,-6.0843353,6.00148,-0.019378662

98527964419511,-6.3104706,5.449234,0.082977295

98527974429276,-6.6365814,5.025528,0.20913696

98527984439042,-6.9841156,4.6494293,0.2305603

98527993838456,-7.2578583,4.389969,0.5423889

98528003726151,-7.20549,4.0733795,1.158905

98528014468339,-6.9650726,3.4830475,1.6064148

98528024447587,-6.512802,2.8332062,2.0325012

98528034487870,-5.998642,2.273819,2.3919373

98528043887284,-5.6035004,1.8524933,2.5680847

98528053774979,-5.5844574,1.5216217,2.7656555

98528049014237,-6.3750916,5.986847,0.3037567

98528064486649,-5.7463226,1.5406647,2.7918396

98528074496415,-5.9772186,1.7382355,3.275055

98528084384110,-5.9962616,1.3859406,4.4771423

98528093905595,-5.6891937,1.0003204,5.348358

98528104586747,-5.067917,0.30525208,5.860138

98528114504960,-4.3538055,-0.69688416,6.2362366

98528124514725,-3.6563568,-1.4824066,5.5245056

98528134524491,-3.4302216,-1.798996,4.5675964

98528143923905,-3.5397186,-1.8846893,4.712799

98528154452470,-3.8158417,-1.401474,5.7363586

98528164553788,-3.8134613,-0.86351013,7.5192566

98528174533036,-3.3088226,-0.92778015,9.830597

98528184542802,-2.4019012,-1.7442474,11.542084

98528193972733,-1.3497772,-2.4821625,11.634918

98528204562333,-0.6332855,-2.7368622,10.409027

98528214572099,-0.63090515,-2.5083466,9.406891

98528224581864,-1.1998138,-1.5466766,9.561615

98528234591630,-1.9472504,-0.49693298,10.197174

98528243991044,-2.4471283,0.42189026,11.4635315

98528254702714,-2.240036,1.0336456,13.31546

98528249941972,-3.362259,-0.6572571,7.670532

98528264590409,-1.3664398,0.74086,13.941498

98528274600175,-0.3643036,-0.4802704,14.289032

98528284823563,0.49263,-1.651413,13.513031

98528294039872,0.5997467,-1.7632904,12.270477

98528303927567,0.102249146,-1.1610565,11.64444

98528314639237,-0.65708923,-0.1660614,11.834869

98528324618485,-1.1855316,0.78608704,12.539459

98528334628251,-1.1593475,1.0193634,13.070282

98528344058183,-0.8237152,0.6075592,13.560638

98528353945878,-0.1905365,-0.10179138,13.755829

98528364657548,0.33076477,-0.644516,13.253571

98528374667313,0.37599182,-0.644516,12.379974

98528384677079,0.08320618,-0.36601257,12.020538

98528394076493,-0.31193542,0.043411255,12.070526

98528403933671,-0.6166229,0.5361481,12.372833

98528414675858,-0.7094574,0.7551422,12.537079

98528424685624,-0.63090515,0.80036926,12.503754

98528434695390,-0.49046326,0.6147003,12.187164

98528444094804,-0.4285736,0.5242462,11.827728

98528453982499,-0.55711365,0.426651,11.434967

98528449221757,-0.3753662,-0.006225586,12.650391

98528464694169,-0.75468445,0.5337677,11.277863

98528474703934,-1.0236664,0.5647125,10.973175

98528484744218,-1.1307831,0.5194855,10.711334

98528494174149,-1.1379242,0.43141174,10.575653

98528504031327,-1.0998383,0.49806213,10.285248

98528514742997,-1.0569916,0.6147003,10.175751

98528524752763,-0.94511414,0.6884918,10.385223

98528534762528,-0.92845154,0.76942444,10.49472

98528544161942,-0.89512634,0.8551178,10.923187

98528554110673,-0.88560486,1.0693512,11.484955

98528564761308,-0.86894226,1.2574005,11.613495

98528574771073,-0.8427582,1.1217194,11.577789

98528584780839,-0.9974823,0.74086,11.418304

98528594210770,-0.91893005,0.26478577,11.118378

98528604067948,-0.79039,0.024368286,10.954132

98528614810136,-0.72612,-0.08036804,10.935089

98528624819901,-0.75468445,-0.039901733,11.177887

98528634829667,-0.7999115,-0.023239136,11.446869

98528644229081,-0.77848816,-0.05656433,12.063385

98528654116776,-0.7356415,0.026748657,12.618011

98528649356034,-0.9035797,0.48901367,11.110519

98528664828446,-0.54045105,0.09577942,12.9964905

98528674838212,-0.42619324,0.08149719,13.479706

98528684878495,-0.3547821,0.0315094,14.153351

98528694277909,-0.22148132,0.045791626,14.755585

98528704135087,-0.035812378,0.043411255,15.141205

98528714877274,0.040359497,0.05531311,15.564911

98528724887040,0.052261353,-0.16130066,15.8124695

98528734866288,0.061782837,-0.23747253,15.94577

98528744296220,-0.0048675537,-0.26365662,16.129059

98528754183915,-0.08103943,-0.30174255,16.01004

98528764895585,-0.095321655,-0.42552185,16.000519

98528774905350,-0.031051636,-0.64689636,15.869598

98528784915116,-0.021530151,-0.7659149,15.619659

98528794314530,-0.06437683,-0.86112976,15.029327

98528804293778,-0.17625427,-0.99443054,14.462799

98528814913895,-0.25480652,-1.0348969,13.941498

98528824923661,-0.31193542,-1.2039032,13.344025

98528834933427,-0.35002136,-1.1824799,12.420441

98528844332841,-0.56425476,-1.2681732,11.899139

98528854342606,-0.8879852,-1.0515594,11.334991

98528849581864,-0.21339417,-0.5022888,14.495529

98528864932206,-1.1736298,-0.78733826,10.735138

98528874911454,-1.3783417,-0.24699402,9.6996765

98528885043290,-1.5544891,0.25050354,8.978424

98528894381669,-1.6211395,0.54566956,8.328583

98528904360917,-1.6354218,0.60517883,7.8025208

98528914981034,-1.5782928,0.52900696,7.112213

98528924746659,-1.6092377,0.96461487,6.0362854

98528934970048,-1.842514,1.1550446,5.307892

98528945040849,-2.1995697,1.3288116,4.872284

98528954379227,-2.4376068,1.4002228,4.481903

98528964968827,-2.5447235,0.97413635,4.2676697

98528975009110,-2.5137787,0.9384308,3.0751038

98528985049393,-2.5661469,1.0193634,1.9777527

98528995028642,-2.6780243,0.9217682,2.011078

98529004397538,-2.7065887,1.1788483,1.5921326

98529015017655,-2.7494354,1.5668488,1.1112976

98529025027421,-2.7875214,1.9905548,0.54000854

98529035037186,-3.0565033,2.4951935,-0.07888794

98529045046952,-3.2588348,2.6380157,-0.33596802

98529054415849,-3.4944916,3.556839,-1.388092

98529049655106,-2.2693176,1.1512299,4.3063507

98529065127518,-3.792038,4.475662,-1.9665222

98529075045731,-4.1300507,4.8684235,-2.1283875

98529085055497,-4.432358,5.199295,-2.368805

98529094454911,-4.563278,5.5492096,-2.5092468

98529104464677,-4.7513275,6.553726,-3.0591125

98529115145829,-4.875107,7.6725006,-3.382843

98529125064042,-4.9441376,8.534195,-3.3399963

98529134829667,-5.0655365,9.362564,-3.639923

98529144900468,-5.358322,10.264725,-4.377838

98529154482987,-5.613022,11.145462,-4.7967834

98529165011552,-6.0081635,11.861954,-4.722992

98529174868729,-6.2390594,12.180923,-4.273102

98529184878495,-6.165268,11.888138,-3.6280212

98529194918778,-5.8534393,11.423965,-3.4780579

98529204501298,-5.40831,10.916946,-3.5542297

98529214968827,-5.3083344,10.6479645,-3.658966

98529224917558,-5.4582977,10.179031,-3.3328552

98529234896806,-5.651108,9.988602,-3.3423767

98529244937089,-5.843918,9.71962,-3.3209534

98529254519608,-5.8105927,9.234024,-3.2376404

98529249758866,-5.2635803,9.0833435,-3.4059296

98529264987138,-5.6630096,8.562759,-3.1043396

98529274935868,-5.40831,7.7938995,-2.8520203

98529284945634,-5.2250214,7.058365,-2.4116516

98529294985917,-5.1488495,6.6418,-1.9593811

98529304568436,-5.125046,6.2418976,-1.3500061

98529315035966,-5.2654877,5.944351,-1.009613

98529324954179,-5.4821014,5.794388,-0.6739807

98529334963944,-5.6439667,5.4968414,-0.28121948

98529344973710,-5.8558197,5.1064606,-0.090789795

98529354586747,-6.0272064,4.658951,-0.009857178

98529365389970,-6.0581512,4.320938,0.24960327

98529375186112,-5.960556,3.9853058,0.79470825

98529385226395,-5.8105927,3.6925201,1.3612366

98529395205643,-5.5915985,3.3116608,1.8420715

98529404635575,-5.384506,2.7760773,2.2062683

98529415255692,-5.08934,2.3547516,2.3348083

98529425234940,-4.7441864,2.042923,2.3657532

98529435244706,-4.420456,2.0214996,2.6823425

98529445254472,-4.1943207,2.0262604,3.6035461

98529454653886,-4.0776825,1.8643951,4.508087

98529449893143,-5.3088074,4.5848083,0.41027832

98529465212968,-4.158615,1.3668976,5.079376

98529475283768,-4.3657074,0.59565735,5.6530457

98529485293534,-4.568039,-0.20890808,6.174347

98529495333817,-4.7322845,-0.48265076,6.32193

98529504702714,-4.791794,-0.3874359,6.3885803

98529515231278,-4.748947,-0.39219666,6.8003845

98529525302079,-4.620407,-0.54216003,7.3193054

98529535311845,-4.396652,-0.83732605,8.002472

98529545321610,-4.2181244,-1.4490814,8.688019

98529554721024,-4.0634003,-2.067978,9.287872

98529564608720,-3.9515228,-2.3607635,9.880585

98529575320390,-3.8467865,-2.5012054,10.442352

98529585330155,-3.670639,-2.6678314,10.935089

98529595339921,-3.496872,-2.5797577,11.406403

98529604769852,-3.1969452,-2.59404,11.632538

98529614657548,-2.9541473,-2.3917084,11.368317

98529625338700,-2.7970428,-2.1703339,11.151703

98529635378983,-2.830368,-2.037033,11.470673

98529645358231,-2.8708344,-1.9680023,12.039581

98529654788163,-2.7779999,-1.8608856,12.953644

98529650027421,-3.8528595,-1.376831,9.149811

98529664675858,-2.5851898,-1.7180634,13.115509

98529675387528,-2.3257294,-1.7275848,13.424957

98529685397294,-1.8948822,-1.9727631,13.44162

98529695407059,-1.5544891,-2.3607635,13.096466

98529704806474,-1.3188324,-2.5583344,12.701324

98529715457108,-1.2593231,-2.4416962,12.175262

98529725405839,-1.4211884,-2.2250824,12.187164

98529735415604,-1.6830292,-1.798996,12.118134

98529745425370,-1.9591522,-1.2300873,12.130035

98529754855302,-2.1257782,-0.6945038,12.234772

98529765414384,-2.1543427,-0.5850067,12.332367

98529775515702,-1.9972382,-0.8349457,12.189545

98529785464433,-1.6139984,-1.3324432,11.718231

98529795474198,-1.3902435,-2.048935,11.218353

98529804873612,-1.2640839,-2.5702362,10.716095

98529815524247,-1.3402557,-2.8273163,10.478058

98529825472977,-1.4616547,-2.6892548,10.470917

98529835482743,-1.6830292,-2.1631927,10.530426

98529845492509,-1.7663422,-1.6180878,10.820831

98529854891923,-1.6473236,-1.0587006,11.256439

98529850131181,-1.7223053,-1.8227997,11.917831

98529864779618,-1.502121,-0.79685974,11.273102

98529875521806,-1.3426361,-0.73020935,11.208832

98529884799149,-1.2855072,-0.86112976,11.45163

98529895510819,-0.93559265,-1.7870941,11.508759

98529904940751,-1.1331635,-2.056076,10.9374695

98529914797929,-1.4545135,-1.4705048,10.818451

98529925326493,-1.6354218,-0.7825775,11.099335

98529935549882,-1.6758881,-0.016098022,11.244537

98529945559647,-1.547348,0.21955872,11.035065

98529954959061,-1.3878632,0.0053253174,10.808929

98529964846757,-1.2188568,-0.5040741,10.306671

98529975558427,-1.1807709,-0.9658661,9.578278

98529985385087,-1.2950287,-1.3300629,9.202179

98529995608475,-1.4664154,-1.3800507,9.137909

98530004977372,-1.566391,-1.3491058,9.159332

98530014865067,-1.5997162,-1.2562714,9.33786

98530025607255,-1.4759369,-1.1777191,9.473541

98530035617020,-1.3569183,-1.1562958,9.618744

98530045626786,-1.2997894,-1.1658173,9.873444

98530055026200,-1.2640839,-1.106308,10.254303

98530050265458,-1.3811951,-0.9833679,10.366425

98530064883378,-1.2664642,-0.9825287,10.330475

98530075625565,-1.3212128,-0.856369,10.470917

98530085665849,-1.3735809,-0.76353455,10.639923

98530095645097,-1.4259491,-0.6183319,10.739899

98530105044511,-1.5116425,-0.5683441,10.727997

98530114932206,-1.5235443,-0.58262634,11.073151

98530125674393,-1.5354462,-0.6826019,11.318329

98530135653642,-1.566391,-0.8230438,11.482574

98530145663407,-1.6473236,-1.068222,11.818207

98530155062821,-1.713974,-1.3752899,12.213348

98530164950517,-1.6901703,-1.5919037,12.701324

98530175692704,-1.5759125,-1.6633148,13.348785

98530185671952,-1.4069061,-1.5204926,14.298553

98530195681718,-1.2926483,-1.356247,14.807953

98530205111649,-1.2212372,-1.2824554,15.17691

98530214968827,-1.2926483,-1.3705292,15.781525

98530225772050,-1.2664642,-1.6918793,16.209991

98530235720780,-1.0831757,-2.0894012,16.314728

98530245730546,-0.8498993,-2.710678,16.500397

98530255129960,-0.81895447,-3.2700653,16.545624

98530250369218,-1.3691711,-1.343399,13.1250305

98530265017655,-0.9308319,-3.6890106,16.445648

98530275729325,-1.2021942,-3.8080292,16.026703

98530285555985,-1.4354706,-3.9365692,15.867218

98530295809892,-1.5140228,-3.8342133,15.62442

98530305178788,-1.3450165,-3.7080536,15.291168

98530315035966,-1.1736298,-3.6390228,14.831757

98530325869706,-1.0284271,-3.5557098,14.33902

98530335787919,-1.0522308,-3.831833,13.577301

98530345523026,-1.2164764,-3.865158,12.35379

98530355197099,-1.4997406,-4.269821,11.406403

98530365206864,-1.7258759,-4.5292816,10.806549

98530375826981,-1.8139496,-4.5292816,10.018646

98530385897782,-1.7711029,-4.191269,9.099823

98530395815995,-1.5735321,-3.5461884,7.9215393

98530405215409,-1.528305,-2.6892548,6.6408997

98530415225175,-1.437851,-2.279831,6.0172424

98530425845292,-1.5164032,-1.6561737,5.0936584

98530435824540,-1.7211151,-0.6778412,4.0748596

98530445864823,-1.8782196,-0.32554626,3.7606506

98530455233720,-1.9591522,0.1719513,3.096527

98530450472977,-1.4661713,-3.1195068,10.614685

98530465243485,-1.9567719,0.8313141,2.3229065

98530475863602,-1.8829803,0.721817,1.9682312

98530485873368,-1.7663422,0.9598541,0.69711304

98530495852616,-1.7163544,1.2502594,-0.3954773

98530505282548,-1.7901459,1.4240265,-0.964386

98530515261796,-1.9401093,2.0952911,-1.5451965

98530525881913,-2.1424408,3.0783844,-1.7594299

98530535891679,-2.2733612,3.8615265,-1.4499817

98530545901444,-2.4875946,4.6946564,-1.7356262

98530555941727,-2.728012,5.449234,-2.0569763

98530565310624,-2.8446503,5.963394,-2.2140808

98530575930741,-3.0303192,6.5037384,-2.4473572

98530585909989,-3.2826385,6.9655304,-2.606842

98530595950272,-3.5659027,7.258316,-2.6092224

98530605960038,-3.9253387,7.584427,-2.7496643

98530615328934,-4.2823944,7.9414825,-3.0376892

98530626040604,-4.4823456,8.336624,-3.3542786

98530635958817,-4.646591,8.893631,-3.754181

98530645968583,-4.746567,9.543472,-3.954132

98530655978349,-4.8013153,10.224258,-4.185028

98530651217606,-3.0146027,5.179062,-1.791565

98530665347245,-4.870346,10.700333,-4.2469177

98530676089433,-4.8489227,10.850296,-4.332611

98530686007645,-4.9036713,10.94075,-4.608734

98530695986893,-4.9322357,10.852676,-4.634918

98530705386308,-5.010788,10.897903,-4.544464

98530715396073,-5.094101,10.935989,-4.0969543

98530726107743,-5.132187,10.866959,-3.575653

98530735995438,-5.1440887,10.450394,-3.0924377

98530746035722,-5.101242,10.0385895,-2.7901306

98530756045487,-5.0583954,9.652969,-2.6592102

98530765414384,-5.0607758,9.043594,-2.6544495

98530776126054,-5.177414,8.488968,-2.6853943

98530786013749,-5.4392548,8.000992,-2.7496643

98530796054032,-5.6035004,7.508255,-2.4425964

98530806063798,-5.7582245,7.160721,-2.0069885

98530815432694,-5.7510834,6.7274933,-1.4809265

98530826144364,-5.6939545,6.2109528,-1.028656

98530836154130,-5.6415863,5.713455,-0.7644348

98530846072343,-5.684433,5.123123,-0.6835022

98530856082108,-5.8034515,4.692276,-0.9286804

98530851321366,-5.2854767,8.742828,-2.8003693

98530865481522,-6.0795746,4.359024,-0.99295044

98530876162675,-6.4628143,4.3828278,-0.61209106

98530886019852,-6.8889008,4.558975,0.4614563

98530896090653,-7.0079193,4.5208893,1.7801819

98530906130936,-6.7984467,4.0281525,2.8275452

98530915499833,-6.4199677,3.3211823,3.4178772

98530925997880,-6.0010223,2.761795,3.339325

98530936129716,-5.8986664,2.2833405,3.0751038

98530946139481,-5.9891205,2.0833893,2.7228088

98530956149247,-6.3795013,1.9905548,2.7275696

98530965548661,-6.891281,1.9881744,2.9132385

98530976321366,-7.2769012,1.9905548,3.8630066

98530986178544,-7.2340546,1.6787262,5.276947

98530996279862,-6.6675262,0.9860382,6.340973

98531006198075,-5.741562,0.18623352,6.752777

98531015597489,-4.927475,-0.47789,6.559967

98531026126054,-4.5275726,-0.7849579,6.302887

98531036227372,-4.5894623,-0.8825531,5.905365

98531046237138,-4.9965057,-0.83732605,6.105316

98531056216386,-5.427353,-0.5516815,7.2550354

98531051455643,-6.1102753,1.8792725,3.801117

98531065615800,-5.4297333,-0.5016937,8.557098

98531076296952,-4.9679413,-1.1277313,9.642548

98531086245683,-4.1609955,-1.7490082,10.692291

98531096224931,-3.3231049,-2.215561,11.1493225

98531105929520,-2.8018036,-2.382187,10.647064

98531115634110,-2.84227,-2.2465057,9.921051

98531125552323,-3.3540497,-1.7942352,9.566376

98531136263993,-3.920578,-1.337204,9.6354065

98531146273759,-4.208603,-1.0301361,10.356659

98531156283524,-4.0324554,-1.0253754,11.344513

98531165713456,-3.394516,-1.5752411,11.615875

98531175570634,-2.7779999,-2.332199,11.356415

98531186282304,-2.3590546,-2.941574,11.035065

98531196292069,-2.240036,-3.1129608,10.673248

98531206301835,-2.349533,-2.7321014,10.535187

98531215731767,-2.675644,-1.9894257,10.651825

98531225619462,-2.8208466,-1.3729095,11.077911

98531236331132,-2.7994232,-0.97776794,11.511139

98531246340897,-2.580429,-1.1824799,11.730133

98531256350663,-2.0948334,-1.7775726,11.473053

98531251589921,-3.2566986,-1.7701874,10.658615

98531265780595,-1.8234711,-2.1798553,10.9374695

98531276370194,-1.7687225,-2.434555,10.723236

98531286349442,-1.8710785,-2.453598,10.628021

98531296389725,-2.07341,-2.1798553,10.585175

98531306399491,-2.304306,-1.82518,10.678009

98531315829423,-2.3352509,-1.5585785,11.108856

98531326235917,-2.1591034,-1.5561981,11.420685

98531336398270,-1.9234467,-1.7656708,11.51828

98531346408036,-1.5949554,-2.1346283,11.311188

98531356417802,-1.354538,-2.389328,10.951752

98531365847733,-1.2283783,-2.5511932,10.825592

98531376681474,-1.2617035,-2.5131073,10.839874

98531386447099,-1.3188324,-2.215561,11.13028

98531396456864,-1.3569183,-1.8418427,11.411163

98531406466630,-1.335495,-1.4824066,11.556366

98531415866044,-1.3831024,-1.2324677,11.558746

98531425753739,-1.3378754,-1.2967377,11.470673

98531436495927,-1.3188324,-1.3871918,11.289764

98531446475175,-1.2807465,-1.5085907,10.994598

98531456484940,-1.2164764,-1.6490326,10.742279

98531451724198,-1.6123352,-1.9077759,11.084106

98531465914872,-1.2426605,-1.594284,10.511383

98531475802567,-1.2736053,-1.5633392,10.401886

98531486514237,-1.3259735,-1.5609589,10.378082

98531496524003,-1.2855072,-1.6585541,10.520905

98531506533768,-1.1593475,-2.1917572,10.897003

98531515963700,-1.0784149,-2.5535736,10.670868

98531525820878,-1.1926727,-2.2941132,10.601837

98531536563065,-1.2402802,-1.7656708,10.613739

98531546542313,-1.2664642,-1.1182098,10.639923

98531556552079,-1.2831268,-0.6540375,10.632782

98531565982011,-1.2950287,-0.61595154,10.370941

98531575839188,-1.2807465,-0.8063812,9.992462

98531586581376,-1.2926483,-1.1420135,9.597321

98531596591142,-1.335495,-1.3895721,9.311676

98531606661942,-1.3616791,-1.715683,9.309296

98531616000321,-1.2831268,-1.9632416,9.4687805

98531625888017,-1.1831512,-2.132248,9.597321

98531636630204,-1.0712738,-2.1441498,9.666351

98531646639970,-1.0736542,-2.029892,9.918671

98531656619218,-1.1141205,-1.8965912,10.04245

98531651858475,-1.2319489,-1.6395111,10.157181

98531666049149,-1.1545868,-1.6609344,10.36618

98531675936845,-1.1712494,-1.50383,10.461395

98531686679032,-1.1212616,-1.4324188,10.689911

98531696658280,-1.0807953,-1.3348236,10.911285

98531706668046,-1.021286,-1.3253021,11.218353

98531716067460,-1.0141449,-1.4586029,11.534943

98531725955155,-1.0046234,-1.5466766,12.013397

98531736697343,-0.92607117,-1.8537445,12.382355

98531746676591,-0.8308563,-2.1274872,12.639435

98531756686356,-0.8594208,-2.2845917,12.875092

98531766116288,-0.87846375,-2.2726898,13.346405

98531775973466,-0.9546356,-2.1036835,14.136688

98531786715653,-0.9665375,-1.9870453,14.78653

98531796511796,-0.91893005,-1.8537445,15.298309

98531806491044,-0.7404022,-1.9870453,15.505402

98531816134599,-0.62138367,-2.1465302,15.533966

98531826022294,-0.6190033,-2.2108002,15.438751

98531836520341,-0.7737274,-2.2655487,15.217377

98531846530106,-1.0236664,-2.3131561,15.074554

98531856509354,-1.2021942,-2.4964447,14.976959

98531851748612,-0.9441681,-1.9082489,13.220367

98531866122392,-1.3307343,-2.5988007,14.846039

98531876010087,-1.3331146,-2.65831,14.53183

98531886538651,-1.4259491,-2.472641,14.1319275

98531896548417,-1.3212128,-2.4012299,13.922455

98531906558183,-1.380722,-2.1560516,13.344025

98531916201737,-1.6020966,-1.7085419,12.86319

98531926150468,-1.9020233,-1.337204,12.5156555

98531936617997,-2.0448456,-0.9087372,12.022919

98531946627763,-2.1138763,-0.63023376,11.589691

98531956637528,-2.1662445,-0.31840515,10.777985

98531966189530,-2.1924286,-0.14701843,10.182892

98531976199296,-2.2114716,-0.37077332,9.78537

98531986605790,-2.2424164,-0.59690857,8.902252

98531996585038,-2.3447723,-0.66593933,7.6739807

98532006625321,-2.5851898,-0.5683441,6.9741516

98532016665604,-2.7232513,-0.52549744,6.674225

98532026217606,-2.8089447,-0.15653992,5.983917

98532036624100,-2.8279877,0.15290833,5.42453

98532046633866,-2.7327728,0.12672424,5.065094

98532056643632,-2.5970917,-0.016098022,4.4152527

98532051882890,-2.0943604,-0.997879,10.081375

98532066683915,-2.4994965,0.2528839,3.4178772

98532076266434,-2.5875702,0.51234436,2.9394226

98532086672929,-2.8089447,1.0669708,2.358612

98532096652177,-3.0255585,1.5049591,2.0991516

98532106784013,-3.1540985,1.8001251,1.4350281

98532116274979,-3.285019,2.3047638,0.47573853

98532126284745,-3.2326508,2.6213531,0.1567688

98532136874345,-3.246933,2.723709,-0.03604126

98532146884110,-3.3421478,3.030777,-0.76919556

98532156893876,-3.4683075,3.3854523,-1.5713806

98532166934159,-3.7420502,3.859146,-2.061737

98532176303056,-3.9610443,4.4185333,-2.3140564

98532186984208,-4.0205536,4.9065094,-2.4687805

98532196902421,-4.087204,5.4587555,-2.6734924

98532206912186,-4.2300262,6.020523,-2.8353577

98532217044022,-4.313339,6.3323517,-2.9543762

98532226351884,-4.401413,6.603714,-3.4518738

98532237033036,-4.499008,7.053604,-4.146942

98532246951249,-4.6537323,7.855789,-4.4825745

98532256961015,-4.901291,9.057877,-4.423065

98532252200272,-3.6730194,4.038513,-1.0653076

98532267001298,-5.1750336,10.350418,-4.356415

98532276370194,-5.2631073,11.240677,-4.4183044

98532287173417,-5.4582977,11.662003,-4.608734

98532296969559,-5.505905,11.64772,-5.260956

98532306979325,-5.639206,11.219254,-5.8155823

98532317050126,-5.696335,10.771744,-5.998871

98532326388505,-5.6701508,10.547989,-5.47995

98532337069657,-5.3726044,10.274246,-4.870575

98532346987870,-5.056015,10.002884,-4.204071

98532356997636,-4.8084564,9.53157,-3.6423035

98532367068436,-4.6727753,8.931717,-3.2947693

98532376437333,-4.6537323,8.18428,-3.209076

98532387118485,-4.7656097,7.424942,-3.2971497

98532397036698,-4.8798676,6.6322784,-3.5399475

98532407046464,-4.9965057,5.839615,-3.6922913

98532417086747,-5.1440887,5.146927,-3.5589905

98532426455643,-5.248825,4.8493805,-3.0519714

98532437136796,-5.2250214,4.8231964,-2.092682

98532447085526,-5.1179047,4.808914,-0.8953552

98532457064774,-4.908432,4.385208,0.27340698

98532452304032,-5.1628876,8.413742,-3.7507324

98532467074540,-4.6751556,3.6806183,1.1755676

98532476504472,-4.5727997,2.837967,1.5516663

98532487277177,-4.5085297,2.0762482,1.63974

98532497134354,-4.746567,1.6311188,1.8753967

98532507113602,-5.2845306,1.6096954,2.4823914

98532517184403,-5.8415375,2.126236,3.763031

98532526553300,-5.993881,2.300003,5.0627136

98532537051347,-5.7510834,1.6596832,6.169586

98532547152665,-5.1678925,0.39808655,6.995575

98532557162431,-4.375229,-0.9230194,7.0241394

98532567172196,-3.8015594,-2.0846405,6.8051453

98532576571610,-3.7944183,-2.760666,6.7218323

98532587039140,-4.0657806,-3.0843964,7.9096375

98532597170975,-4.2966766,-2.767807,8.897491

98532607180741,-4.3228607,-2.1560516,9.59256

98532617190507,-4.022934,-1.7109222,9.737762

98532626589921,-3.4873505,-2.0465546,9.918671

98532637118485,-2.8636932,-3.3010101,10.397125

98532647189286,-2.4875946,-4.5554657,10.42569

98532657199052,-2.2114716,-5.3433685,10.370941

98532652438309,-4.3135834,-0.6207123,6.425827

98532667239335,-2.1686249,-5.531418,10.842255

98532676638749,-2.2067108,-4.729233,11.089813

98532686526444,-2.285263,-4.055588,12.127655

98532697238114,-2.1400604,-3.5414276,13.056

98532707247880,-1.8115692,-3.3295746,13.225006

98532717196610,-1.399765,-3.5200043,13.453522

98532726687577,-1.2307587,-3.6437836,13.465424

98532736575272,-1.1212616,-3.543808,12.941742

98532747286942,-1.3093109,-3.1224823,12.73703

98532757266190,-1.5402069,-2.7273407,12.953644

98532767275956,-1.9044037,-1.9822845,13.089325

98532776675370,-2.099594,-1.2277069,13.50589

98532786624100,-2.0591278,-0.8325653,13.693939

98532797305253,-1.9210663,-0.95396423,13.289276

98532807315018,-1.6782684,-1.4062347,12.80368

98532817324784,-1.4949799,-2.0132294,12.180023

98532826785233,-1.4402313,-2.3583832,11.684906

98532837374833,-1.4687958,-2.5154877,11.38736

98532847323563,-1.5735321,-2.5012054,11.223114

98532857333329,-1.668747,-2.3012543,11.080292

98532852572587,-1.72612,-2.7918549,12.491501

98532867343095,-1.7068329,-2.1036835,11.049347

98532876773026,-1.6639862,-1.9180145,10.927948

98532886660722,-1.5901947,-1.8846893,10.782745

98532897372392,-1.4307098,-2.0727386,10.525665

98532907412675,-1.4235687,-2.2631683,10.192413

98532917391923,-1.3450165,-2.4131317,9.992462

98532926791337,-1.3497772,-2.4178925,10.140045

98532937747147,-1.1522064,-3.0962982,11.07077

98532947421220,-1.0950775,-3.9770355,10.818451

98532957430985,-1.5759125,-3.6247406,11.115997

98532967440751,-1.7853851,-2.5464325,11.784882

98532976809647,-1.7687225,-1.5538177,11.6492

98532986697343,-1.8472748,-1.0467987,10.847015

98532997439530,-1.9948578,-1.1777191,10.147186

98533007449296,-1.9234467,-1.5347748,9.735382

98533017459061,-1.759201,-1.7870941,9.347382

98533026858475,-1.5949554,-1.9608612,9.08078

98533036715653,-1.585434,-2.0465546,9.056976

98533047457841,-1.6163788,-2.1036835,9.178375

98533057467606,-1.5235443,-2.113205,9.221222

98533052706864,-1.5866241,-2.1821136,10.333206

98533067477372,-1.4235687,-2.1227264,9.190277

98533076876786,-1.3188324,-1.9799042,9.423553

98533086733964,-1.2831268,-1.882309,9.542572

98533097476151,-1.1926727,-1.6823578,9.680634

98533107485917,-1.2378998,-1.5466766,9.573517

98533117495683,-1.3021698,-1.5085907,9.840118

98533126895097,-1.3188324,-1.4252777,9.861542

98533136782792,-1.3712006,-1.5371552,9.899628

98533147494462,-1.4259491,-1.7133026,9.816315

98533157504227,-1.4164276,-1.9441986,9.7829895

98533167513993,-1.3712006,-2.0322723,9.830597

98533176913407,-1.3093109,-2.0441742,9.794891

98533186801102,-1.3235931,-1.9180145,9.861542

98533197512772,-1.3831024,-1.8394623,9.832977

98533207522538,-1.3973846,-1.7394867,10.016266

98533217532304,-1.4521332,-1.8108978,10.094818

98533226931718,-1.5164032,-1.8466034,10.135284

98533236819413,-1.437851,-1.9822845,10.323334

98533247561600,-1.2831268,-1.8466034,10.516144

98533257540849,-1.297409,-1.5657196,10.799408

98533252780106,-1.3531036,-1.7984009,9.890823

98533267550614,-1.3069305,-1.3110199,11.3159485

98533276980546,-1.3069305,-1.2300873,11.627777

98533286868241,-1.3307343,-1.2419891,11.727753

98533297579911,-1.3283539,-1.3514862,11.822968

98533307589677,-1.2212372,-1.6014252,11.972931

98533317599442,-1.1212616,-2.2274628,12.011017

98533327029374,-1.0093842,-3.139145,12.018158

98533336886552,-1.0807953,-3.8104095,12.237152

98533347628739,-1.2259979,-4.043686,12.7465515

98533357607987,-1.4283295,-3.6771088,13.486847

98533367617753,-1.5116425,-3.0677338,14.438995

98533377017167,-1.4568939,-2.517868,15.281647

98533386904862,-1.2997894,-2.3845673,15.955292

98533397616532,-1.0807953,-2.6940155,16.07669

98533407626298,-0.9808197,-3.1796112,15.767242

98533417636063,-1.0236664,-3.6842499,15.510162

98533427065995,-1.2783661,-4.217453,15.2388

98533437014725,-1.6259003,-4.667343,15.260223

98533447756913,-1.8734589,-5.000595,15.026947

98533457675126,-1.9282074,-4.936325,14.698456

98533452914384,-1.3209686,-2.999176,13.711075

98533467684892,-1.7115936,-4.7577972,14.627045

98533477084306,-1.566391,-4.286484,14.310455

98533487124589,-1.4592743,-3.7723236,14.070038

98533497683671,-1.3712006,-3.5128632,13.881989

98533507693436,-1.2617035,-3.479538,13.2916565

98533517703202,-1.2355194,-3.441452,12.182404

98533527133134,-1.2640839,-3.4628754,11.19455

98533537112382,-1.3378754,-3.608078,10.128143

98533547732499,-1.5330658,-3.5200043,8.999847

98533557711747,-1.6639862,-3.370041,8.24527

98533567721513,-1.8258514,-3.005844,7.3954773

98533577761796,-1.8806,-2.4512177,6.9146423

98533587130692,-1.8329926,-2.2131805,6.1600647

98533597842362,-1.861557,-1.7918549,4.91037

98533607730058,-1.9496307,-1.3943329,4.127228

98533617739823,-1.9948578,-1.0563202,3.3631287

98533627810624,-2.0210419,-0.6040497,2.441925

98533637179520,-2.2281342,-0.111312866,1.4397888

98533647769120,-2.406662,0.34809875,0.72805786

98533657809403,-2.6256561,0.60279846,0.4043274

98533653048661,-1.7515869,-2.4444275,7.9408264

98533667788651,-2.84227,1.1455231,-0.23123169

98533677828934,-2.9208221,1.645401,-0.6596985

98533687228349,-2.9684296,2.1190948,-0.9072571

98533697817948,-3.0898285,2.6380157,-1.1167297

98533707827714,-3.2040863,3.2402496,-1.1405334

98533717806962,-3.3088226,3.961502,-1.3143005

98533727236893,-3.3254852,4.620865,-1.4547424

98533737246659,-3.432602,5.301651,-1.3262024

98533747927811,-3.5206757,6.1252594,-1.1690979

98533757846024,-3.5706635,6.967911,-1.1262512

98533767855790,-3.5897064,7.4654083,-1.5809021

98533777896073,-3.7706146,7.772476,-2.4687805

98533787264970,-4.106247,8.208084,-3.6684875

98533797946122,-4.582321,8.810318,-5.025299

98533807894852,-5.075058,9.567276,-6.3226013

98533817874100,-5.6415863,10.340897,-7.3509216

98533827914384,-6.1676483,11.252579,-7.7032166

98533837313798,-6.4437714,11.947647,-7.3104553

98533847994950,-6.350937,11.971451,-6.31546

98533857913163,-5.967697,11.407303,-5.4704285

98533853152421,-4.1939697,6.8254395,-3.183136

98533867922929,-5.434494,10.674149,-5.0229187

98533877963212,-4.9893646,10.021927,-5.075287

98533887332108,-4.946518,9.517288,-5.1871643

98533898043778,-5.184555,9.314957,-4.96579

98533907992509,-5.422592,9.21022,-4.3016663

98533918002274,-5.567795,9.005508,-3.6042175

98533927798417,-5.4392548,8.753189,-2.8972473

98533937350419,-5.2583466,8.31044,-2.2616882

98533948062089,-5.101242,7.7558136,-1.4166565

98533957980302,-5.0345917,7.167862,-0.57876587

98533967990067,-5.127426,6.3871,0.08773804

98533977999833,-5.3654633,5.6206207,0.51382446

98533987399247,-5.613022,4.8993683,0.6352234

98533998141434,-5.779648,4.328079,0.42337036

98534007998612,-5.884384,3.8567657,0.07345581

98534018008378,-6.0795746,3.5615997,-0.23599243

98534028018143,-6.391403,3.3878326,-0.03842163

98534037417558,-6.638962,3.3545074,0.80184937

98534048159745,-6.6580048,3.0855255,2.1800842

98534058047440,-6.377121,2.4523468,3.4583435

98534053286698,-5.614685,6.533249,-1.3705902

98534068057206,-5.9391327,1.6096954,4.186737

98534078066972,-5.548752,0.74324036,4.7746887

98534087466386,-5.2131195,-0.013717651,4.5247498

98534098239091,-5.320236,-0.40885925,3.717804

98534108096268,-5.884384,-0.34934998,3.063202

98534118075517,-6.7579803,0.064834595,3.3702698

98534127749589,-7.4006805,0.7337189,4.800873

98534137484696,-7.357834,1.0931549,6.4147644

98534147982743,-6.660385,0.74324036,7.5240173

98534158084061,-5.6820526,-0.066085815,7.9239197

98534168093827,-4.7703705,-0.8682709,7.823944

98534178103593,-4.280014,-1.4943085,7.169342

98534187503007,-4.3276215,-1.7537689,6.628998

98534198123124,-4.9060516,-1.6252289,6.8075256

98534208102372,-5.396408,-1.2776947,7.873932

98534218112138,-5.555893,-0.8992157,8.747528

98534228121903,-5.236923,-0.98490906,9.6354065

98534237521317,-4.5275726,-1.4538422,10.23288

98534247409013,-3.6277924,-1.9965668,10.030548

98534258120683,-2.9422455,-2.1346283,9.368805

98534253359940,-5.3667755,-0.516922,6.731003

98534268130448,-2.6589813,-2.0917816,8.997467

98534278140214,-2.6685028,-2.029892,9.071259

98534287539628,-2.8375092,-1.6347504,9.942474

98534297427323,-2.8517914,-1.2467499,10.958893

98534308138993,-2.5947113,-1.0467987,11.715851

98534318148759,-2.1019745,-1.4562225,11.958649

98534328189042,-1.5092621,-2.3155365,11.946747

98534337588456,-1.0141449,-3.0082245,11.377838

98534348117020,-0.91178894,-3.460495,10.804169

98534358187821,-1.0950775,-3.4438324,10.547089

98534368197587,-1.4259491,-3.0748749,10.970795

98534378207352,-1.5973358,-2.4012299,11.827728

98534387606767,-1.4925995,-1.8799286,12.327606

98534398196366,-1.123642,-1.8156586,12.648956

98534408206132,-0.71421814,-2.1370087,12.944122

98534418215897,-0.3547821,-2.5154877,12.767975

98534428225663,-0.22624207,-2.6868744,12.232391

98534437655595,-0.37620544,-2.7178192,11.661102

98534448214677,-0.7023163,-2.639267,11.346893

98534458254960,-0.90226746,-2.6154633,11.213593

98534453494218,-1.457962,-2.3108978,11.363083

98534468264725,-1.002243,-2.5607147,11.151703

98534478243974,-0.8165741,-2.4559784,11.289764

98534487673905,-0.5547333,-2.389328,11.349274

98534497592118,-0.30241394,-2.646408,11.530182

98534508273270,-0.071517944,-2.8035126,11.382599

98534518283036,-0.0667572,-2.703537,11.158844

98534528292802,-0.0667572,-2.710678,12.399017

98534537722733,0.39741516,-4.1555634,14.924591

98534547579911,0.19270325,-3.6437836,14.46994

98534558291581,-0.33335876,-1.5133514,13.401154

98534568270829,-0.86180115,-0.0756073,12.344269

98534578311112,-1.2617035,0.42189026,11.623016

98534587710526,-1.3664398,-0.11607361,10.8541565

98534597567704,-1.2378998,-0.8230438,9.823456

98534608309892,-0.9951019,-1.5014496,9.140289

98534618319657,-0.80229187,-1.908493,8.899872

98534628329423,-0.6927948,-1.9822845,8.804657

98534637728837,-0.66423035,-1.7014008,8.8784485

98534647586015,-0.707077,-1.4728851,9.08078

98534658389237,-0.6999359,-1.3276825,9.245026

98534653628495,-0.5956726,-1.9034882,11.087555

98534668337968,-0.71421814,-1.2277069,9.149811

98534678347733,-0.67375183,-1.2134247,9.230743

98534687777665,-0.6356659,-1.1491547,9.3402405

98534697634843,-0.71183777,-1.0063324,9.423553

98534708346513,-0.6689911,-1.1039276,10.082916

98534718356278,-0.6166229,-1.0706024,10.4566345

98534728366044,-0.56663513,-1.022995,10.42569

98534737795975,-0.6523285,-1.2491302,10.335236

98534747653153,-0.7761078,-1.5109711,10.29953

98534758364823,-0.90226746,-1.6728363,10.256683

98534768405106,-0.9546356,-1.7394867,10.406647

98534778384354,-0.89512634,-1.7870941,10.406647

98534787814286,-0.74754333,-1.6490326,10.356659

98534797701981,-0.7570648,-1.5133514,10.544708

98534808413651,-0.74516296,-1.4133759,10.785126

98534818423417,-0.7165985,-1.2943573,10.885101

98534828433183,-0.6666107,-1.299118,11.1683655

98534837863114,-0.5999603,-1.3943329,11.513519

98534847750809,-0.4380951,-1.6942596,12.03244

98534858462479,-0.17863464,-2.2369843,12.963165

98534853701737,-0.68089294,-1.4124298,10.503174

98534868472245,0.10462952,-3.024887,14.005768

98534878482011,0.3283844,-3.9127655,14.5937195

98534887911942,0.14985657,-4.384079,14.996002

98534897769120,-0.26670837,-4.1174774,15.038849

98534908541825,-0.7523041,-3.2153168,15.343536

98534919253495,-0.9808197,-2.517868,16.419464

98534928317216,-0.8141937,-1.8656464,16.662262

98534937960770,-0.4785614,-1.5442963,16.869354

98534947817948,-0.14530945,-1.7275848,17.207367

98534958621171,-0.1905365,-1.6728363,17.071686

98534968539384,-0.4714203,-1.465744,17.085968

98534978549149,-0.7570648,-1.5371552,17.10263

98534987948563,-0.9165497,-1.5538177,16.533722

98534997836259,-0.9165497,-1.8227997,16.255219

98535008578446,-0.77848816,-2.1370087,15.600616

98535018588212,-0.7523041,-2.067978,14.91983

98535028597977,-0.64756775,-2.3393402,14.496124

98535037997392,-0.65470886,-2.7321014,13.727264

98535048007157,-0.68803406,-3.024887,12.79892

98535058627274,-0.96177673,-2.9034882,11.6111145

98535053866532,-0.52949524,-2.4783478,15.416977

98535068637040,-1.1260223,-2.7916107,11.011261

98535078616288,-1.2236176,-2.7820892,10.282867

98535088015702,-1.2402802,-2.5440521,9.347382

98535098025468,-1.1141205,-2.3798065,8.181

98535108645585,-1.1355438,-1.8561249,7.033661

98535118655350,-1.1188812,-1.5442963,6.310028

98535128665116,-1.3426361,-0.8896942,5.0627136

98535138064530,-1.6163788,0.017227173,4.0986633

98535148074296,-1.7472992,0.4028473,3.3869324

98535158663895,-1.7163544,0.7789459,2.0396423

98535168673661,-1.5949554,1.3145294,0.3781433

98535178652909,-1.5235443,1.6382599,-1.0167542

98535188723710,-1.5759125,1.6573029,-1.8951111

98535198092606,-1.6925507,1.7548981,-2.4878235

98535208682206,-1.9091644,2.1738434,-2.7496643

98535218691972,-1.925827,2.7879791,-3.1733704

98535228701737,-1.8210907,3.3616486,-3.4375916

98535238742020,-1.7806244,4.030533,-3.5589905

98535248110917,-1.8829803,4.8184357,-3.8660583

98535258731034,-2.1614838,5.8110504,-4.377838

98535253970292,-1.5624695,0.7879944,2.0284576

98535268801835,-2.451889,6.9274445,-5.1038513

98535278750565,-2.9731903,7.9724274,-5.6775208

98535288180497,-3.5087738,8.648453,-5.9203186

98535298159745,-4.049118,9.024551,-6.3368835

98535308840897,-4.6537323,9.507767,-6.9081726

98535318759110,-4.9822235,9.921951,-6.8367615

98535328768876,-5.041733,10.012405,-6.667755

98535338229325,-5.075058,10.162369,-6.460663

98535348178056,-4.979843,10.214737,-6.0750427

98535358859208,-4.875107,10.288528,-5.684662

98535368777421,-4.920334,10.376602,-5.256195

98535378787186,-5.082199,10.55275,-5.0610046

98535388827470,-5.2631073,10.502762,-4.7777405

98535398196366,-5.3535614,10.000504,-4.32547

98535408877518,-5.305954,9.453018,-4.177887

98535418795731,-5.177414,8.786514,-3.8970032

98535428805497,-5.006027,8.036697,-3.5328064

98535438845780,-4.8227386,7.386856,-3.1567078

98535448214677,-4.813217,6.737015,-2.9305725

98535458895829,-4.9131927,6.0633698,-2.7115784

98535454135087,-4.6624146,9.028839,-5.074936

98535468814042,-5.0345917,5.463516,-2.2331238

98535478823808,-5.1797943,4.8422394,-1.7284851

98535488864091,-5.139328,4.2328644,-0.964386

98535498232987,-5.1678925,3.6044464,-0.07650757

98535508914140,-5.1559906,2.8284454,0.6566467

98535518832352,-5.2178802,2.061966,1.196991

98535528842118,-5.313095,1.2407379,1.601654

98535538912919,-5.4511566,0.33857727,2.0920105

98535548281815,-5.446396,-0.28746033,2.5847473

98535559085038,-5.3226166,-0.6683197,3.2726746

98535568881181,-5.0702972,-0.78733826,4.360504

98535578860429,-4.665634,-0.91111755,5.68161

98535588870194,-4.299057,-1.2110443,6.3457336

98535598269608,-4.101486,-1.4705048,6.12912

98535609316972,-4.0705414,-1.863266,6.0243835

98535618868974,-4.0848236,-2.344101,6.231476

98535628878739,-4.0705414,-2.8082733,6.8836975

98535638888505,-3.708725,-3.0391693,8.37381

98535648287919,-3.1112518,-3.0915375,9.6996765

98535658541825,-2.4733124,-3.5461884,10.080536

98535653781083,-4.6042175,0.12922668,3.8106384

98535668917802,-2.085312,-4.000839,9.942474

98535678897050,-1.9401093,-4.055588,9.140289

98535688906815,-2.156723,-3.6937714,8.30954

98535698306229,-2.4804535,-3.1129608,8.44046

98535708865311,-2.656601,-2.363144,9.792511

98535718905595,-2.6208954,-1.7061615,11.506378

98535728915360,-2.5042572,-1.3395844,12.989349

98535738711503,-2.2424164,-1.2705536,13.812958

98535748324540,-2.0258026,-1.5728607,14.074799

98535758212235,-2.0591278,-2.351242,14.184296

98535768923905,-2.2638397,-3.1367645,14.208099

98535778933671,-2.2281342,-3.665207,14.050995

98535788943436,-2.0424652,-3.819931,13.884369

98535798342850,-1.7687225,-3.422409,13.770111

98535808230546,-1.5973358,-2.498825,13.7344055

98535818942216,-1.6616058,-1.5657196,13.791534

98535828951981,-1.8806,-0.7778168,13.803436

98535838961747,-2.0829315,-0.2969818,13.712982

98535848391679,-2.2257538,-0.38981628,13.524933

98535858279374,-2.149582,-0.8968353,13.103607

98535853518632,-2.1336365,-2.2968445,12.488876

98535868960526,-1.8972626,-1.4586029,12.422821

98535879031327,-1.6544647,-2.184616,11.692047

98535889407304,-1.4735565,-2.760666,11.123138

98535898379472,-1.4616547,-3.036789,10.777985

98535909091142,-1.4711761,-2.9701385,10.849396

98535919467118,-1.5878143,-2.613083,10.880341

98535928836015,-1.8901215,-2.1417694,10.775604

98535939028886,-2.0258026,-1.863266,10.8541565

98535948428300,-1.9424896,-1.6537933,10.873199

98535958834794,-1.713974,-1.6490326,10.887482

98535969027665,-1.4330902,-1.7394867,10.808929

98535979037431,-1.2283783,-1.779953,10.468536

98535989047196,-1.2117157,-1.8275604,10.23288

98535998446610,-1.3307343,-1.8370819,10.018646

98536009127763,-1.3259735,-2.056076,10.766083

98536019045975,-1.1593475,-2.9320526,10.451874

98536029055741,-1.4473724,-3.2200775,10.542328

98536039065507,-1.6092377,-2.627365,10.708954

98536048464921,-1.5164032,-1.8846893,11.127899

98536058352616,-1.4592743,-1.3086395,11.151703

98536053591874,-1.5419922,-2.1772308,10.870697

98536069094804,-1.3592987,-1.1039276,10.777985

98536079074052,-1.3188324,-1.3848114,10.206696

98536089114335,-1.3378754,-1.7918549,9.604462

98536098483231,-1.2926483,-2.0513153,9.187897

98536108340409,-1.3426361,-2.0727386,8.971283

98536119113114,-1.3854828,-1.9632416,9.154572

98536129092362,-1.2450409,-1.8132782,9.33786

98536139102128,-1.0998383,-1.69664,9.411652

98536148501542,-1.0070038,-1.594284,9.749664

98536158358720,-0.90226746,-1.4419403,9.906769

98536169100907,-0.9832001,-1.3871918,10.004364

98536179110673,-1.0736542,-1.3943329,10.063873

98536189120438,-1.1403046,-1.4109955,10.047211

98536198519852,-1.1545868,-1.3752899,10.061493

98536208407548,-1.1760101,-1.2300873,9.999603

98536219210770,-1.2283783,-1.1348724,10.063873

98536229128983,-1.297409,-1.1420135,10.216217

98536239138749,-1.3402557,-1.3062592,10.290009

98536248538163,-1.3069305,-1.5657196,10.416168

98536258425858,-1.2140961,-1.7942352,10.342377

98536253665116,-1.2102814,-1.5327454,9.890701

98536269137528,-1.1379242,-1.798996,10.447113

98536279147294,-1.1403046,-1.76091,10.3280945

98536288973954,-1.2640839,-1.4871674,10.287628

98536298556474,-1.3426361,-1.3657684,10.242401

98536308444169,-1.4545135,-1.3729095,10.287628

98536319155839,-1.4664154,-1.4514618,10.347137

98536329165604,-1.3854828,-1.5062103,10.5589905

98536339175370,-1.2640839,-1.5561981,10.692291

98536348605302,-1.1926727,-1.5609589,10.856537

98536358462479,-1.1855316,-1.4252777,11.016022

98536369204667,-1.2783661,-1.3538666,10.963654

98536379183915,-1.4545135,-1.3633881,11.008881

98536389193681,-1.6544647,-1.5371552,11.037445

98536398593095,-1.7734833,-1.7966156,10.966034

98536408480790,-1.7568207,-1.991806,11.358795

98536419222977,-1.528305,-2.0536957,11.96817

98536429232743,-0.97605896,-2.1727142,12.548981

98536439242509,-0.5713959,-2.510727,13.258331

98536448641923,-0.38572693,-2.870163,14.079559

98536458529618,-0.43095398,-3.0201263,14.865082

98536453768876,-1.232193,-1.7978058,11.355942

98536469241288,-0.6094818,-2.7916107,15.124542

98536479251054,-0.8237152,-2.6107025,15.405426

98536489321854,-0.9974823,-2.6749725,15.8815

98536498660233,-1.123642,-2.858261,15.974335

98536508547929,-0.9998627,-3.1558075,16.226654

98536519351151,-0.70469666,-3.5485687,16.057648

98536529269364,-0.47380066,-3.979416,15.483978

98536539279130,-0.47380066,-4.462631,15.0364685

98536548709061,-0.6856537,-4.622116,14.605621

98536558688309,-1.002243,-4.664963,14.308075

98536569308427,-1.271225,-4.5554657,14.458038

98536579287675,-1.3712006,-4.224594,14.179535

98536589297440,-1.2378998,-3.865158,13.553497

98536598696854,-1.0260468,-3.7270966,13.367828

98536608706620,-0.892746,-3.5557098,12.73941

98536619326737,-0.8998871,-3.1796112,12.003876

98536629305985,-1.0331879,-2.9368134,11.58017

98536639315751,-1.1426849,-2.877304,11.080292

98536648715165,-1.1807709,-2.9249115,10.085297

98536658724931,-1.2378998,-2.8106537,8.961761

98536653964188,-0.95939636,-3.5013123,13.805695

98536669314530,-1.2878876,-2.574997,7.8525085

98536679293778,-1.3521576,-2.3369598,7.1455383

98536689334061,-1.4473724,-1.7061615,6.2290955

98536699343827,-1.5997162,-0.8730316,5.557831

98536708743241,-1.668747,-0.33506775,5.129364

98536719332841,-1.7449188,-0.044662476,4.4342957

98536729312089,-1.778244,0.53852844,3.2845764

98536739321854,-1.7734833,1.0669708,2.268158

98536748751786,-1.778244,1.6192169,1.3017273

98536758731034,-1.8853607,2.0976715,0.36386108

98536769351151,-2.0115204,2.5213776,-0.35025024

98536779330399,-2.0972137,2.8474884,-0.68588257

98536789340165,-2.156723,3.2450104,-1.1000671

98536799380448,-2.349533,3.8996124,-1.7689514

98536808749345,-2.3899994,4.5399323,-2.2569275

98536819216874,-2.4780731,5.0421906,-2.7187195

98536829135087,-2.5566254,5.4016266,-3.318573

98536839144852,-2.618515,5.782486,-4.1040955

98536849185136,-2.7137299,6.3871,-5.1490784

98536858767655,-3.0017548,7.0250397,-6.096466

98536854006913,-2.0344849,2.2071686,0.8009033

98536869235184,-3.4897308,7.898636,-6.8177185

98536879153397,-3.9420013,8.910294,-7.4009094

98536889163163,-4.4371185,9.921951,-7.7746277

98536899203446,-4.794174,10.5646515,-7.993622

98536908785966,-4.8655853,10.705093,-7.955536

98536919222977,-4.870346,10.590836,-7.750824

98536929232743,-4.8346405,10.179031,-7.474701

98536939242509,-4.791794,9.8076935,-7.40329

98536949282792,-4.9108124,9.491104,-7.346161

98536958804276,-4.9298553,8.929337,-7.0438538

98536969302323,-4.870346,8.391373,-6.6439514

98536979251054,-4.734665,7.7938995,-5.975067

98536989260819,-4.560898,6.9774323,-5.268097

98536999240067,-4.4371185,6.110977,-4.6111145

98537008822587,-4.3918915,5.313553,-4.2183533

98537019229081,-4.4752045,4.658951,-3.6946716

98537029208329,-4.503769,4.082901,-3.0638733

98537039218095,-4.601364,3.6615753,-2.1236267

98537049227860,-4.579941,3.3211823,-1.0453186

98537058840897,-4.499008,2.973648,-0.13601685

98537054080155,-4.5760193,7.514206,-5.5870667

98537069216874,-4.4894867,2.5356598,0.716156

98537079226640,-4.560898,2.1095734,1.473114

98537089266923,-4.560898,1.581131,2.4776306

98537099307206,-4.4299774,1.0431671,3.6559143

98537108859208,-4.2252655,0.5004425,4.988922

98537119265702,-4.0015106,0.09577942,5.6340027

98537129550126,-3.7325287,-0.5040741,5.988678

98537139468339,-3.5920868,-1.151535,6.2671814

98537149386552,-3.4111786,-1.5847626,6.855133

98537158877518,-3.1421967,-2.1370087,7.764435

98537169192460,-2.6994476,-2.6083221,8.854645

98537179476884,-2.156723,-3.460495,10.140045

98537189486649,-1.7401581,-4.353134,11.223114

98537199496415,-1.5592499,-4.71257,11.396881

98537208895829,-1.759201,-4.415024,11.739655

98537219515946,-2.0400848,-3.819931,12.687042

98537229495194,-2.3566742,-3.1986542,13.082184

98537239504960,-2.561386,-2.6606903,13.25119

98537249514725,-2.592331,-2.6535492,13.348785

98537258914140,-2.3400116,-3.1343842,13.534454

98537254153397,-3.0975647,-1.6264191,8.253952

98537268801835,-2.0448456,-3.7509003,13.646332

98537279513505,-1.630661,-4.119858,13.936737

98537289706376,-1.5235443,-4.1508026,14.258087

98537299533036,-1.5592499,-3.7461395,14.579437

98537308932450,-1.8115692,-3.1796112,14.653229

98537318820145,-1.9424896,-2.5845184,14.524689

98537329531815,-1.9829559,-2.286972,14.229523

98537339541581,-1.9520111,-2.0917816,13.646332

98537349551347,-1.8877411,-1.8965912,13.298798

98537358950761,-1.8187103,-2.029892,13.198822

98537368868974,-1.713974,-2.3345795,13.072662

98537379550126,-1.6401825,-2.5416718,12.787018

98537389529374,-1.6568451,-2.7368622,12.41806

98537399539140,-1.7234955,-2.7273407,11.975311

98537408969071,-1.8663177,-2.52977,11.530182

98537419619706,-1.990097,-2.1346283,11.242157

98537429537919,-2.0139008,-1.7299652,11.19455

98537439547684,-1.9424896,-1.401474,11.223114

98537449557450,-1.7806244,-1.1086884,11.161224

98537458956864,-1.5735321,-1.0515594,10.897003

98537454196122,-1.8027649,-2.5066833,12.873657

98537469546464,-1.4330902,-1.2562714,10.663727

98537479556229,-1.2498016,-1.6466522,10.594696

98537489565995,-1.1950531,-1.8704071,10.220978

98537499575761,-1.2926483,-1.9156342,9.880585

98537508975175,-1.252182,-2.0584564,10.723236

98537518906562,-1.149826,-2.5035858,10.847015

98537529587714,-1.4307098,-2.3131561,11.054108

98537539597480,-1.4687958,-1.4252777,11.254059

98537549576728,-1.3831024,-0.7159271,11.492096

98537559037177,-1.354538,-0.12797546,11.3802185

98537568894355,-1.3926239,0.06959534,11.096954

98537579606024,-1.5092621,-0.15653992,10.644684

98537589615790,-1.5449677,-0.6278534,10.123383

98537599595038,-1.5235443,-1.0158539,9.673492

98537608994452,-1.5592499,-1.3038788,9.390228

98537618882148,-1.528305,-1.4395599,9.359283

98537629593817,-1.4545135,-1.4252777,9.33548

98537639603583,-1.3616791,-1.3705292,9.373566

98537649613349,-1.3569183,-1.4062347,9.380707

98537659012763,-1.3331146,-1.4609833,9.509247

98537654252021,-1.3887024,-1.298523,10.299881

98537668900458,-1.297409,-1.5657196,9.5520935

98537679612128,-1.2688446,-1.5966644,9.663971

98537689652411,-1.2474213,-1.5109711,9.661591

98537699631659,-1.2212372,-1.4752655,9.675873

98537709122626,-1.2807465,-1.2895966,9.959137

98537718918769,-1.316452,-1.0944061,10.021027

98537729630439,-1.3926239,-1.022995,9.91391

98537739640204,-1.4735565,-1.0753632,9.821075

98537749649970,-1.5735321,-1.2253265,9.685394

98537759049384,-1.5330658,-1.3848114,9.637787

98537768937079,-1.4283295,-1.4395599,9.678253

98537779648749,-1.3473969,-1.4395599,9.7187195

98537789658515,-1.2807465,-1.4514618,9.763947

98537799668280,-1.2783661,-1.3800507,9.702057

98537809067694,-1.2878876,-1.2824554,9.604462

98537818955390,-1.3331146,-1.2134247,9.554474

98537829667060,-1.3783417,-1.1658173,9.544952

98537839676825,-1.4973602,-1.0967865,9.540192

98537849686591,-1.399765,-1.0134735,9.585419

98537859086005,-1.1165009,-1.0015717,9.752045

98537854325263,-1.347641,-1.2862701,9.701813

98537868973700,-0.79515076,-1.7728119,9.085541

98537879715888,-0.021530151,0.10054016,10.594696

98537889695136,-1.1093597,-2.1465302,8.580902

98537899704901,-1.9615326,-1.779953,9.114105

98537909104316,-2.182907,-1.8299408,9.480682

98537918992011,-1.6425629,-1.8275604,10.0138855

98537929520575,-1.2378998,-1.5157318,10.023407

98537939713446,-1.123642,-1.1777191,10.263824

98537949570624,-1.1379242,-1.0634613,10.294769

98537959122626,-0.7927704,-1.3491058,10.090057

98537969010321,-1.3235931,-1.0991669,9.797272

