98826696209563,-0.2571869,0.7384796,10.439972

98826704022063,-0.63804626,0.8217926,10.525665

98826712597502,-0.81895447,0.6551666,10.273346

98826736828459,-0.90940857,-0.3731537,9.666351

98826746807707,-0.83561707,-0.6016693,9.5520935

98826761822355,-0.6666107,-0.39933777,9.683014

98826781811369,-0.6023407,-0.3398285,9.873444

98826791821135,-0.62138367,-0.42552185,9.906769

98826801983488,-0.71183777,-0.46122742,9.890106

98826813397063,-0.7404022,-0.5516815,9.940094

98826821819914,-0.7975311,-0.55644226,9.940094

98826831799162,-0.70469666,-0.60643005,9.971039

98826842388762,-0.6523285,-0.60643005,9.906769

98826851818693,-0.6166229,-0.6088104,9.832977

98826862682951,-0.64756775,-0.60643005,9.754425

98826872570646,-0.61424255,-0.6111908,9.733002

98826882549895,-0.6785126,-0.63261414,9.794891

98826892559660,-0.71421814,-0.6111908,9.78537

98826901806486,-0.76182556,-0.66355896,9.861542

98826912640227,-0.80229187,-0.6421356,9.840118

98826922558439,-0.80467224,-0.65641785,9.844879

98826932537688,-0.6951752,-0.6207123,9.925812

98826942547453,-0.6166229,-0.6516571,9.882965

98826951794279,-0.5547333,-0.6207123,9.8663025

98826962597502,-0.559494,-0.5850067,9.868683

98826972546232,-0.6785126,-0.5207367,9.761566

98826967785490,-0.6787567,-0.5789337,9.859039

98826982525480,-0.83799744,-0.52549744,9.759186

98826991924895,-0.94273376,-0.6016693,9.811554

98827006786955,-1.0308075,-0.63975525,9.909149

98827017559660,-0.9736786,-0.6349945,9.932953

98827027599943,-0.7332611,-0.71354675,10.056732

98827037548674,-0.60710144,-0.7444916,10.256683

98827046917570,-0.48332214,-0.7349701,10.370941

98827057537688,-0.4785614,-0.66593933,10.647064

98827067547453,-0.53330994,-0.5754852,10.892242

98827077526701,-0.6094818,-0.52549744,11.218353

98827087536467,-0.6094818,-0.5635834,11.523041

98827096905363,-0.559494,-0.6183319,11.977692

98827107525480,-0.50712585,-0.68974304,12.458527

98827117504729,-0.43571472,-0.7325897,12.9774475

98827127514494,-0.41667175,-0.5635834,13.6987

98827137524260,-0.4285736,-0.31126404,14.569916

98827146893156,-0.44761658,-0.2565155,15.4935

98827157543791,-0.4618988,-0.3636322,16.07431

98827167523039,-0.26670837,-0.55882263,16.5242

98827177532805,-0.035812378,-0.7992401,16.493256

98827172772063,-0.56996155,-0.59095764,12.232269

98827187512053,0.123672485,-1.0729828,16.636078

98827196911467,0.06654358,-1.2300873,16.693207

98827207531584,-0.01914978,-1.420517,16.807465

98827217510832,-0.15245056,-1.927536,16.990753

98827227520598,-0.18339539,-2.3464813,16.978851

98827237499846,-0.06199646,-2.5726166,16.747955

98827246899260,-0.033432007,-2.6035614,16.557526

98827257580412,-0.114364624,-2.5464325,16.257599

98827267498625,-0.30241394,-2.6630707,15.781525

98827277508391,-0.5356903,-2.9225311,15.1840515

98827287518156,-0.6594696,-3.2248383,14.807953

98827296887053,-0.67375183,-3.403366,14.267609

98827307446135,-0.5356903,-3.4485931,13.513031

98827317486418,-0.5047455,-3.3867035,12.779877

98827327496184,-0.6666107,-3.3890839,12.051483

98827337505949,-0.90226746,-3.146286,11.4635315

98827346905363,-1.2236176,-2.8868256,10.899384

98827357372893,-1.3307343,-2.684494,10.570892

98827367474211,-1.2878876,-2.351242,10.380463

98827377514494,-1.1117401,-1.9751434,9.7829895

98827372753752,-0.50546265,-2.5601196,14.257614

98827387463225,-1.0736542,-1.7109222,9.187897

98827397503508,-1.1141205,-1.7513885,8.3333435

98827406750334,-1.3307343,-1.6561737,7.21933

98827417645109,-1.4354706,-1.5514374,6.481415

98827427502287,-1.4283295,-1.2943573,5.8315735

98827437451018,-1.2259979,-0.8420868,5.405487

98827447491301,-0.98558044,-0.19462585,4.9722595

98827456738127,-0.77848816,0.37190247,4.3176575

98827467541350,-0.6999359,0.72657776,3.615448

98827477459563,-0.9165497,0.9931793,3.070343

98827487469328,-1.2021942,1.3169098,2.499054

98827497479094,-1.3616791,1.7191925,1.8420715

98827506725920,-1.2950287,1.7382355,0.91848755

98827517529143,-1.2593231,1.7834625,0.1972351

98827527447355,-1.3259735,1.9429474,-0.7239685

98827537426604,-1.3973846,2.1405182,-1.5785217

98827547497404,-1.547348,2.6356354,-2.01651

98827556713713,-1.6925507,3.7020416,-2.4068909

98827567516936,-2.0519867,5.120743,-3.197174

98827577465666,-2.5566254,6.891739,-4.215973

98827572704924,-1.3339539,1.1041107,2.4876251

98827587475432,-3.1302948,8.348526,-5.0657654

98827597485197,-3.7015839,9.481583,-5.620392

98827606732023,-4.222885,10.259964,-6.006012

98827617535246,-4.5966034,10.319473,-6.3249817

98827627453459,-4.794174,10.219498,-7.2033386

98827637524260,-4.901291,10.052872,-8.000763

98827647442473,-5.017929,9.46492,-8.026947

98827656689299,-5.02507,9.069778,-7.9007874

98827667523039,-5.0917206,8.876968,-7.5961

98827677471770,-5.106003,8.703201,-7.1271667

98827687451018,-5.146469,8.550858,-6.486847

98827697460783,-5.08696,8.348526,-5.808441

98827706707609,-5.041733,8.031937,-5.2728577

98827717510832,-4.977463,7.6534576,-4.877716

98827727459563,-4.882248,7.182144,-4.401642

98827737469328,-4.8203583,6.6084747,-3.6304016

98827747448576,-4.7560883,5.896744,-2.8782043

98827756695402,-4.7322845,5.339737,-2.375946

98827767437590,-4.7132416,4.789871,-1.7784729

98827777447355,-4.632309,4.230484,-1.2500305

98827772686613,-4.7188416,8.071457,-5.3816376

98827787457121,-4.5537567,3.602066,-0.88345337

98827797436369,-4.51091,3.2545319,-0.4597473

98827806683195,-4.5537567,2.8689117,0.082977295

98827817516936,-4.563278,2.4237823,0.44003296

98827827252043,-4.6608734,2.190506,0.99942017

98827837200773,-4.817978,2.0214996,2.2157898

98827847485197,-5.0084076,1.747757,3.6035461

98827856732023,-4.9608,1.2335968,4.1510315

98827867443693,-4.825119,0.65992737,4.096283

98827877422941,-4.6156464,0.20051575,4.4200134

98827887432707,-4.3466644,-0.28746033,4.9722595

98827897442473,-4.0776825,-0.6778412,5.5483093

98827906841887,-3.8134613,-0.8516083,6.2624207

98827917431486,-3.5659027,-1.2277069,7.4859314

98827927380217,-3.3826141,-1.76091,8.154816

98827937420500,-3.1683807,-2.2203217,8.37381

98827947399748,-2.9351044,-2.65831,8.873688

98827956799162,-2.573288,-2.9653778,9.028412

98827967419279,-2.156723,-3.267685,9.066498

98827977398527,-1.8068085,-3.3938446,9.918671

98827972637785,-3.9448547,0.04460144,4.8175354

98827987408293,-1.3497772,-3.2319794,10.644684

98827997448576,-1.0308075,-3.1129608,11.011261

98828006817473,-0.92845154,-3.2129364,11.887238

98828017437590,-0.83561707,-3.2272186,12.360931

98828027447355,-0.79039,-2.8677826,12.701324

98828037426604,-0.49760437,-2.8296967,13.458282

98828047405852,-0.16911316,-3.0867767,13.722504

98828056805266,0.25221252,-3.3367157,14.331879

98828067425383,0.6306915,-3.6818695,14.372345

98828077404631,0.90205383,-4.0603485,14.374725

98828087414396,0.90919495,-4.4007416,14.693695

98828097393645,0.6473541,-4.379318,14.734161

98828106793059,0.18556213,-4.0103607,15.100739

98828117413176,-0.035812378,-3.4747772,15.481598

98828127392424,-0.13578796,-2.7321014,15.5625305

98828137402189,-0.13102722,-2.0203705,15.512543

98828147381438,-0.09056091,-1.5585785,15.360199

98828156780852,-0.08580017,-1.5800018,14.967438

98828167400969,-0.114364624,-1.8918304,14.241425

98828177410734,-0.2571869,-2.306015,13.660614

98828172649992,-0.1462555,-3.0501251,13.909012

98828187389982,-0.32859802,-2.6678314,13.001251

98828197369230,-0.4547577,-2.9225311,12.522797

98828206768645,-0.5618744,-2.97966,12.165741

98828217388762,-0.5713959,-2.934433,11.9895935

98828227398527,-0.44999695,-2.8606415,11.739655

98828237377775,-0.36906433,-2.8154144,11.64444

98828247448576,-0.3547821,-2.4964447,10.996979

98828256756438,-0.39048767,-2.5083466,11.508759

98828267407072,-0.4047699,-2.1703339,10.963654

98828277386320,-0.39048767,-2.1179657,10.847015

98828287365568,-0.39286804,-2.056076,10.742279

98828297375334,-0.36668396,-2.0965424,10.606598

98828306744230,-0.3643036,-2.1631927,10.451874

98828317364348,-0.3381195,-2.1703339,10.337616

98828327374113,-0.411911,-2.203659,10.032928

98828337383879,-0.4214325,-2.3083954,10.056732

98828347363127,-0.35240173,-2.363144,9.91391

98828356732023,-0.2976532,-2.2774506,9.804413

98828367382658,-0.25480652,-2.1560516,9.763947

98828377361906,-0.25004578,-2.0989227,9.628265

98828372601164,-0.38632202,-2.4183655,10.935928

98828387371672,-0.2809906,-2.1108246,9.616364

98828397350920,-0.42381287,-2.1917572,9.65683

98828406750334,-0.42619324,-2.2822113,9.7829895

98828417370451,-0.37858582,-2.446457,9.918671

98828427380217,-0.27861023,-2.6226044,10.04245

98828437328947,-0.2571869,-2.7178192,10.071014

98828447369230,-0.22148132,-2.7559052,10.085297

98828456738127,-0.29289246,-2.8201752,10.399506

98828467358244,-0.31669617,-2.767807,10.816071

98828477368010,-0.34526062,-2.8487396,11.187408

98828487347258,-0.29051208,-2.8535004,11.487335

98828497357023,-0.2809906,-2.889206,11.818207

98828506725920,-0.18101501,-2.8915863,12.244293

98828517346037,-0.26908875,-2.9011078,12.620392

98828527355803,-0.37620544,-2.9058685,12.953644

98828537335051,-0.5047455,-3.2010345,13.260712

98828547344816,-0.4618988,-3.350998,13.553497

98828556713713,-0.3809662,-3.4938202,14.243805

98828567333830,-0.10960388,-3.479538,14.8055725

98828577343596,0.08558655,-3.4319305,15.1197815

98828572582854,-0.29956055,-2.8481445,11.684189

98828587322844,0.14033508,-3.5009613,15.17453

98828597332609,-0.014389038,-3.5914154,15.310211

98828606701506,-0.18339539,-3.5295258,15.512543

98828617382658,-0.26670837,-3.5557098,15.710114

98828627331389,-0.15007019,-3.672348,15.762482

98828637341154,-0.01914978,-3.6580658,15.410187

98828647320402,0.17604065,-3.7461395,15.391144

98828656689299,0.20222473,-3.6937714,15.245941

98828667492521,0.1308136,-3.6033173,14.924591

98828677319182,-0.057235718,-3.7080536,14.762726

98828687328947,-0.20005798,-3.6295013,14.605621

98828697308195,-0.264328,-3.467636,14.039093

98828706677092,-0.30717468,-3.517624,13.584442

98828717205656,-0.45713806,-3.6033173,13.05838

98828727306975,-0.4547577,-3.517624,12.639435

98828737286223,-0.44047546,-3.4366913,12.187164

98828747295988,-0.38572693,-3.2248383,11.537323

98828756664885,-0.46903992,-2.7916107,10.961273

98828767407072,-0.6927948,-2.332199,10.304291

98828777294768,-0.9474945,-1.9941864,10.04483

98828772534025,-0.23303223,-3.388733,13.808319

98828787274016,-1.0926971,-1.6537933,9.556854

98828797253264,-1.1831512,-1.272934,8.911774

98828806652678,-1.2045746,-0.91825867,8.423798

98828816540373,-1.2878876,-0.708786,7.976288

98828827282561,-1.3140717,-0.5921478,7.388336

98828837261809,-1.3712006,-0.28746033,6.367157

98828847057951,-1.3712006,0.021987915,5.700653

98828857403410,-1.316452,0.36714172,5.0484314

98828866497648,-1.3521576,0.97413635,4.417633

98828877239836,-1.2783661,1.4930573,3.724945

98828887249602,-1.3664398,1.9691315,3.1703186

98828897259367,-1.4354706,2.3285675,2.4252625

98828907299650,-1.5092621,2.5547028,1.6683044

98828916485441,-1.4806976,2.4761505,0.89230347

98828927227629,-1.5568695,2.4999542,0.14248657

98828937237395,-1.7401581,2.530899,-0.6430359

98828947216643,-1.9282074,2.659439,-1.3642883

98828957256926,-2.0519867,3.2378693,-1.9498596

98828966503752,-2.2543182,4.3114166,-2.3592834

98828977215422,-2.380478,5.6182404,-2.7258606

98828972454680,-1.5237885,1.3804626,3.3386078

98828987255705,-2.6613617,7.0107574,-3.0448303

98828997234953,-3.023178,8.277115,-3.3590393

98829007183684,-3.4730682,9.253067,-3.754181

98829016491545,-3.811081,9.726761,-4.4064026

98829027294768,-4.1467133,9.631546,-4.927704

98829037212980,-4.427597,9.552994,-5.370453

98829047192229,-4.484726,9.381607,-5.6965637

98829057232512,-4.4442596,9.255447,-5.891754

98829066479338,-4.3395233,9.045975,-5.839386

98829077282561,-4.3419037,8.874588,-5.513275

98829087231291,-4.458542,8.912674,-4.946747

98829097210539,-4.6941986,9.103104,-4.6944275

98829107220305,-4.8489227,9.200699,-4.4587708

98829116467131,-4.977463,8.857925,-4.0207825

98829127209318,-4.9488983,8.296158,-3.8136902

98829137219084,-4.8203583,7.727249,-3.7089539

98829147198332,-4.6680145,6.9393463,-3.4304504

98829157208098,-4.479965,6.1371613,-2.9281921

98829166454924,-4.368088,5.589676,-2.247406

98829177197111,-4.375229,5.2326202,-1.5999451

98829172436369,-4.2896576,8.3003235,-4.1826477

98829187176359,-4.4252167,4.808914,-0.95962524

98829197186125,-4.529953,4.442337,-0.6263733

98829207195891,-4.644211,4.090042,-0.24551392

98829216442717,-4.8084564,3.7829742,0.044891357

98829227184904,-4.998886,3.4687653,0.5852356

98829237194670,-5.15123,3.1926422,1.3183899

98829247173918,-5.1417084,2.9188995,2.1419983

98829257183684,-4.9250946,2.3809357,2.6775818

98829266552580,-4.684677,1.8739166,3.2893372

98829277172697,-4.4609222,1.4954376,4.167694

98829287182463,-4.330002,1.0455475,5.5959167

98829297192229,-4.2823944,0.44093323,7.0050964

98829307171477,-4.011032,-0.11369324,7.41214

98829316540373,-3.7825165,-0.6016693,7.369293

98829327160490,-3.5516205,-1.1848602,7.3978577

98829337170256,-3.273117,-1.4514618,7.1645813

98829347149504,-2.9017792,-1.587143,7.407379

98829357159270,-2.5137787,-2.0156097,8.097687

98829366528166,-2.1210175,-2.5273895,8.990326

98829377148283,-1.8806,-3.1320038,9.730621

98829372387541,-4.0209045,1.0663757,4.4282227

98829387158049,-1.7115936,-3.6033173,10.166229

98829397137297,-1.4545135,-3.8889618,11.265961

98829407147063,-0.9832001,-4.146042,12.279999

98829416546477,-0.6023407,-4.2579193,12.456146

98829427166594,-0.3881073,-4.100815,12.070526

98829437145842,-0.41905212,-3.8532562,11.7586975

98829447155607,-0.4714203,-3.5795135,11.749176

98829457134855,-0.6118622,-3.3605194,12.725128

98829466595305,-0.56663513,-3.082016,14.319977

98829477154387,-0.46665955,-3.1082,14.655609

98829487133635,-0.28337097,-3.4723969,14.615143

98829497143400,-0.033432007,-4.017502,14.624664

98829507153166,0.2712555,-4.4007416,14.158112

98829516522063,0.43312073,-4.5673676,13.796295

98829527142180,0.4355011,-4.410263,13.515411

98829537121428,0.13795471,-3.8032684,13.917694

98829547131193,-0.16435242,-3.2914886,14.417572

98829557140959,-0.36668396,-2.9653778,14.577057

98829566509855,-0.45713806,-2.9772797,14.1319275

98829577282561,-0.4047699,-3.1343842,13.865326

98829572521818,-0.405365,-3.7010345,13.253326

98829587261809,-0.25956726,-3.3462372,13.334503

98829597271574,-0.13102722,-3.5795135,12.791779

98829607250822,-0.22862244,-3.7056732,12.082428

98829616467131,-0.3214569,-3.6175995,11.651581

98829627270354,-0.42381287,-3.486679,11.71109

98829637249602,-0.49284363,-3.1867523,11.608734

98829647259367,-0.5713959,-2.9701385,11.45163

98829657238615,-0.59043884,-2.7892303,11.292145

98829666454924,-0.5285492,-2.665451,11.294525

98829677258146,-0.49284363,-2.491684,11.2969055

98829687237395,-0.48094177,-2.4678802,11.042206

98829697247160,-0.44285583,-2.4750214,10.882721

98829707226408,-0.41667175,-2.3798065,10.711334

98829716442717,-0.2809906,-2.408371,10.409027

98829727245939,-0.2571869,-2.344101,10.335236

98829737225188,-0.21672058,-2.2703094,10.178131

98829747234953,-0.3381195,-2.2060394,10.0138855

98829757214201,-0.39762878,-2.2750702,9.766327

98829766430510,-0.47380066,-2.332199,9.756805

98829777081145,-0.5095062,-2.3988495,9.713959

98829772320402,-0.39274597,-2.7698364,11.066254

98829787060393,-0.49046326,-2.4107513,9.628265

98829797039641,-0.3881073,-2.4297943,9.511627

98829807049406,-0.21434021,-2.4964447,9.459259

98829816448820,-0.26194763,-2.5131073,9.506866

98829827404631,-0.25480652,-2.6226044,9.561615

98829837048186,-0.39048767,-2.6630707,9.7211

98829846813811,-0.411911,-2.7749481,9.98056

98829857067717,-0.45237732,-2.877304,10.254303

98829866406096,-0.41667175,-3.036789,10.718475

98829877026213,-0.26670837,-3.1343842,11.142181

98829887035979,-0.1905365,-3.1986542,11.473053

98829897015227,-0.045333862,-3.2724457,11.913422

98829906994475,0.040359497,-3.286728,12.327606

98829916393889,0.014175415,-3.2081757,12.653717

98829927014006,-0.014389038,-3.0986786,12.860809

98829936993254,-0.035812378,-3.0677338,13.196442

98829947003020,-0.116744995,-3.1819916,13.565399

98829956982268,-0.10722351,-3.3343353,13.979584

98829966381682,-0.10246277,-3.3867035,14.27475

98829977001799,-0.05961609,-3.505722,14.53183

98829972241057,-0.20826721,-2.9750214,11.513046

98829986981047,-0.023910522,-3.6437836,14.700836

98829996960295,0.033218384,-3.7270966,15.124542

98830006970061,0.121292114,-3.698532,15.553009

98830016369475,0.17366028,-3.5723724,15.75296

98830027050627,0.19270325,-3.5319061,15.924347

98830036968840,0.23078918,-3.4128876,16.07669

98830046948088,0.17842102,-3.2581635,15.924347

98830056927336,0.06416321,-3.1105804,15.862457

98830066326750,-0.073898315,-3.101059,15.8124695

98830076977385,-0.22148132,-3.1439056,15.738678

98830086956633,-0.2071991,-3.6056976,15.310211

98830096935881,-0.052474976,-4.1508026,14.796051

98830106945646,0.14033508,-4.6578217,14.222382

98830116924895,0.37599182,-5.005356,13.520172

98830127026213,0.41407776,-4.9982147,12.791779

98830136944426,0.25221252,-4.6125946,12.320465

98830146923674,0.016555786,-4.1555634,11.856293

98830156933439,-0.15959167,-3.600937,11.446869

98830166943205,-0.39762878,-3.1058197,10.8541565

98830176159514,-0.5047455,-2.65831,10.342377

98830171398771,0.027618408,-3.737564,14.196548

98830186901701,-0.3714447,-2.286972,9.966278

98830196911467,-0.2238617,-2.0608368,9.559235

98830206677092,-0.14768982,-1.8466034,8.7951355

98830216869963,-0.18101501,-1.5561981,8.123871

98830226147307,-0.42381287,-1.2324677,7.3312073

98830236981047,-0.63090515,-0.76353455,6.593292

98830246899260,-0.87846375,-0.43504333,5.6839905

98830256909025,-1.0926971,0.026748657,4.84848

98830266796721,-1.2926483,0.5813751,4.2010193

98830276135100,-1.3259735,1.0241241,3.7225647

98830286938322,-1.2498016,1.3716583,3.2155457

98830296856535,-1.2640839,1.5930328,2.6037903

98830306866301,-1.3069305,1.8429718,1.8634949

98830316235197,-1.2807465,1.9548492,1.158905

98830326092375,-1.4259491,2.2190704,0.89230347

98830336926115,-1.3950043,2.3142853,0.34481812

98830346844328,-1.4854584,2.5642242,-0.34786987

98830356823576,-1.6616058,3.0355377,-1.1524353

98830366772307,-1.9424896,3.9448395,-1.8070374

98830376110686,-2.1781464,4.9779205,-2.061737

98830371349943,-1.0879364,0.8634491,3.6767426

98830386913908,-2.4423676,6.0871735,-2.4473572

98830396832121,-2.7756195,7.096451,-2.735382

98830406841887,-3.144577,7.874832,-2.8710632

98830416851652,-3.4183197,8.665115,-3.1638489

98830426098479,-3.7134857,9.184036,-3.4685364

98830436810148,-3.9443817,9.1983185,-3.6256409

98830446789396,-4.2776337,9.074539,-3.8541565

98830456829680,-4.415695,9.057877,-4.2516785

98830466808928,-4.5323334,8.993607,-4.51828

98830476055754,-4.594223,8.986465,-4.5158997

98830486858977,-4.7441864,9.14357,-4.5206604

98830496777189,-4.901291,9.486343,-4.4254456

98830506786955,-5.08934,9.748184,-4.211212

98830516766203,-5.286911,9.9767,-3.973175

98830526043547,-5.4559174,10.074295,-3.901764

98830536755217,-5.4368744,9.59108,-3.5399475

98830546764982,-5.267868,8.834122,-2.7615662

98830556774748,-4.908432,8.010513,-2.2569275

98830566753996,-4.4371185,7.0893097,-1.6713562

98830576031340,-4.022934,6.353775,-1.0834045

98830571270598,-4.3404694,8.626312,-3.389862

98830586743010,-3.746811,5.956253,-0.6430359

98830596752775,-3.8206024,5.584915,-0.34310913

98830606732023,-4.1490936,5.2611847,-0.13839722

98830616741789,-4.7703705,4.8303375,-0.093170166

98830626141203,-5.503525,4.4399567,-0.009857178

98830636730803,-6.158127,4.1495514,0.29006958

98830646710051,-6.4961395,3.685379,0.89468384

98830656689299,-6.3556976,2.9450836,1.7444763

98830666729582,-5.7534637,2.1238556,2.4776306

98830676128996,-5.029831,1.3811798,3.0941467

98830686779631,-4.368088,0.6170807,3.6130676

98830696728361,-4.0205536,0.0315094,3.827301

98830706677092,-4.144333,-0.32078552,3.88443

98830716686857,-4.620407,-0.40885925,4.0343933

98830726116789,-5.3273773,-0.24461365,4.4200134

98830736706389,-5.824875,-0.08274841,5.80777

98830746685637,-5.6749115,-0.5016937,7.321686

98830756664885,-4.8346405,-1.4633636,8.380951

98830766674650,-3.7230072,-2.260788,9.266449

98830776074064,-2.6256561,-3.0129852,9.068878

98830771313322,-4.8473816,1.6355286,3.344925

98830786694182,-2.1400604,-3.4509735,7.9358215

98830796642912,-2.406662,-3.562851,6.8955994

98830806652678,-2.9160614,-3.396225,6.2790833

98830816662443,-3.3802338,-3.1034393,7.3502502

98830826031340,-3.3707123,-2.767807,9.318817

98830836498869,-2.7422943,-2.8844452,10.768463

98830846447600,-1.7711029,-3.3652802,12.310944

98830856670988,-0.68089294,-4.255539,13.286896

98830866650236,0.30696106,-5.3552704,13.705841

98830876049650,0.8806305,-6.128891,13.360687

98830886669768,0.890152,-6.193161,12.6822815

98830896649016,0.66163635,-5.8765717,13.167877

98830906658781,0.3783722,-5.219589,14.074799

98830916638029,0.035598755,-4.3816986,15.455414

98830926006926,-0.16197205,-3.6056976,16.240936

98830936627043,-0.20481873,-3.2391205,16.481354

98830946636809,-0.06913757,-3.293869,16.124298

98830956616057,0.08320618,-3.3914642,15.23642

98830966595305,0.12605286,-3.415268,14.553253

98830975994719,0.10462952,-3.2057953,14.1128845

98830971233977,-0.8188324,-4.004654,12.467102

98830986614836,0.04750061,-2.870163,13.613007

98830996624602,0.0070343018,-2.710678,13.424957

98831006603850,-0.092941284,-2.7630463,13.267853

98831016613615,-0.14768982,-2.8606415,13.063141

98831025982512,-0.116744995,-2.9939423,12.667999

98831036602629,-0.035812378,-3.1748505,12.2847595

98831046581877,0.009414673,-3.320053,11.780121

98831056591643,-0.012008667,-3.2843475,11.465912

98831066601408,-0.03819275,-3.0296478,10.996979

98831075970305,-0.16197205,-2.703537,10.858917

98831086590422,-0.264328,-2.351242,10.839874

98831096569670,-0.44999695,-2.151291,10.599457

98831106579436,-0.57377625,-2.101303,10.416168

98831116589201,-0.5618744,-2.2108002,10.449493

98831125958098,-0.44761658,-2.332199,10.273346

98831136578215,-0.29527283,-2.4512177,10.028168

98831146587980,-0.10484314,-2.5892792,9.813934

98831156567229,-0.073898315,-2.6035614,9.597321

98831166546477,-0.0834198,-2.555954,9.499725

98831175945891,-0.057235718,-2.396469,9.4045105

98831171185148,-0.17268372,-2.6727142,11.217285

98831186566008,-0.17149353,-2.3226776,9.449738

98831196545256,-0.21434021,-2.234604,9.411652

98831206555021,-0.3381195,-2.2631683,9.385468

98831216534270,-0.29051208,-2.4036102,9.523529

98831225933684,-0.20957947,-2.5583344,9.580658

98831236553801,-0.13816833,-2.6416473,9.535431

98831246563566,-0.031051636,-2.767807,9.504486

98831256542814,0.0236969,-2.8035126,9.602081

98831266522063,0.08796692,-2.7154388,9.649689

98831275921477,0.14271545,-2.6321259,9.885345

98831286511076,0.114151,-2.6702118,10.130524

98831296581877,0.035598755,-2.7725677,10.485199

98831306530607,-0.1000824,-2.9249115,10.81131

98831316479338,-0.12626648,-3.0129852,10.94223

98831325909270,-0.13816833,-3.1343842,11.225494

98831336529387,-0.0667572,-3.312912,11.496857

98831346508635,0.037979126,-3.377182,11.763458

98831356518400,0.10462952,-3.434311,12.213348

98831366497648,0.20698547,-3.5152435,12.632294

98831375866545,0.24031067,-3.517624,13.096466

98831371105803,-0.041519165,-2.850769,10.516266

98831386578215,0.15223694,-3.5414276,13.270233

98831396496428,0.014175415,-3.4485931,13.5225525

98831406475676,-0.04057312,-3.3914642,13.874847

98831416485441,-1.0681152E-4,-3.3367157,14.179535

98831425884855,0.016555786,-3.4057465,14.465179

98831436352385,0.04512024,-3.5390472,14.731781

98831446484221,0.102249146,-3.6318817,14.831757

98831456493986,0.22602844,-3.6794891,15.026947

98831466473234,0.3045807,-3.7889862,15.084076

98831476483000,0.29029846,-3.81279,14.946014

98831486614836,0.25221252,-3.865158,15.04837

98831496472014,0.22840881,-3.831833,15.015045

98831506481779,0.102249146,-3.884201,14.91507

98831516461027,0.0236969,-3.7723236,14.527069

98831526470793,-0.028671265,-3.717575,14.272369

98831535717619,-0.057235718,-3.6556854,14.267609

98831546551359,-0.09056091,-3.5676117,13.986725

98831556439055,-0.12864685,-3.4319305,13.384491

98831566448820,-0.2071991,-3.5081024,12.758453

98831576458586,-0.46427917,-3.5295258,12.172882

98831571697844,0.03703308,-3.6170044,14.21405

98831585705412,-0.7927704,-3.4771576,11.77536

98831596539152,-1.0546112,-3.3819427,11.268341

98831606426848,-1.2545624,-3.2319794,10.81131

98831616436613,-1.3331146,-3.0962982,10.36618

98831626446379,-1.2569427,-3.0582123,9.8663025

98831635662688,-1.2045746,-2.8368378,9.521149

98831646496428,-1.206955,-2.5797577,9.235504

98831656414641,-1.1974335,-2.325058,8.928436

98831666424406,-1.2855072,-2.0227509,8.383331

98831676403654,-1.4021454,-1.5895233,7.79776

98831685650480,-1.5973358,-1.1943817,7.28598

98831696484221,-1.9163055,-0.6754608,6.526642

98831706402434,-2.3114471,0.014846802,6.231476

98831716412199,-2.451889,0.49806213,6.1767273

98831726421965,-2.463791,0.8979645,5.833954

98831735638273,-2.2947845,1.0431671,5.257904

98831746472014,-2.2281342,0.99079895,4.6961365

98831756390227,-2.156723,0.9788971,3.8701477

98831766369475,-2.2471771,1.0788727,3.17984

98831776379240,-2.4019012,1.3835602,2.7251892

98831771618498,-1.7029114,-1.1291656,7.4868774

98831785626066,-2.5113983,1.8191681,2.396698

98831796337736,-2.535202,2.1024323,1.9896545

98831806378020,-2.6208954,2.607071,1.6611633

98831816387785,-2.6732635,2.9760284,1.306488

98831826275480,-2.6970673,3.4687653,0.75424194

98831835613859,-2.8160858,4.01149,0.17105103

98831846203459,-2.8541718,4.827957,-0.21218872

98831856335295,-2.785141,5.627762,-0.64541626

98831866345061,-2.7637177,6.391861,-1.0215149

98831876354826,-2.8613129,7.110733,-1.5261536

98831885601652,-3.0112762,7.6201324,-2.1212463

98831896435393,-3.375473,8.324722,-3.1281433

98831906414641,-3.6611176,9.038834,-3.6875305

98831916302336,-4.1490936,9.645828,-4.030304

98831926312102,-4.5394745,10.271866,-4.1564636

98831935558928,-4.825119,10.68367,-4.2183533

98831946392668,-4.920334,10.678909,-4.1945496

98831956310881,-4.813217,10.402786,-4.189789

98831966290129,-4.5323334,9.845779,-4.287384

98831976269377,-4.3181,9.431595,-4.420685

98831971508635,-3.4631958,6.8443756,-1.6780243

98831985699309,-4.3776093,9.195938,-4.427826

98831996288908,-4.522812,9.007889,-4.1493225

98832006268156,-4.7061005,8.750809,-3.7303772

98832016277922,-4.7584686,8.419937,-3.318573

98832026287688,-4.5894623,7.9748077,-3.0638733

98832035656584,-4.337143,7.451126,-2.5401917

98832046154631,-4.1276703,6.917923,-2.1974182

98832056286467,-4.0395966,6.277603,-1.8308411

98832066265715,-4.099106,5.7205963,-1.3833313

98832076275480,-4.227646,5.1516876,-0.75253296

98832085674895,-4.1348114,4.518509,-0.069366455

98832096264494,-3.9919891,3.9757843,0.20675659

98832106274260,-3.818222,3.5449371,0.3210144

98832116284025,-3.715866,3.0260162,0.26864624

98832126263273,-3.7634735,2.492813,0.4114685

98832135632170,-4.056259,2.1762238,0.7328186

98832146282805,-4.472824,2.081009,1.63974

98832156262053,-4.7775116,1.812027,3.0846252

98832166302336,-4.613266,1.0979156,4.2724304

98832176037443,-4.139572,0.41474915,4.7080383

98832171276701,-4.2634735,5.000412,-0.59091187

98832185619963,-3.3159637,-0.2898407,4.9579773

98832196270598,-2.4566498,-1.0991669,5.012726

98832206219328,-1.8877411,-1.9537201,5.0888977

98832216198576,-1.8044281,-2.5535736,5.3650208

98832226238859,-2.259079,-2.9320526,6.9170227

98832235607756,-2.6042328,-3.1343842,8.957001

98832246227873,-2.644699,-3.1248627,10.344757

98832256237639,-2.3542938,-3.2153168,11.244537

98832266216887,-1.6830292,-3.6033173,11.218353

98832276226652,-1.2212372,-4.081772,10.81131

98832285626066,-1.1022186,-4.307907,10.801788

98832296246184,-1.3973846,-4.372177,11.373077

98832306225432,-1.8234711,-4.255539,12.703705

98832316204680,-1.733017,-4.4007416,14.624664

98832326214445,-1.1403046,-4.441208,15.648224

98832335583342,-0.1905365,-4.4197845,16.39328

98832346233977,0.7378082,-4.331711,16.509918

98832356213225,1.2543488,-4.1174774,16.345673

98832366192473,1.2591095,-3.5723724,16.46231

98832376202238,0.88539124,-3.082016,16.45517

98832371441496,-1.2740784,-3.364441,11.361771

98832385571135,0.18556213,-2.7011566,16.348053

98832396191252,-0.41429138,-2.498825,16.102875

98832406170500,-0.85227966,-2.3726654,15.767242

98832416180266,-0.87846375,-2.1655731,15.276886

98832426159514,-0.7665863,-1.7490082,14.734161

98832435528410,-0.52378845,-1.1824799,14.331879

98832446179045,-0.3547821,-0.77305603,14.003387

98832456158293,-0.28575134,-0.5135956,13.660614

98832466168059,-0.30241394,-0.5040741,13.232147

98832476147307,-0.3714447,-0.61595154,12.725128

98832485516203,-0.46665955,-0.92778015,12.28714

98832496166838,-0.4380951,-1.2372284,11.899139

98832506146086,-0.45951843,-1.5347748,11.5468445

98832516216887,-0.45237732,-1.5895233,11.244537

98832526135100,-0.411911,-1.5776215,11.011261

98832535503996,-0.37382507,-1.5419159,10.913666

98832546124113,-0.36906433,-1.3157806,10.782745

98832556133879,-0.32859802,-1.0706024,10.773224

98832566143645,-0.36906433,-0.82066345,10.768463

98832576092375,-0.3714447,-0.6540375,10.697052

98832571331633,-0.43023682,-1.3673096,12.905319

98832585491789,-0.42381287,-0.63023376,10.656586

98832596111906,-0.3809662,-0.86112976,10.563751

98832606091154,-0.37382507,-0.9825287,10.347137

98832616131438,-0.3309784,-1.2467499,10.151947

98832626110686,-0.26670837,-1.4538422,10.111481

98832635479582,-0.28337097,-1.6014252,9.925812

98832646130217,-0.30955505,-1.6894989,9.890106

98832656078947,-0.32859802,-1.715683,9.799652

98832666088713,-0.35954285,-1.6228485,9.885345

98832676098479,-0.3809662,-1.5466766,9.861542

98832685467375,-0.34288025,-1.5442963,9.935333

98832696087492,-0.35240173,-1.4728851,10.059113

98832706066740,-0.32859802,-1.4609833,10.10434

98832716076506,-0.35240173,-1.5371552,10.147186

98832726086271,-0.36906433,-1.6609344,10.163849

98832735455168,-0.39286804,-1.818039,10.247162

98832746136320,-0.35954285,-1.7704315,10.439972

98832756054533,-0.264328,-1.6347504,10.604218

98832766064299,-0.19291687,-1.5442963,10.768463

98832776043547,-0.12388611,-1.5204926,11.008881

98832771282805,-0.3258667,-1.465744,10.233597

98832785412443,-0.1572113,-1.4943085,11.113617

98832795910490,-0.1738739,-1.6157074,11.465912

98832806042326,-0.17863464,-1.6847382,11.815826

98832816021574,-0.21910095,-1.6347504,12.249054

98832826000822,-0.24528503,-1.5966644,12.698944

98832836041105,-0.31907654,-1.4633636,13.341644

98832845928801,-0.34288025,-1.3514862,14.262848

98832855999602,-0.20957947,-1.3253021,15.491119

98832866039885,0.20698547,-1.3633881,16.474213

98832876049650,0.5592804,-1.4966888,16.795563

98832886089934,0.6425934,-1.5704803,16.674164

98832895245207,0.31648254,-1.7323456,16.45517

98832906170500,-0.30717468,-1.9251556,16.512299

98832916119230,-0.88560486,-2.1727142,16.733673

98832926006926,-1.1069794,-2.5154877,16.84555

98832936047209,-0.9546356,-2.9225311,16.793182

98832945233000,-0.4857025,-3.3057709,16.77414

98832956188811,-0.035812378,-3.903244,16.376617

98832966107023,0.30934143,-4.6316376,15.969574

98832976116789,0.3045807,-5.1886444,15.257843

98832971356047,-0.16410828,-2.2447205,15.005051

98832986157072,0.0046539307,-5.5790253,14.398529

98832995190275,-0.44999695,-5.6718597,13.786774

98833006115568,-0.809433,-5.3100433,13.482086

98833016094816,-0.9141693,-4.833969,13.558258

98833026104582,-0.74754333,-4.3674164,13.324982

98833036114348,-0.5713959,-4.0484467,12.832245

98833045178068,-0.41905212,-3.9127655,12.146698

98833056042326,-0.35002136,-3.8937225,11.227875

98833066082609,-0.3809662,-3.9913177,10.699432

98833076092375,-0.31193542,-4.000839,10.001984

98833085980070,-0.2238617,-3.8437347,9.661591

98833095165861,0.018936157,-3.5200043,9.697296

98833106030119,0.30934143,-3.1058197,9.002228

98833115917814,0.4188385,-2.7249603,7.8905945

98833125988615,0.18556213,-2.3131561,6.4933167

98833135906828,-0.27861023,-1.734726,5.1722107

98833145153654,-0.7761078,-1.1443939,4.1700745

98833155956877,-1.1831512,-0.561203,3.2012634

98833165905607,-1.4925995,0.23146057,2.5204773

98833175884855,-1.5806732,0.6266022,2.2015076

98833171124113,-0.47761536,-3.184967,9.273468

98833185803068,-1.4140472,0.7480011,1.7849426

98833195141447,-1.2212372,0.593277,0.7066345

98833205944670,-1.1807709,0.42427063,-0.3954773

98833215862883,-1.1783905,0.57899475,-1.1167297

98833225872648,-1.0498505,1.2526398,-1.95224

98833235851896,-1.0093842,2.478531,-2.8615417

98833245129240,-1.3688202,4.363785,-3.2447815

98833255871428,-1.7306366,6.2109528,-2.8401184

98833265850676,-2.1091156,7.874832,-2.7401428

98833275860441,-2.84227,9.943375,-2.9877014

98833285870207,-3.606369,11.38826,-3.0067444

98833295086516,-4.2300262,11.833389,-2.6044617

98833305859221,-4.413315,11.492996,-2.523529

98833315838469,-4.2562103,10.800308,-2.7330017

98833325848234,-4.041977,10.49086,-3.0971985

98833335827482,-3.965805,10.48848,-3.216217

98833345226896,-4.106247,10.550369,-2.7972717

98833355847014,-4.246689,10.383743,-2.4068909

98833365795744,-4.313339,9.9767,-2.3140564

98833375805510,-4.3990326,9.395889,-2.4640198

98833371044768,-2.8341827,7.0634766,-2.1405334

98833385815275,-4.518051,8.610367,-2.3926086

98833395184172,-4.6156464,8.010513,-2.2331238

98833405804289,-4.677536,7.54158,-1.8855896

98833415783537,-4.7251434,7.2987823,-1.5166321

98833425793303,-4.651352,7.136917,-1.1881409

98833435772551,-4.6227875,7.013138,-0.8049011

98833445171965,-4.70372,6.744156,-0.45736694

98833455792082,-4.7441864,6.38472,0.104400635

98833465771330,-4.787033,5.7420197,0.8470764

98833475781096,-4.825119,4.9636383,1.4826355

98833485760344,-4.8465424,4.3756866,1.6373596

98833495159758,-4.8870087,3.8162994,1.6706848

98833505749357,-5.017929,3.480667,1.7825623

98833515759123,-5.189316,3.287857,1.7706604

98833525738371,-5.4511566,3.299759,1.8230286

98833535717619,-5.696335,3.3735504,2.3919373

98833545117033,-5.7844086,3.011734,3.3179016

98833555767668,-5.551132,2.5285187,3.5678406

98833565746916,-5.1750336,1.8144073,3.743988

98833575756682,-4.7370453,0.89320374,4.258148

98833570995939,-4.960327,4.9663696,0.8959961

98833585735930,-4.434738,-0.006576538,4.8461

98833595104826,-4.1752777,-0.7492523,5.474518

98833605755461,-4.0395966,-1.3300629,5.829193

98833615734709,-4.06102,-1.6609344,6.1767273

98833625713957,-3.958664,-1.9037323,6.8955994

98833635723723,-3.6182709,-2.3012543,7.7882385

98833645092619,-2.9993744,-2.9201508,8.50473

98833655712736,-2.3638153,-3.5295258,9.183136

98833665722502,-1.7544403,-4.19841,10.059113

98833675701750,-1.252182,-4.743515,10.087677

98833685680998,-1.2283783,-4.84111,10.518524

98833695080412,-1.4925995,-4.626877,11.215973

98833705700529,-1.8187103,-4.4197845,11.830109

98833715679777,-2.0567474,-3.819931,12.622772

98833725689543,-1.899643,-2.998703,13.25119

98833735729826,-1.4997406,-2.498825,13.693939

98833745037688,-1.1593475,-2.1084442,14.100983

98833755688322,-0.76420593,-1.9489594,14.477081

98833765667570,-0.5214081,-1.8656464,14.527069

98833775677336,-0.495224,-2.0798798,14.503265

98833770916594,-2.279663,-2.7275848,10.279297

98833785656584,-0.65470886,-2.5654755,14.329498

98833795025480,-0.8665619,-3.1153412,14.110504

98833805676115,-0.94273376,-3.6890106,13.931976

98833815655363,-0.937973,-4.122238,13.489227

98833825634611,-0.7999115,-4.3483734,13.001251

98833835766447,-0.64756775,-4.186508,12.506134

98833845013273,-0.5261688,-3.7842255,12.308563

98833855663908,-0.4380951,-3.127243,12.5156555

98833865643156,-0.38572693,-2.5202484,12.73941

98833875622404,-0.39286804,-1.8537445,12.870331

98833885632170,-0.5023651,-1.465744,12.934601

98833895001066,-0.69755554,-1.3919525,12.73941

98833905621184,-0.80467224,-1.6061859,12.313324

98833915630949,-0.78800964,-2.0394135,11.784882

98833925610197,-0.7332611,-2.408371,11.32309

98833935619963,-0.64042664,-2.6178436,11.032684

98833945019377,-0.46903992,-2.8082733,10.913666

98833955639494,-0.27861023,-2.8368378,10.675629

98833965618742,-0.1405487,-2.7321014,10.4566345

98833975597990,-0.18339539,-2.4940643,10.413788

98833970837248,-0.59150696,-2.7856598,12.319519

98833985607756,-0.23814392,-2.234604,10.461395

98833995007170,-0.31669617,-1.991806,10.5589905

98834005627287,-0.3714447,-1.9370575,10.418549

98834015606535,-0.4285736,-1.9013519,10.213837

98834025616301,-0.36668396,-2.0203705,10.204315

98834035595549,-0.22862244,-2.286972,10.075775

98834044964445,-0.09056091,-2.4631195,9.918671

98834055645598,-0.04057312,-2.5345306,9.72348

98834065594328,0.0046539307,-2.6511688,9.844879

98834075573576,-0.119125366,-2.639267,9.890106

98834085583342,-0.24528503,-2.4559784,9.899628

98834094952238,-0.30955505,-2.3774261,9.999603

98834105694426,-0.34049988,-2.325058,10.059113

98834115582121,-0.28337097,-2.3536224,10.213837

98834125591887,-0.1572113,-2.3869476,10.380463

98834135571135,-0.07627869,-2.498825,10.582794

98834144970549,-0.07865906,-2.6249847,10.873199

98834155285490,-0.1738739,-2.6345062,10.849396

98834165569914,-0.20005798,-2.6178436,11.115997

98834175549162,-0.16435242,-2.5964203,11.4635315

98834170788420,-0.21124268,-2.376587,10.337372

98834185528410,-0.16911316,-2.536911,11.982452

98834195538176,-0.19291687,-2.52977,12.203827

98834205700529,-0.1000824,-2.6368866,12.532318

98834215527189,-0.07865906,-2.684494,12.789398

98834225536955,-0.045333862,-2.7154388,13.158356

98834235516203,0.011795044,-2.8273163,13.691559

98834245525969,0.1474762,-2.805893,13.9843445

98834254772795,0.29981995,-2.7773285,14.346161

98834265514982,0.42359924,-2.6821136,14.677032

98834275524748,0.47120667,-2.5892792,15.229279

98834285503996,0.39741516,-2.453598,15.607758

98834295513762,0.34028625,-2.3036346,15.545868

98834304760588,0.26411438,-2.2298431,15.381622

98834315502775,0.29267883,-2.332199,15.348297

98834325512541,0.2783966,-2.4440765,15.419708

98834335522307,0.30220032,-2.646408,15.476837

98834345562590,0.20936584,-2.97966,15.436371

98834354748381,0.07368469,-3.415268,15.2388

98834365490568,-0.0667572,-3.7080536,15.410187

98834375500334,-0.04057312,-3.7770844,15.24118

98834370739592,0.14093018,-2.753769,14.435074

98834385479582,0.014175415,-3.7985077,15.117401

98834395489348,0.1879425,-3.7889862,14.893646

98834404736174,0.27363586,-3.653305,14.496124

98834415569914,0.18556213,-3.4319305,13.865326

98834425488127,0.009414673,-3.0867767,13.177399

98834435467375,-0.30003357,-2.8106537,12.601349

98834445477141,-0.5928192,-2.7249603,12.456146

98834454723967,-0.9046478,-2.6321259,11.744415

98834465557707,-1.0665131,-2.7582855,11.151703

98834475475920,-1.0807953,-2.9582367,10.466156

98834485455168,-1.0236664,-2.7463837,9.502106

98834495464934,-0.85227966,-2.5131073,8.957001

98834504711760,-0.6761322,-2.139389,8.081024

98834515514982,-0.70469666,-1.7418671,6.96463

98834525433195,-0.8070526,-1.3086395,5.886322

98834535412443,-1.0736542,-0.7349701,4.948456

98834545422209,-1.418808,0.0053253174,4.2343445

98834554669035,-1.7687225,0.71229553,3.8415833

98834565563811,-2.001999,1.1693268,3.5202332

98834575573576,-2.0496063,1.664444,3.089386

98834570812834,-0.78253174,-1.9638367,9.449738

98834585552824,-1.9401093,1.9524689,2.3633728

98834595562590,-1.7806244,2.2238312,1.4992981

98834604656828,-1.6711273,2.3928375,0.6280823

98834615551604,-1.7758636,2.697525,-0.25027466

98834625561369,-1.9329681,3.1712189,-0.8001404

98834635571135,-2.2162323,3.9210358,-1.2095642

98834645550383,-2.4685516,4.608963,-1.804657

98834654644621,-2.7803802,5.434952,-2.433075

98834665539396,-3.137436,6.2418976,-3.1091003

98834675549162,-3.4730682,6.906021,-3.639923

98834685528410,-3.8444061,7.34639,-3.9779358

98834695538176,-4.2704926,7.560623,-4.151703

98834704723967,-4.6037445,7.8653107,-4.5397034

98834715527189,-4.9512787,8.034317,-4.7658386

98834725536955,-5.1750336,7.912918,-4.8158264

98834735516203,-5.222641,7.789139,-4.5801697

98834745525969,-5.0012665,7.6153717,-4.1993103

98834754711760,-4.396652,7.7819977,-3.9803162

98834765514982,-3.6944427,8.196182,-3.7327576

98834775494230,-3.189804,8.534195,-3.6827698

98834770733488,-3.3763123,5.909363,-2.5591125

98834785351408,-3.0898285,8.650833,-3.761322

98834795330656,-3.35643,8.427078,-3.8946228

98834804730070,-3.8087006,7.8819733,-3.8922424

98834815350188,-4.2704926,7.2845,-3.8279724

98834825298918,-4.76799,6.789383,-3.4233093

98834835369719,-5.02507,6.2942657,-2.702057

98834845287932,-5.139328,5.9919586,-1.8308411

98834854687346,-5.0536346,5.7801056,-1.1452942

98834865337980,-4.965561,5.5373077,-0.39785767

98834875286711,-4.979843,5.139786,0.31149292

98834885296477,-5.2178802,4.6946564,0.7756653

98834895306242,-5.524948,4.2090607,1.2565002

98834904675139,-5.7510834,3.8234406,1.70401

98834915295256,-5.870102,3.5330353,2.191986

98834925274504,-5.7653656,3.2331085,2.8537292

98834935284270,-5.4297333,2.9498444,3.4892883

98834945294035,-4.8036957,2.6094513,3.9487

98834954723967,-4.2895355,2.171463,4.179596

98834965283049,-4.075302,1.6501617,4.5104675

98834975262297,-4.2205048,1.0860138,5.0412903

98834970501555,-4.7702484,4.8868713,0.2693634

98834985302580,-4.5918427,0.60517883,5.9077454

98834995281828,-4.7894135,0.12672424,6.802765

98835004650725,-4.4490204,-0.44456482,7.7691956

98835015270842,-3.6277924,-0.9920502,8.599945

98835025250090,-2.5256805,-1.5681,8.926056

98835035259855,-1.6235199,-1.991806,8.9427185

98835045239104,-1.1902924,-2.1703339,8.849884

98835054608000,-1.3688202,-1.7894745,8.63089

98835065228117,-1.8829803,-1.3014984,8.926056

98835075237883,-2.3947601,-0.85398865,9.668732

98835085247648,-2.4590302,-0.37553406,10.716095

98835095226896,-1.9234467,-0.51597595,11.58255

98835104626311,-1.1760101,-1.0587006,12.039581

98835115246428,-0.5523529,-1.7394867,12.275238

98835125225676,-0.10246277,-2.7725677,12.527557

98835135235441,-0.045333862,-3.479538,12.180023

98835145245207,-0.16673279,-3.7842255,11.689667

98835154614104,-0.26194763,-3.717575,11.861053

98835165234221,-0.17625427,-3.274826,12.653717

98835175213469,0.07130432,-2.7797089,13.641571

98835170452727,-1.7618256,-1.6939087,10.209549

98835185192717,0.4116974,-2.4702606,14.619904

98835195202482,0.62117004,-1.8656464,14.97934

98835204601896,0.73542786,-1.2562714,15.150726

98835215191496,0.7259064,-0.7349701,15.219757

98835225201262,0.48310852,-0.41123962,15.129303

98835235180510,0.099868774,-0.2565155,15.026947

98835245190275,-0.15483093,-0.45170593,14.672272

98835254559172,-0.23814392,-0.6849823,14.27475

98835265209807,-0.19529724,-1.0587006,13.929596

98835275189055,-0.17149353,-1.50383,13.498749

98835285168303,-0.16673279,-1.76091,13.046478

98835295178068,-0.18577576,-1.9537201,12.713226

98835304546965,-0.14530945,-1.946579,12.506134

98835315167082,-0.22148132,-1.7418671,12.1586

98835325146330,-0.24528503,-1.6085663,11.996735

98835335156096,-0.26908875,-1.4443207,11.83963

98835345135344,-0.36668396,-1.3943329,11.761078

98835354534758,-0.36668396,-1.4943085,11.6753845

98835365124357,-0.3214569,-1.6466522,11.508759

98835375134123,-0.27622986,-1.7751923,11.170746

98835370373381,-0.012359619,-1.3730316,13.343903

98835385113371,-0.18101501,-1.9251556,10.904144

98835395123137,-0.08818054,-1.8704071,10.742279

98835404492033,-1.0681152E-4,-1.7228241,10.592316

98835415173186,-0.0024871826,-1.6656952,10.566132

98835425091398,-0.050094604,-1.5609589,10.478058

98835435070646,-0.20957947,-1.5800018,10.347137

98835445080412,-0.3143158,-1.6276093,10.378082

98835454449309,-0.3214569,-1.6633148,10.259064

98835465222014,-0.28575134,-1.6633148,10.082916

98835475079191,-0.20005798,-1.7180634,10.068634

98835485058439,-0.13816833,-1.7180634,10.028168

98835495068205,-0.06199646,-1.69664,9.873444

98835504467619,-0.05961609,-1.6442719,9.649689

98835514813078,-0.116744995,-1.6109467,9.509247

98835525066984,-0.26670837,-1.6633148,9.435455

98835535046232,-0.35002136,-1.7252045,9.452118

98835545055998,-0.4547577,-1.7466278,9.46402

98835555042616,-0.42381287,-1.8418427,9.597321

98835565235487,-0.3809662,-1.9537201,9.673492

98835575031629,-0.26194763,-1.9799042,9.747284

98835570270887,-0.20838928,-1.7288971,10.04245

98835585010877,-0.22148132,-1.9989471,9.811554

98835595020643,-0.18101501,-2.0060883,9.918671

98835604389540,-0.14292908,-1.9870453,10.128143

98835614277235,-0.18815613,-1.9608612,10.209076

98835625080457,-0.27861023,-1.9870453,10.525665

98835634998670,-0.20957947,-2.1036835,10.851776

98835645008436,-0.11198425,-2.196518,11.158844

98835654377332,0.04512024,-2.306015,11.442108

98835664234510,0.078445435,-2.2584076,11.822968

98835675068250,0.08558655,-2.222702,12.172882

98835684986463,0.061782837,-2.2274628,12.401398

98835694965711,-0.028671265,-2.1631927,12.687042

98835704914442,-0.0667572,-2.2084198,13.017914

98835714222303,-0.047714233,-2.241745,13.398773

98835725056043,0.014175415,-2.2012787,13.684418

98835734974256,-0.01914978,-2.241745,14.012909

98835744984022,-0.1000824,-2.1869965,14.227142

98835754871717,-0.20243835,-2.1441498,14.581818

98835764210096,-0.16435242,-2.234604,14.767487

98835775043836,-0.06913757,-2.396469,14.996002

98835770283094,-0.08734131,-2.1636658,12.2908325

98835784962049,0.14033508,-2.5892792,14.929352

98835794941297,0.3355255,-2.760666,14.924591

98835804951063,0.3688507,-2.748764,15.034088

98835814197889,0.25221252,-2.59404,15.086456

98835824940077,-0.026290894,-2.5035858,15.248322

98835834980360,-0.25004578,-2.5321503,15.205475

98835844745985,-0.36668396,-2.5892792,15.105499

98835854877821,-0.32859802,-2.5154877,14.898407

98835864185682,-0.21195984,-2.3917084,14.488983

98835874927870,0.035598755,-2.3988495,14.265228

98835884937635,0.052261353,-2.3226776,13.979584

98835894916883,-0.18101501,-2.3750458,13.546356

98835904926649,-0.59043884,-2.5416718,13.065521

98835914173475,-0.90226746,-2.59404,12.658478

98835924915663,-1.0070038,-2.6059418,11.90152

98835934894911,-1.1450653,-2.498825,11.0017395

98835944904676,-1.0903168,-2.279831,10.720856

98835954883924,-1.0926971,-2.3036346,10.401886

98835964130750,-1.2164764,-2.1822357,9.775848

98835974872938,-1.3450165,-2.029892,9.023651

98835970112196,-0.42845154,-2.4678802,13.263092

98835984882704,-1.4664154,-1.8799286,8.359528

98835994861952,-1.6259003,-1.5181122,7.847748

98836004932752,-1.6854095,-1.0753632,7.419281

98836014118543,-1.5092621,-0.54930115,7.1836243

98836024952284,-1.2783661,-0.037521362,6.598053

98836034870497,-1.2045746,0.42189026,5.5959167

98836044849745,-1.4521332,0.7979889,4.572357

98836054859510,-1.8948822,1.2193146,3.7487488

98836064258924,-2.3090668,1.728714,2.9846497

98836074879041,-2.5018768,2.254776,2.370514

98836084858290,-2.4090424,2.6546783,2.3014832

98836094837538,-1.9877167,2.9403229,2.146759

98836104847303,-1.5330658,3.1117096,1.6516418

98836114216200,-1.1926727,3.2783356,0.716156

98836124866834,-1.2117157,3.5401764,-0.22647095

98836134876600,-1.4259491,4.218582,-1.2357483

98836144855848,-1.8734589,5.244522,-1.9784241

98836154865614,-2.3923798,6.346634,-2.1141052

98836164234510,-2.9446259,7.3582916,-2.1926575

98836174885145,-3.3730927,8.096207,-2.183136

98836170124403,-1.8635864,2.4075928,2.678299

98836184803358,-3.715866,8.5056305,-2.4544983

98836194843641,-3.8967743,8.796036,-2.6925354

98836204822889,-3.977707,8.455643,-2.4497375

98836214191786,-3.8206024,8.129532,-2.5830383

98836224811903,-3.6135101,7.815323,-3.049591

98836234821668,-3.4635468,7.6391754,-3.485199

98836244800916,-3.5754242,7.712967,-3.8160706

98836254810682,-3.8396454,7.996231,-3.9636536

98836264179579,-4.3395233,8.412796,-4.0279236

98836274799696,-4.889389,8.572281,-3.7089539

98836284809461,-5.2702484,8.638931,-3.439972

98836294788709,-5.446396,8.527054,-3.0400696

98836304798475,-5.4892426,8.250931,-2.5901794

98836314167372,-5.2892914,7.9748077,-2.2831116

98836324787489,-5.0322113,7.7439117,-1.971283

98836334766737,-4.7251434,7.3892365,-1.6142273

98836344776502,-4.503769,6.9845734,-0.9620056

98836354755750,-4.5323334,6.667984,-0.5002136

98836364155165,-4.734665,6.2680817,-0.028900146

98836374775282,-5.0464935,5.80867,0.39956665

98836370014540,-4.460083,7.8144836,-2.413086

98836384754530,-5.4249725,5.244522,0.90896606

98836394764295,-5.60112,4.6875153,1.5326233

98836404743543,-5.7272797,4.120987,2.0039368

98836414112440,-5.5582733,3.5877838,2.3633728

98836424763075,-5.08934,3.1283722,2.389557

98836434711805,-4.632309,2.7498932,2.1967468

98836444721571,-4.3395233,2.5166168,2.3300476

98836454731336,-4.3799896,2.3856964,3.0465393

98836464100233,-4.4942474,2.15242,3.717804

98836474720350,-4.7132416,1.9286652,4.584259

98836484699598,-4.89653,1.5478058,5.5102234

98836494709364,-4.863205,1.0288849,5.955353

98836504688612,-4.587082,0.5409088,6.1005554

98836514088026,-4.284775,0.20051575,5.855377

98836524708143,-4.06102,-0.039901733,5.7601624

98836534656873,-3.9943695,-0.17796326,5.81015

98836544697157,-4.1157684,-0.25413513,6.336212

98836554676405,-4.1990814,-0.54216003,7.5573425

98836564045301,-3.9300995,-1.1634369,8.89035

98836574665418,-3.4468842,-1.8085175,9.640167

98836569904676,-4.6169586,1.5917206,4.624481

98836584644666,-2.8803558,-2.3750458,9.661591

98836594654432,-2.4209442,-2.870163,9.663971

98836604633680,-2.194809,-3.0653534,9.668732

98836614033094,-2.1448212,-3.005844,9.992462

98836624653211,-2.3209686,-2.8939667,10.499481

98836634662977,-2.3828583,-2.8796844,11.523041

98836644642225,-2.240036,-3.0939178,12.375214

98836654621473,-1.861557,-3.274826,12.979828

98836664020887,-1.3616791,-3.350998,13.263092

98836674671522,-0.94511414,-3.5842743,13.1440735

98836684650770,-0.76420593,-3.8556366,13.246429

98836694660536,-0.76420593,-3.9841766,13.025055

98836704639784,-0.8760834,-3.9817963,13.05838

98836714008680,-0.95939636,-3.9127655,13.601105

98836724659315,-0.9046478,-3.9913177,14.08432

98836734638563,-0.7832489,-4.0413055,14.393768

98836744617811,-0.6904144,-4.1555634,14.458038

98836754597059,-0.5190277,-4.0793915,14.291412

98836763996473,-0.42619324,-3.884201,14.108124

98836774708143,-0.50712585,-3.6128387,13.970062

98836769947401,-1.3973846,-3.4946594,12.550415

98836784687391,-0.59043884,-3.3795624,13.908173

98836794605604,-0.7404022,-3.1677094,13.432098

98836804584852,-0.80467224,-3.0962982,12.986969

98836813984266,-0.8832245,-3.1129608,12.577545

98836824726454,-0.88560486,-3.1748505,12.206207

98836834644666,-0.8403778,-3.1343842,11.941986

98836844501844,-0.7523041,-3.0272675,11.634918

98836854572645,-0.7189789,-2.7963715,11.458771

98836863972059,-0.7165985,-2.5678558,11.182648

98836874439588,-0.72135925,-2.3345795,10.975555

98836884601942,-0.72612,-2.1536713,10.756561

98836894581190,-0.73802185,-2.0156097,10.606598

98836904560438,-0.79039,-1.9703827,10.463776

98836914631239,-0.7927704,-2.0060883,10.335236

98836924732557,-0.8141937,-1.9680023,10.185272

98836934559217,-0.85466003,-2.0227509,10.047211

98836944568983,-0.78086853,-2.0251312,10.10434

98836954548231,-0.66185,-2.0060883,10.066254

98836964588514,-0.5023651,-1.9989471,10.0971985

98836973804823,-0.3547821,-2.0132294,10.182892

98836969044081,-0.73350525,-2.498581,11.257507

98836984608045,-0.2738495,-2.0203705,10.149567

98836994556776,-0.31907654,-2.0798798,10.123383

98837004536024,-0.22624207,-2.1703339,10.132904

98837014545790,-0.23814392,-2.3560028,10.140045

98837023792616,-0.22862244,-2.446457,10.159088

98837034626356,-0.24290466,-2.4678802,10.251923

98837044514051,-0.2476654,-2.5892792,10.256683

98837054523817,-0.17625427,-2.6749725,10.23764

98837064533582,-0.23338318,-2.7820892,10.30191

98837073780409,-0.35954285,-2.8368378,10.337616

98837084614149,-0.43571472,-2.9368134,10.566132

98837094501844,-0.4785614,-3.0534515,10.818451

98837104511610,-0.4285736,-3.101059,11.044586

98837114521375,-0.3214569,-3.0510712,11.123138

98837123768202,-0.28575134,-3.0605927,11.361176

98837134571424,-0.25004578,-3.055832,11.630157

98837144520155,-0.36906433,-2.9748993,11.83963

98837154499403,-0.4618988,-2.889206,12.082428

98837164478651,-0.52378845,-2.8463593,12.275238

98837173755995,-0.5095062,-2.7011566,12.556122

98837168995252,-0.33050537,-2.7047272,10.869385

98837184467665,-0.411911,-2.6630707,12.694183

98837194477430,-0.27622986,-2.8415985,12.906036

98837204487196,-0.20957947,-3.017746,13.141693

98837214405409,-0.3047943,-3.1248627,13.324982

98837223713270,-0.3714447,-3.2700653,13.57016

98837234547010,-0.44761658,-3.2153168,13.798676

98837244465223,-0.3714447,-3.0939178,14.127167

98837254474989,-0.2238617,-2.9439545,14.191437

98837264454237,-0.14530945,-2.805893,14.322357

98837273731581,-0.15959167,-2.6535492,14.217621

98837284534803,-0.23100281,-2.4250336,14.1961975

98837294453016,-0.3381195,-2.3417206,14.246185

98837304462782,-0.6118622,-2.2631683,14.419952

98837314442030,-0.85227966,-2.4702606,14.222382

98837323719373,-0.9070282,-2.9011078,13.848663

98837334522596,-0.86180115,-3.1534271,13.279755

98837344440809,-0.78086853,-3.1629486,12.958405

98837354450575,-0.5690155,-2.9939423,13.12027

98837364429823,-0.51664734,-2.748764,13.025055

98837373676649,-0.49046326,-2.4488373,12.832245

98837368915907,-0.45404053,-2.8269653,13.622177

98837384510389,-0.56663513,-2.2774506,12.708466

98837394489637,-0.6190033,-2.3417206,12.637054

98837404407850,-0.6594696,-2.3726654,12.370453

98837414417616,-0.62376404,-2.5321503,12.403778

98837423786512,-0.37620544,-2.6083221,12.772736

98837434406629,-0.009628296,-2.5988007,12.449005

98837444416395,0.26649475,-2.382187,11.844391

98837454395643,0.28315735,-2.029892,11.235016

98837464374891,0.0974884,-1.5919037,10.42807

98837473774305,-0.119125366,-1.2110443,9.809174

98837484394422,-0.41905212,-0.8182831,9.1736145

98837494373670,-0.6166229,-0.30412292,9.187897

98837504383436,-0.48332214,-0.17320251,8.509491

98837514362684,-0.2976532,-0.16368103,7.445465

98837523731581,-0.264328,-0.182724,6.3504944

98837534382215,-0.32859802,-0.044662476,5.4221497

98837544361463,-0.42619324,0.12672424,4.274811

98837554340711,-0.5928192,0.51234436,3.3179016

98837564350477,-0.76420593,0.7789459,2.5133362

98837573719373,-0.7975311,1.0883942,1.9610901

98837568958631,-0.36584473,-1.0563202,8.8407135

98837584339491,-0.9403534,1.6501617,1.3588562

98837594349256,-1.085556,2.016739,0.6899719

98837604328504,-1.2759857,2.4809113,-0.05984497

98837614307752,-1.5687714,2.9046173,-0.9048767

98837623707166,-1.8353729,3.6115875,-1.4809265

98837634327284,-2.0519867,4.6637115,-1.9427185

98837644306532,-2.2757416,5.858658,-2.1331482

98837654316297,-2.5137787,7.02742,-2.1878967

98837664326063,-2.6708832,7.66774,-2.2378845

98837673694959,-2.9160614,7.917679,-2.3259583

98837684345594,-3.189804,8.334244,-2.9924622

98837694355360,-3.7039642,8.779373,-3.9136658

98837704273573,-4.2109833,8.879349,-4.2707214

98837714313856,-4.851303,8.998367,-4.108856

98837723682752,-5.229782,9.095963,-3.6661072

98837734302870,-5.0964813,8.846024,-3.1638489

98837744312635,-4.658493,8.44136,-3.1114807

98837754261366,-4.337143,8.24379,-3.4137878

98837764271131,-4.4704437,8.167618,-3.5518494

98837773670545,-5.0798187,8.062881,-3.5589905

98837768909803,-3.1981354,6.5824127,-2.348816

98837784290663,-5.734421,8.070023,-3.2304993

98837794269911,-6.1747894,8.122391,-2.882965

98837804279676,-6.2509613,7.9105377,-2.3211975

98837814289442,-5.953415,7.6510773,-1.7189636

98837823627821,-5.4821014,7.34639,-1.1976624

98837834278456,-5.165512,6.782242,-0.67160034

98837844257704,-5.08696,6.175247,-0.14315796

98837854236952,-5.1631317,5.5872955,0.080596924

98837864002577,-5.3488007,5.0802765,0.337677

98837873615614,-5.3726044,4.5423126,0.49716187

98837884235731,-5.3654633,4.1447906,0.6994934

98837894245497,-5.234543,3.7329865,1.1303406

98837904224745,-5.1226654,3.428299,1.5254822

98837914234510,-5.0607758,3.0998077,2.018219

98837923603407,-5.0798187,2.7641754,2.748993

98837934254041,-5.1821747,2.4142609,3.3155212

98837944233290,-5.272629,1.9715118,3.8582458

98837954243055,-5.2274017,1.4835358,4.3176575

98837964222303,-4.979843,1.0883942,4.724701

98837973591200,-4.579941,0.7384796,5.238861

98837968830457,-5.3419037,4.6067047,0.9163513

98837984241834,-4.082443,0.33381653,5.7744446

98837994221082,-3.670639,-0.14701843,6.2029114

98838004261366,-3.4159393,-0.40885925,6.778961

98838014210096,-3.5087738,-0.6183319,7.3573914

98838023578993,-3.6563568,-0.7754364,8.081024

98838034229627,-3.799179,-0.9896698,8.638031

98838044208875,-3.6396942,-1.3086395,8.992706

98838054188123,-3.2612152,-1.8370819,9.392609

98838064167372,-2.720871,-2.536911,9.8663025

98838073566786,-2.20195,-3.3605194,10.432831

98838084186903,-1.8829803,-3.8080292,10.711334

98838094166151,-1.6401825,-3.903244,11.38974

98838104175916,-1.3069305,-3.9889374,12.049103

98838114185682,-1.0498505,-3.8794403,12.41568

98838123554579,-0.9141693,-3.7009125,12.399017

98838134266248,-0.87846375,-3.4557343,12.527557

98838144184461,-0.82133484,-3.17247,12.99173

98838154163709,-0.8594208,-3.005844,13.408295

98838164173475,-0.79515076,-3.2010345,13.867706

98838173542372,-0.62138367,-3.5390472,14.622284

98838168781629,-2.2363434,-2.3651733,10.394989

98838184223524,-0.25956726,-4.13414,14.369965

98838194172254,0.030838013,-4.6197357,14.01767

98838204151502,0.2783966,-4.879196,13.491608

98838214130750,0.20936584,-4.7220917,13.236908

98838223530165,0.040359497,-4.1698456,13.308319

98838233875623,-0.25480652,-3.5414276,13.427338

98838244129530,-0.44047546,-3.1129608,13.674896

98838254139295,-0.5095062,-2.9058685,13.551117

98838264118543,-0.45237732,-2.9249115,13.394012

98838274128309,-0.2738495,-3.0724945,13.072662

98838283405653,-0.10484314,-3.2605438,12.710846

98838294208875,-0.01914978,-3.4557343,12.22525

98838304127088,-0.07865906,-3.498581,11.889618

98838314106336,-0.15007019,-3.3152924,11.51828

98838324116102,-0.36192322,-2.998703,11.511139

98838333362928,-0.47618103,-2.613083,11.680145

98838344196668,-0.559494,-2.222702,11.722992

98838354114881,-0.63804626,-1.8299408,11.684906

98838364094129,-0.5856781,-1.6252289,11.534943

98838374103895,-0.5023651,-1.4752655,11.292145

98838369343153,-0.2554016,-3.2188873,12.665741

98838383350721,-0.46903992,-1.4824066,10.966034

98838394184461,-0.43571472,-1.4943085,10.597076

98838404102674,-0.4857025,-1.484787,10.442352

98838414081922,-0.5999603,-1.3443451,10.375702

98838424091688,-0.63804626,-1.2134247,10.311432

98838433338514,-0.62376404,-1.0825043,10.273346

98838444141737,-0.6118622,-1.0277557,10.228119

98838454059950,-0.4880829,-1.151535,10.099579

98838464069715,-0.41429138,-1.2753143,10.211456

98838474079481,-0.2738495,-1.4038544,10.180511

98838483326307,-0.1905365,-1.5228729,10.023407

98838494160047,-0.15959167,-1.5895233,9.973419

98838504078260,-0.14292908,-1.5704803,9.968658

98838514057508,-0.16911316,-1.4681244,9.842499

98838524067274,-0.23338318,-1.2110443,9.887726

98838533314100,-0.23814392,-1.0325165,9.954376

98838544117323,-0.2809906,-0.8587494,10.087677

98838554066053,-0.2881317,-0.8420868,10.218597

98838564045301,-0.16197205,-0.82780457,10.194794

98838574055067,-0.052474976,-0.8992157,10.068634

98838569294325,-0.34788513,-1.2391357,10.195267

98838583301893,-0.045333862,-0.9253998,10.030548

98838594135633,-0.04057312,-0.96110535,10.059113

98838604023329,-0.13102722,-0.94444275,10.04483

98838614094129,-0.22862244,-0.93730164,9.9496155

98838624042860,-0.2809906,-0.97062683,9.918671

98838633289686,-0.34526062,-0.97062683,9.863922

98838644031873,-0.30003357,-0.95396423,9.959137

98838654011122,-0.2881317,-0.9920502,9.956757

98838664020887,-0.27861023,-0.90159607,9.9305725

98838674030653,-0.31193542,-0.8063812,9.935333

98838683277479,-0.32859802,-0.7849579,9.9758

98838693989149,-0.41667175,-0.77067566,9.932953

98838703968397,-0.4047699,-0.8920746,9.85202

98838714008680,-0.37382507,-0.98490906,9.387848

98838723987928,-0.6832733,-1.3038788,9.802032

98838733234754,-0.64756775,-1.4086151,9.223602

98838743885389,-0.64756775,-1.125351,9.747284

98838753742567,-0.57377625,-1.0444183,9.644928

98838763996473,-0.5261688,-1.1920013,9.575897

98838774006239,-0.40953064,-1.2634125,9.502106

98838769245497,-0.3631134,-1.0066833,9.8146515

98838783375135,-0.24290466,-1.3157806,9.583038

98838793995252,-0.12150574,-1.2134247,9.737762

98838803974500,0.04273987,-1.2396088,9.899628

98838813984266,0.31410217,-0.9325409,10.04007

98838824024549,0.25935364,-1.0753632,10.282867

