98810157133354,0.04273987,-0.22795105,10.023407

98810164945854,-0.092941284,0.14576721,10.199554

98810180570854,0.033218384,-0.39457703,10.275726

98810188383354,-0.035812378,-0.39457703,9.91391

98810196195854,0.021316528,-0.60643005,9.823456

98810206053031,-0.07627869,-0.6921234,9.78775

98810230497611,-0.21195984,-0.5516815,9.84964

98810240476859,-0.19291687,-0.4469452,9.706818

98810255491508,-0.16911316,-0.3874359,9.880585

98810266508354,-0.23576355,-0.40885925,9.909149

98810275480521,-0.28337097,-0.3874359,9.78537

98810296293510,-0.3047943,-0.42790222,9.794891

98810305570854,-0.2976532,-0.45646667,9.761566

98810315489066,-0.3214569,-0.44932556,9.663971

98810325620902,-0.42619324,-0.46836853,9.666351

98810335508598,-0.46665955,-0.4802704,9.65921

98810346037162,-0.40000916,-0.5350189,9.713959

98810356230033,-0.33573914,-0.58976746,9.65921

98810366239799,-0.30241394,-0.6754608,9.725861

98810376249564,-0.30717468,-0.7325897,9.832977

98810385465873,-0.264328,-0.66593933,9.821075

98810396238578,-0.19529724,-0.6992645,9.942474

98810406248344,-0.10722351,-0.63261414,9.906769

98810416227592,-0.16435242,-0.53263855,9.837738

98810426237357,-0.28337097,-0.40647888,9.935333

98810435484184,-0.40953064,-0.38505554,9.966278

98810446195854,-0.44999695,-0.330307,9.923431

98810456205619,-0.43095398,-0.37077332,9.825836

98810466215385,-0.3214569,-0.50645447,9.735382

98810461454643,-0.3153839,-0.50704956,9.803345

98810476255668,-0.23100281,-0.54216003,9.749664

98810485471977,-0.19767761,-0.5683441,9.671112

98810500486625,-0.18815613,-0.5016937,9.756805

98810511289848,-0.18339539,-0.40647888,9.740143

98810521208061,-0.1738739,-0.40171814,9.947235

98810530607475,-0.14292908,-0.43504333,10.061493

98810541197074,-0.0834198,-0.4469452,10.192413

98810551206840,-0.11198425,-0.44932556,10.339996

98810561186088,-0.18577576,-0.44932556,10.520905

98810571165336,-0.2571869,-0.41123962,10.480438

98810580564750,-0.34526062,-0.4040985,10.501862

98810591184867,-0.37620544,-0.47312927,10.678009

98810601164115,-0.33573914,-0.59690857,10.935089

98810611173881,-0.2476654,-0.7849579,11.061249

98810621183646,-0.2476654,-0.81114197,11.251678

98810630552543,-0.2809906,-0.91825867,11.677765

98810641172660,-0.20481873,-0.9825287,12.1586

98810651182426,-0.20481873,-1.0658417,12.73465

98810661161674,-0.21910095,-0.95158386,13.234528

98810671171439,-0.1738739,-0.9253998,13.703461

98810666410697,-0.21957397,-0.62631226,10.919861

98810680540336,-0.0024871826,-1.1158295,14.129547

98810691343559,0.2545929,-1.4776459,14.891266

98810701170219,0.53785706,-1.6228485,15.612518

98810711149467,0.6663971,-1.613327,16.229034

98810721159232,0.7830353,-1.715683,16.862213

98810730528129,0.8211212,-1.9227753,17.309723

98810741209281,0.85206604,-2.4178925,17.80484

98810751127494,1.0496368,-2.7820892,17.961945

98810761106742,1.2543488,-2.8939667,17.828644

98810771147025,1.287674,-3.1153412,17.440643

98810780515922,1.2638702,-3.0463104,17.216888

98810791013969,1.1353302,-3.0986786,16.959808

98810801115287,1.082962,-3.101059,16.614655

98810811094535,0.90919495,-3.024887,16.098114

98810821134818,0.8044586,-3.1343842,15.526825

98810831144584,0.61402893,-3.0867767,14.7413025

98810840391410,0.51405334,-2.9130096,13.998627

98810851255668,0.47358704,-2.748764,13.444

98810861082328,0.34742737,-2.3393402,12.791779

98810871092094,0.11891174,-1.8275604,11.820587

98810866331352,0.7384033,-2.4499054,15.764145

98810881132377,-0.29051208,-1.5014496,11.061249

98810890379203,-0.65708923,-1.356247,10.304291

98810901090873,-1.0450897,-1.2396088,9.480682

98810911070121,-1.2426605,-1.0301361,8.828461

98810921079887,-1.1260223,-0.93730164,8.104828

98810930448783,-0.9403534,-0.66593933,7.4811707

98810940336479,-0.8498993,-0.4707489,6.817047

98810951139701,-0.91178894,-0.3469696,6.1195984

98810961088432,-1.3473969,0.064834595,5.281708

98810971067680,-1.7734833,0.51472473,4.5794983

98810981107963,-2.047226,0.9550934,3.8058777

98810990324271,-2.2281342,1.4668732,3.0917664

98811001127494,-2.2638397,1.9667511,2.5799866

98811011076225,-2.0591278,2.2238312,2.120575

98811021055473,-1.842514,2.34523,1.3517151

98811031004203,-1.7425385,2.4761505,0.5447693

98811040312064,-1.8115692,2.7403717,-0.22885132

98811051145805,-1.8520355,2.9903107,-0.6573181

98811061064018,-1.8448944,3.4449615,-1.1595764

98811071073783,-1.9615326,4.049576,-1.9760437

98811066313041,-1.4918823,0.8845215,4.3765717

98811080991996,-2.1519623,4.8612823,-3.0376892

98811090330375,-2.5113983,5.7467804,-4.106476

98811101042045,-2.9731903,6.3751984,-4.4897156

98811111051811,-3.4421234,6.3894806,-4.3992615

98811121061576,-3.5587616,6.970291,-5.453766

98811131071342,-3.6849213,7.5296783,-6.0298157

98811140318168,-3.8229828,7.6082306,-5.979828

98811151060355,-3.8158417,7.6391754,-6.3678284

98811161070121,-3.765854,8.020035,-7.174774

98811171049369,-3.9158173,8.305679,-7.538971

98811181059135,-4.1681366,8.341385,-7.2866516

98811190305961,-4.349045,8.236649,-6.967682

98811201048148,-4.479965,8.139053,-6.7915344

98811211057914,-4.5061493,7.8819733,-6.558258

98811221067680,-4.541855,7.501114,-6.167877

98811231046928,-4.515671,7.2154694,-5.8489075

98811240293754,-4.594223,6.967911,-5.422821

98811251035941,-4.670395,6.803665,-4.9705505

98811261045707,-4.810837,6.6917877,-4.5349426

98811271024955,-4.9322357,6.5299225,-3.935089

98811266264213,-3.9605713,7.187744,-5.653122

98811281034721,-4.977463,6.3513947,-3.2257385

98811290281547,-4.875107,6.0181427,-2.5544739

98811301054252,-4.760849,5.630142,-1.9070129

98811311033500,-4.499008,5.1635895,-1.3452454

98811320829643,-4.4561615,4.5875397,-0.964386

98811330808891,-4.6180267,4.0733795,-0.7739563

98811340421928,-4.941757,3.5544586,-0.35025024

98811351042045,-5.4321136,3.3473663,0.43527222

98811361021293,-5.734421,3.2569122,1.5921326

98811371000541,-5.613022,3.0331573,3.0870056

98811381010307,-5.1488495,2.671341,4.5794983

98811390409721,-4.3799896,2.21669,5.7363586

98811401090873,-3.644455,1.6382599,6.264801

98811411009086,-3.1517181,1.036026,6.150543

98811420988334,-3.2873993,0.69563293,5.3959656

98811430998100,-4.0467377,0.2528839,4.750885

98811440397514,-5.0512543,-0.05656433,4.769928

98811451017631,-5.677292,-0.21842957,5.9981995

98811461057914,-5.6415863,-0.3731537,7.302643

98811470915092,-4.8917694,-1.0539398,8.171478

98811466154350,-4.741455,2.5912476,2.6556854

98811481016410,-3.7872772,-1.8656464,8.959381

98811490385307,-2.6970673,-2.3417206,9.195038

98811501005424,-2.0448456,-2.3393402,9.318817

98811511015189,-1.8710785,-2.4012299,9.599701

98811520994437,-2.3447723,-1.9965668,10.285248

98811531004203,-2.8089447,-1.4276581,10.920807

98811540373100,-2.8970184,-0.9634857,11.52066

98811550993217,-2.463791,-0.8063812,12.460907

98811560972465,-1.6758881,-1.1467743,13.175018

98811570982230,-0.82133484,-1.4443207,13.879608

98811580991996,-0.25480652,-1.7371063,14.305695

98811590360893,-0.052474976,-1.8965912,14.391388

98811601011527,-0.23576355,-1.7037811,14.605621

98811610990775,-0.50712585,-1.1586761,14.605621

98811620970023,-0.6927948,-0.65641785,14.743683

98811630949271,-0.6118622,-0.29222107,15.314972

98811640348686,-0.16673279,-0.2969818,15.807709

98811650968803,0.24269104,-0.61595154,15.783905

98811660978568,0.4426422,-1.1229706,15.386383

98811670957816,0.32600403,-1.50383,14.8888855

98811666197074,-1.246109,-1.3858795,12.9574585

98811680937064,-0.012008667,-1.6537933,14.319977

98811690336479,-0.41905212,-1.7133026,13.803436

98811700987113,-0.6927948,-1.6633148,13.277374

98811710935844,-0.82847595,-1.63237,12.817963

98811720945609,-0.7594452,-1.6847382,12.589447

98811730955375,-0.63804626,-1.8727875,12.191925

98811740324271,-0.5214081,-2.075119,11.896759

98811750944389,-0.47618103,-2.151291,11.608734

98811760923637,-0.4785614,-2.215561,11.39212

98811770933402,-0.52378845,-2.2536469,11.163605

98811780943168,-0.6523285,-2.2108002,11.00412

98811790312064,-0.6927948,-2.113205,10.839874

98811800962699,-0.6285248,-1.9132538,10.637543

98811810911430,-0.55711365,-1.7323456,10.606598

98811820921195,-0.41667175,-1.6395111,10.542328

98811830930961,-0.347641,-1.6204681,10.670868

98811840299857,-0.31669617,-1.6799774,10.697052

98811850950492,-0.29527283,-1.7728119,10.666107

98811860899223,-0.31907654,-1.76091,10.437592

98811870939506,-0.30717468,-1.7704315,10.29953

98811866178764,-0.49415588,-1.8564758,11.573151

98811880918754,-0.28337097,-1.7061615,10.23764

98811890318168,-0.22148132,-1.6418915,10.406647

98811900938285,-0.23576355,-1.6466522,10.459015

98811910917533,-0.14530945,-1.7513885,10.313812

98811920896781,-0.10246277,-1.7299652,10.213837

98811930906547,-0.095321655,-1.8061371,10.201935

98811940305961,-0.1738739,-1.8942108,10.304291

98811950926078,-0.2476654,-1.908493,10.4756775

98811960905326,-0.27861023,-2.0632172,10.737518

98811970915092,-0.28337097,-2.2441254,10.885101

98811980894340,-0.1905365,-2.5059662,11.32309

98811990263236,-0.119125366,-2.7059174,11.770599

98812000913871,-0.054855347,-2.7201996,12.0729065

98812011045707,-0.021530151,-2.639267,12.370453

98812021055473,-0.021530151,-2.4369354,12.706085

98812031034721,-0.09056091,-2.1988983,13.24881

98812040251029,-0.10722351,-2.0798798,13.772491

98812051054252,-0.17149353,-2.1274872,14.181915

98812061064018,-0.18815613,-2.4250336,14.562775

98812071104301,-0.06913757,-2.710678,14.865082

98812066343559,-0.15507507,-2.1471252,11.755478

98812081022514,0.11177063,-2.9368134,15.041229

98812090269340,0.34028625,-3.0843964,15.145966

98812101255668,0.4355011,-3.0677338,15.084076

98812111051811,0.4188385,-2.8677826,15.372101

98812121031059,0.33790588,-2.6821136,15.838654

98812131040824,0.2212677,-2.5916595,16.255219

98812140257133,0.121292114,-2.5035858,16.1362

98812150694145,0.12605286,-2.59404,15.924347

98812161039604,0.26887512,-2.6797333,15.553009

98812171018852,0.30696106,-2.85112,15.269745

98812181028617,0.26411438,-2.9320526,14.91983

98812190916312,0.18556213,-3.139145,14.629425

98812201017631,0.1879425,-3.3248138,14.272369

98812210874809,0.26649475,-3.3819427,13.577301

98812220854057,0.25935364,-3.3724213,13.0607605

98812230863822,0.099868774,-3.1581879,12.772736

98812240873588,-0.071517944,-2.7582855,12.141937

98812250120414,-0.4214325,-2.4202728,11.577789

98812260923637,-0.8427582,-2.203659,11.058868

98812270841850,-1.2117157,-1.965622,10.587555

98812266081107,0.070236206,-2.8257751,14.210953

98812280851615,-1.3259735,-1.7585297,10.099579

98812290220512,-1.2569427,-1.5633392,9.790131

98812300077689,-1.0260468,-1.6633148,9.316437

98812310911430,-0.8308563,-1.5347748,8.295258

98812320677055,-0.8308563,-1.2967377,7.3907166

98812330564750,-0.92845154,-1.0920258,6.564728

98812340666068,-1.206955,-0.5516815,5.7363586

98812350065482,-1.5616302,0.11482239,5.1579285

98812360899223,-1.9282074,0.76704407,4.7104187

98812370786918,-2.1852875,1.4502106,4.486664

98812380827201,-2.2805023,2.0119781,4.2843323

98812390867484,-2.0900726,2.292862,3.577362

98812400053275,-1.8496552,2.2238312,2.396698

98812410887016,-1.7496796,2.0072174,1.4136047

98812420774711,-1.733017,1.89534,0.6114197

98812430784477,-1.906784,2.0286407,-0.2550354

98812440794242,-2.1257782,2.4904327,-0.9739075

98812450041068,-2.387619,3.2259674,-1.3642883

98812460844291,-2.535202,4.147171,-1.8617859

98812470762504,-2.637558,5.2611847,-2.4378357

98812466001762,-1.7188568,1.0228119,3.846939

98812480772270,-2.8660736,6.237137,-2.8686829

98812490782035,-3.1993256,7.167862,-3.2424011

98812500028861,-3.5825653,7.9272003,-3.3066711

98812510862602,-3.7753754,8.093826,-3.6684875

98812520780814,-3.830124,8.208084,-4.344513

98812530760062,-3.9943695,8.529434,-5.1109924

98812540708793,-4.1348114,8.891251,-5.6061096

98812550016654,-4.332382,9.245926,-5.7465515

98812560850395,-4.453781,9.550613,-5.853668

98812570768607,-4.5537567,9.838638,-6.020294

98812580778373,-4.4871063,9.774368,-5.922699

98812590757621,-4.4061737,9.419693,-5.5227966

98812600004447,-4.2823944,9.176895,-5.35141

98812610838187,-4.246689,8.955521,-5.3038025

98812620756400,-4.375229,8.610367,-5.077667

98812630766166,-4.57518,8.24617,-5.0038757

98812640775932,-4.7013397,7.836746,-4.8039246

98812649992240,-4.7441864,7.47493,-4.363556

98812660825980,-4.646591,6.9583893,-3.9184265

98812670744193,-4.453781,6.4085236,-3.3923645

98812665983451,-4.182068,8.327576,-4.721451

98812680784477,-4.3204803,5.930069,-3.0019836

98812690733207,-4.3204803,5.5158844,-2.4544983

98812700132621,-4.4633026,5.032669,-2.0307922

98812710752738,-4.606125,4.677994,-1.6285095

98812720731986,-4.7846527,4.313797,-1.361908

98812730741752,-4.875107,4.14003,-0.8905945

98812740721000,-4.741806,4.0781403,0.190094

98812750120414,-4.4061737,3.9686432,1.306488

98812760740531,-4.1086273,3.7091827,2.1824646

98812770719779,-3.863449,3.2545319,2.4895325

98812780729545,-3.977707,2.7951202,2.6133118

98812790708793,-4.3776093,2.4261627,2.6323547

98812800108207,-4.729904,2.042923,2.9822693

98812810728324,-4.8417816,1.6239777,3.724945

98812820707572,-4.6227875,1.3050079,5.057953

98812830717338,-3.927719,0.8813019,6.360016

98812840727104,-3.0779266,-0.020858765,7.116974

98812850096000,-2.3709564,-0.75639343,7.3835754

98812860716117,-2.1424408,-1.3895721,7.3788147

98812870695365,-2.2305145,-1.7513885,7.28598

98812865934623,-4.0394745,2.5888672,2.3668213

98812880705131,-2.4376068,-2.0536957,7.457367

98812890684379,-2.4209442,-2.234604,8.766571

98812900083793,-1.990097,-2.4202728,10.570892

98812910703910,-1.0617523,-2.6940155,11.984833

98812920683158,-0.1334076,-3.0010834,12.365692

98812930692924,0.3783722,-3.2343597,12.125275

98812940702689,0.41645813,-3.2819672,11.9062805

98812950071586,0.09510803,-3.127243,12.080048

98812960691703,-0.21434021,-2.582138,13.548737

98812970701469,-0.047714233,-2.2536469,14.784149

98812980680717,0.42121887,-2.2584076,15.295929

98812990659965,0.88539124,-2.3107758,15.245941

98813000059379,1.1519928,-2.1941376,14.655609

98813010679496,1.1638947,-2.0275116,14.579437

98813020658744,1.0401154,-1.8370819,14.59848

98813030637992,0.787796,-1.7014008,14.586578

98813040647758,0.5854645,-1.651413,14.800812

98813050047172,0.54737854,-1.6918793,14.948395

98813060667289,0.75923157,-1.7656708,14.605621

98813070646537,0.9139557,-1.8370819,14.158112

98813065885795,0.042022705,-2.3079224,13.153244

98813080656303,0.91871643,-1.8132782,13.667755

98813090666068,0.89253235,-1.7442474,13.493988

98813100034965,0.64497375,-1.651413,13.448761

98813110655082,0.44740295,-1.5228729,13.3559265

98813120634330,0.31886292,-1.4586029,13.177399

98813130644096,0.30220032,-1.3752899,12.922699

98813140623344,0.39027405,-1.3300629,12.5156555

98813149992240,0.44502258,-1.3300629,12.163361

98813160642875,0.40693665,-1.3657684,12.09671

98813170622123,0.34266663,-1.4728851,12.034821

98813180631889,0.2212677,-1.4800262,12.03244

98813190611137,0.09272766,-1.5014496,11.946747

98813199980033,0.07368469,-1.4681244,11.744415

98813210630668,0.123672485,-1.4776459,11.523041

98813220640434,0.18556213,-1.50383,11.420685

98813230619682,0.19746399,-1.4966888,11.201691

98813240598930,0.22364807,-1.5538177,10.932709

98813249967826,0.18556213,-1.6656952,10.768463

98813260618461,0.021316528,-1.613327,10.6232605

98813270597709,-0.10722351,-1.6442719,10.704193

98813265836967,0.31636047,-1.523468,12.08873

98813280607475,-0.18339539,-1.7204437,10.711334

98813290647758,-0.21195984,-1.8275604,10.930328

98813299986137,-0.114364624,-1.908493,10.958893

98813310606254,0.07368469,-2.0727386,11.008881

98813320616020,0.15223694,-2.1465302,11.111237

98813330564750,0.15461731,-2.1893768,11.361176

98813341062797,0.16175842,-2.215561,11.701569

98813349973930,0.080825806,-2.196518,11.977692

98813360594047,0.09510803,-2.2084198,12.291901

98813370542777,0.078445435,-2.260788,12.722748

98813380583061,0.09272766,-2.2774506,13.241669

98813390562309,0.1474762,-2.306015,13.593964

98813399961723,0.24031067,-2.3369598,13.779633

98813410581840,0.3783722,-2.3036346,14.096222

98813420591605,0.4854889,-2.158432,14.569916

98813430540336,0.6021271,-2.0608368,15.093597

98813440550102,0.66877747,-1.9608612,15.517303

98813449949516,0.7544708,-2.0846405,15.469696

98813460508598,0.7401886,-2.3560028,15.388763

98813470518363,0.5926056,-2.479782,15.272125

98813465757621,0.2494812,-2.1535492,13.039932

98813480528129,0.42359924,-2.5416718,15.541107

98813490537895,0.31410217,-2.574997,15.762482

98813499906791,0.18318176,-2.8082733,15.612518

98813510496391,0.26649475,-2.960617,15.438751

98813520536674,0.3283844,-2.9463348,15.069794

98813530515922,0.37361145,-2.8368378,14.819855

98813540495170,0.26887512,-2.6035614,14.53421

98813549925102,0.1641388,-2.574997,14.229523

98813560392631,-0.09056091,-2.5678558,13.712982

98813570524467,-0.18339539,-2.536911,13.117889

98813580534232,-0.23576355,-2.3560028,12.660858

98813590513480,-0.26194763,-2.306015,12.227631

98813600523246,-0.3047943,-2.3798065,11.587311

98813609770072,-0.5713959,-2.3560028,10.835114

98813620603812,-0.90940857,-2.2893524,10.025787

98813630491508,-1.2498016,-2.1417694,9.302155

98813640501273,-1.566391,-1.844223,8.899872

98813650511039,-1.6830292,-1.4609833,8.559479

98813659727348,-1.6616058,-0.91111755,7.983429

98813670561088,-1.566391,-0.49217224,7.4549866

98813665800346,-0.3981018,-2.274475,12.36879

98813680479301,-1.483078,-0.1993866,6.726593

98813690458549,-1.5759125,0.088638306,5.6649475

98813700346244,-1.8234711,0.32429504,4.686615

98813709715141,-2.2876434,0.7241974,4.0605774

98813720579398,-2.6327972,1.138382,4.0558167

98813730436576,-2.766098,1.562088,4.0105896

98813740446342,-2.6161346,1.8858185,3.7915955

98813750730766,-2.2995453,2.016739,3.1631775

98813759702934,-1.9520111,2.0833893,2.2276917

98813770506156,-1.8115692,2.2881012,1.492157

98813780454887,-1.9329681,2.7403717,0.7637634

98813790434135,-2.3114471,3.3545074,0.20199585

98813800443900,-2.7161102,3.9972076,-0.22647095

98813809690727,-3.042221,4.6256256,-0.6192322

98813820585502,-3.182663,5.3183136,-1.1167297

98813830412162,-3.1993256,5.732498,-1.6070862

98813840391410,-3.2064667,6.103836,-2.0879211

98813850431693,-3.2231293,6.572769,-2.6568298

98813859678520,-3.3802338,7.2035675,-3.0138855

98813870481742,-3.6301727,7.8510284,-3.587555

98813865721000,-2.55365,3.2705994,1.2964935

98813880399955,-3.9967499,8.367569,-4.1040955

98813890379203,-4.4037933,8.691299,-4.7444153

98813900388969,-4.817978,8.448502,-5.037201

98813909635795,-4.946518,8.219986,-5.4966125

98813920469535,-4.7822723,7.879593,-5.936981

98813930357230,-4.484726,7.4273224,-6.172638

98813940397514,-4.268112,7.0869293,-5.9655457

98813950407279,-4.0634003,7.0750275,-5.653717

98813959654105,-4.137192,7.7034454,-5.7203674

98813970396293,-4.5727997,8.258072,-5.556122

98813980375541,-5.1678925,8.850784,-5.344269

98813990385307,-5.6891937,9.322098,-4.934845

98814000395072,-5.8677216,9.395889,-4.294525

98814009641898,-5.6749115,8.8841095,-3.678009

98814020414604,-5.27977,8.11525,-3.575653

98814030363334,-4.877487,7.1345367,-3.3042908

98814040373100,-4.6299286,6.072891,-2.6139832

98814050352348,-4.5275726,5.3563995,-1.9093933

98814059843314,-4.408554,4.97316,-1.2381287

98814070371879,-4.2324066,4.787491,-0.57162476

98814065611137,-4.741455,7.602524,-4.292618

98814080351127,-4.099106,4.475662,0.13534546

98814090360893,-3.9062958,4.178116,0.6495056

98814100370658,-3.8348846,3.871048,1.0517883

98814109739555,-3.9681854,3.7020416,1.5730896

98814120420707,-4.2324066,3.2640533,1.9468079

98814130338920,-4.465683,2.85701,2.313385

98814140348686,-4.63945,2.761795,3.1846008

98814150327934,-4.5275726,2.5547028,4.6628113

98814159727348,-3.9896088,2.0976715,5.9029846

98814170347465,-3.1660004,1.5501862,6.712311

98814180326713,-2.3019257,0.7956085,7.021759

98814190336479,-1.778244,0.017227173,6.8265686

98814200315727,-1.7901459,-0.41838074,6.3504944

98814209715141,-2.4614105,-0.40171814,6.083893

98814220335258,-3.3873749,-0.14463806,7.2669373

98814230314506,-3.9515228,-0.10179138,9.185516

98814240293754,-3.7563324,-0.38981628,10.285248

98814250273002,-2.9089203,-0.91825867,11.013641

98814259702934,-1.7211151,-1.5347748,11.123138

98814270292533,-0.9070282,-1.8132782,10.647064

98814265531791,-3.2896576,1.3201294,5.6968384

98814280271781,-0.6666107,-1.9441986,10.459015

98814290251029,-1.0427094,-1.5633392,10.808929

98814300291312,-1.5806732,-0.76353455,12.163361

98814309690727,-1.7044525,-0.36125183,13.548737

98814320280326,-1.5140228,-0.5850067,14.027191

98814330259574,-1.1069794,-1.0301361,13.741547

98814340055717,-0.642807,-1.5966644,13.229767

98814350309623,-0.31193542,-2.0013275,12.9131775

98814359678520,-0.31193542,-2.1417694,12.760834

98814370298637,-0.578537,-2.120346,12.879852

98814380277885,-0.84513855,-1.9799042,13.153595

98814390257133,-0.9070282,-1.6942596,13.724884

98814400266898,-0.6523285,-1.6823578,13.841522

98814409635795,-0.34288025,-1.7870941,13.977203

98814420255912,-0.026290894,-1.9989471,13.793915

98814430235160,0.1641388,-2.1893768,13.401154

98814440244926,0.1474762,-2.1036835,13.160736

98814450224174,0.0046539307,-2.037033,13.108368

98814459623588,-0.26670837,-1.8156586,13.155975

98814470243705,-0.48094177,-1.6704559,13.317841

98814465482963,-0.6332855,-1.6533203,13.05838

98814480253471,-0.6666107,-1.587143,13.3559265

98814490232719,-0.5261688,-1.6395111,13.322601

98814500211967,-0.21672058,-1.7513885,13.086945

98814509672416,0.021316528,-1.8894501,12.713226

98814520262016,0.11891174,-2.0132294,12.375214

98814530363334,0.011795044,-2.1274872,12.153839

98814540373100,-0.14530945,-2.2536469,12.025299

98814550352348,-0.32621765,-2.415512,11.808685

98814559568656,-0.46903992,-2.453598,11.668243

98814570341361,-0.43333435,-2.3940887,11.461151

98814580351127,-0.29527283,-2.286972,11.45401

98814590330375,-0.15483093,-2.0965424,11.523041

98814600340141,-0.10484314,-1.8013763,11.3802185

98814609525932,-0.092941284,-1.6847382,11.318329

98814620329154,-0.14530945,-1.6157074,11.177887

98814630308402,-0.23100281,-1.6085663,10.966034

98814640318168,-0.29289246,-1.6418915,10.880341

98814650297416,-0.34526062,-1.7966156,10.756561

98814659513725,-0.2976532,-1.8918304,10.644684

98814670286430,-0.29051208,-2.0394135,10.62088

98814665525687,-0.24409485,-1.9494324,11.73465

98814680265678,-0.13816833,-2.1608124,10.611359

98814690275443,-0.08818054,-2.2441254,10.563751

98814700285209,-0.13102722,-2.3345795,10.663727

98814709471000,-0.12388611,-2.2917328,10.789886

98814720152152,-0.16197205,-2.2917328,11.00412

98814730100883,-0.114364624,-2.3298187,11.2612

98814740110648,-0.04057312,-2.3869476,11.477814

98814750089896,0.014175415,-2.4012299,11.818207

98814759458793,0.06416321,-2.4250336,11.920563

98814770109428,0.021316528,-2.4059906,12.28952

98814780088676,-0.021530151,-2.4845428,12.760834

98814790067924,-0.095321655,-2.4893036,13.077423

98814800077689,-0.007247925,-2.4964447,13.384491

98814809446586,0.054641724,-2.4678802,13.82486

98814820097221,0.24745178,-2.4774017,14.59848

98814830045951,0.21650696,-2.4512177,15.11264

98814840055717,0.19984436,-2.3345795,15.476837

98814850034965,0.15223694,-2.2917328,15.672028

98814859403861,0.037979126,-2.1988983,15.741058

98814869932426,-0.09056091,-2.1465302,15.738678

98814865171684,-2.2888184E-4,-2.3555298,12.889374

98814880033744,-0.18339539,-2.0727386,15.691071

98814890012992,-0.24290466,-2.0655975,15.669647

98814900022758,-0.30003357,-2.1655731,15.481598

98814910063041,-0.4214325,-2.3202972,15.314972

98814920103324,-0.6332855,-2.4631195,14.950775

98814929991020,-0.9165497,-2.5892792,14.477081

98814940000785,-1.0141449,-2.665451,14.253326

98814950010551,-0.9236908,-2.6535492,14.139069

98814959989799,-0.6499481,-2.627365,13.884369

98814969236625,-0.34049988,-2.5488129,13.367828

98814980070365,-0.21672058,-2.453598,13.051239

98814989988578,-0.34526062,-2.627365,12.5466

98814999967826,-0.76420593,-2.6178436,11.830109

98815009977592,-1.2093353,-2.4321747,11.670624

98815019193900,-1.3331146,-2.2964935,11.354034

98815029936088,-1.2569427,-2.2274628,10.582794

98815039945854,-1.1664886,-2.3369598,9.704437

98815049955619,-1.1331635,-2.4702606,9.375946

98815059934867,-0.99272156,-2.4440765,8.852264

98815069181693,-1.0070038,-2.344101,8.083405

98815064420951,-0.7525482,-2.421112,12.714066

98815079923881,-1.1307831,-2.2536469,7.5621033

98815089933646,-1.2593231,-2.029892,6.655182

98815099912895,-1.2498016,-1.6585541,5.7792053

98815109922660,-1.3688202,-1.1134491,5.2341003

98815119230521,-1.3735809,-0.6421356,4.4604797

98815129972709,-1.4092865,-0.039901733,3.7201843

98815139921439,-1.5806732,0.4766388,3.467865

98815149900687,-1.6639862,0.952713,2.9322815

98815159879936,-1.7830048,1.4073639,2.3371887

98815169126762,-1.733017,1.6692047,1.7992249

98815179960502,-1.7258759,1.9334259,1.3160095

98815189878715,-1.668747,2.1881256,0.82803345

98815199857963,-1.7544403,2.6308746,0.47097778

98815209867729,-1.733017,3.204544,-0.31930542

98815219114555,-1.6520844,4.006729,-1.8094177

98815229948295,-1.6520844,5.23024,-3.382843

98815239866508,-1.8758392,6.687027,-4.185028

98815249845756,-2.220993,8.224747,-4.511139

98815259855521,-2.6589813,9.733902,-4.90152

98815269102348,-3.2826385,10.805069,-5.1943054

98815264341605,-1.7388458,2.5706482,1.1129608

98815279844535,-3.9324799,10.974075,-5.139557

98815289823783,-4.356186,10.452774,-5.1252747

98815299833549,-4.3847504,9.700577,-5.582306

98815309843314,-4.3419037,9.495865,-6.3368835

98815319059623,-4.3014374,9.474442,-6.6249084

98815329893363,-4.351425,9.476822,-6.244049

98815339811576,-4.4871063,9.562515,-5.660858

98815349577201,-4.541855,9.643448,-5.244293

98815359800590,-4.710861,9.541092,-5.0276794

98815369047416,-4.7656097,9.303055,-4.7586975

98815379789604,-4.856064,8.867447,-4.5206604

98815389799369,-4.8465424,8.334244,-4.1612244

98815399778617,-4.9060516,7.855789,-3.8565369

98815409788383,-4.882248,7.1845245,-3.3971252

98815419157279,-4.856064,6.694168,-2.9353333

98815429777396,-4.8013153,6.180008,-2.5568542

98815439756645,-4.5775604,5.730118,-2.2759705

98815449766410,-4.4442596,5.5087433,-2.0474548

98815459745658,-4.370468,5.3064117,-1.7284851

98815469145072,-4.434738,5.1897736,-1.195282

98815464384330,-4.5574493,8.223801,-4.220978

98815479765189,-4.7775116,4.980301,-0.6739807

98815489744437,-5.094101,4.723221,-0.18362427

98815499723686,-5.4249725,4.578018,0.13534546

98815509733451,-5.5392303,4.287613,0.69473267

98815519132865,-5.2155,3.9043732,1.3540955

98815529752982,-4.7441864,3.4640045,1.8563538

98815539701713,-4.1943207,3.11409,1.9848938

98815549741996,-3.8444061,2.8474884,1.9015808

98815559770725,-4.034836,2.7784576,2.0586853

98815569139621,-4.613266,2.8784332,3.044159

98815579759738,-4.9893646,2.723709,4.410492

98815589738986,-5.0322113,2.2904816,5.6006775

98815599779270,-4.4942474,1.7025299,6.3528748

98815609758518,-3.5397186,0.9122467,7.0122375

98815619127414,-2.6018524,0.07435608,7.490692

98815629778049,-1.9020233,-0.44218445,7.2836

98815639757297,-1.8377533,-0.68974304,6.9289246

98815649736545,-2.2519379,-0.9920502,6.824188

98815659746311,-2.8446503,-1.189621,7.483551

98815669115207,-3.2064667,-1.3395844,8.626129

98815664354465,-4.0091248,2.030304,4.0092773

98815679735324,-2.7756195,-1.7751923,10.29953

98815689745090,-1.6616058,-2.5654755,11.556366

98815699754856,-0.2881317,-3.5461884,11.577789

98815709734104,0.659256,-4.1246185,10.989838

98815719133518,0.7544708,-4.2007904,10.663727

98815729814670,0.19032288,-3.6937714,10.673248

98815739732883,-0.86180115,-3.1224823,11.19931

98815749742649,-1.7306366,-2.6083221,12.47757

98815759691379,-1.7877655,-2.5392914,14.008148

98815769121311,-0.79039,-3.120102,14.298553

98815779741428,0.3950348,-3.7913666,14.572296

98815789720676,1.3543243,-4.5745087,14.024811

98815799730442,1.7328033,-4.762558,13.662994

98815809709690,1.4423981,-4.3674164,13.574921

98815819109104,0.8139801,-3.5961761,13.939117

98815829729221,0.18080139,-2.8154144,14.586578

98815839708469,-0.05961609,-2.222702,15.255463

98815849718234,0.15699768,-1.9561005,15.345917

98815859697483,0.67829895,-2.0156097,15.007904

98815869066379,1.1091461,-2.1893768,14.441376

98815864305637,-0.024383545,-3.179367,13.107773

98815879717014,1.2614899,-2.4559784,13.998627

98815889696262,1.1448517,-2.517868,13.63205

98815899675510,0.75209045,-2.351242,13.491608

98815909685275,0.3212433,-2.0536957,13.341644

98815919054172,0.016555786,-1.7775726,13.2916565

98815929704807,-0.06199646,-1.6038055,13.205963

98815939684055,0.16175842,-1.5466766,12.965546

98815949693820,0.48072815,-1.5800018,12.694183

98815959673068,0.7401886,-1.4895477,12.065765

98815969041965,0.871109,-1.5442963,12.046722

98815979662082,0.8473053,-1.1372528,13.146454

98815989671848,0.82588196,-1.0444183,12.770355

98815999651096,0.511673,-1.3443451,12.144318

98816009660861,0.009414673,-1.818039,11.077911

98816019029758,-0.38572693,-2.0536957,10.280487

98816029649875,-0.46427917,-2.0227509,10.073395

98816039659641,-0.25004578,-1.6728363,10.130524

98816049638889,0.15699768,-1.382431,10.356659

98816059648654,0.4188385,-1.1562958,10.311432

98816069017551,0.52119446,-1.1539154,10.549469

98816064256809,0.39396667,-1.6853333,12.078735

98816079637668,0.4259796,-1.1324921,10.654205

98816089616916,0.261734,-1.2372284,10.742279

98816099596164,0.11177063,-1.4705048,10.825592

98816109605930,0.09510803,-1.5561981,10.920807

98816119005344,0.2545929,-1.7061615,11.182648

98816129808567,0.3355255,-1.677597,11.477814

98816139604709,0.345047,-1.7037811,11.811066

98816149614475,0.31648254,-1.6823578,12.251434

98816159593723,0.27601624,-1.8275604,12.520416

98816168993137,0.34266663,-1.8965912,12.725128

98816179399631,0.41645813,-1.9822845,13.084564

98816189592502,0.58070374,-2.0322723,13.405914

98816199571750,0.6497345,-2.158432,13.908173

98816209581516,0.77589417,-2.2703094,14.527069

98816218980930,0.9306183,-2.2750702,14.508026

98816229326389,0.9806061,-2.2084198,14.391388

98816239580295,0.80921936,-2.075119,14.584198

98816249559543,0.5521393,-1.9513397,14.931732

98816259569309,0.345047,-1.8275604,15.30545

98816269579074,0.31886292,-1.7513885,15.469696

98816264818332,0.45620728,-1.8211365,12.96138

98816279802463,0.49501038,-1.6847382,15.679169

98816289537570,0.7473297,-1.587143,15.602997

98816299577854,0.7806549,-1.5395355,15.526825

98816309557102,0.5283356,-1.6038055,15.49588

98816318925998,0.04273987,-1.5966644,15.155487

98816328813693,-0.43333435,-1.5466766,14.857941

98816339677951,-0.81895447,-1.5514374,14.667511

98816349321506,-1.0546112,-1.530014,14.33902

98816359514377,-1.0546112,-1.3538666,13.870087

98816368913791,-0.8475189,-1.2705536,13.258331

98816378770969,-0.44047546,-1.1967621,12.629913

98816389604709,-0.24290466,-1.0134735,11.882477

98816399522922,-0.36668396,-0.939682,11.277863

98816409532688,-0.6951752,-0.939682,10.699432

98816419786594,-1.0974579,-0.939682,9.91153

98816428758762,-1.316452,-1.0277557,9.387848

98816439561984,-1.3378754,-0.939682,8.773712

98816449510715,-1.1212616,-0.85398865,8.202423

98816459489963,-0.85466003,-0.60643005,7.5621033

98816469408176,-0.67375183,-0.29460144,6.798004

98816464647434,-0.4880829,-1.2008057,12.278931

98816478746555,-0.6761322,-0.066085815,6.0696106

98816489580295,-0.94273376,0.26002502,5.4792786

98816499467990,-1.3426361,0.70991516,4.9222717

98816509477756,-1.8044281,1.2002716,4.5675964

98816519487522,-2.1852875,1.4930573,4.300995

98816528734348,-2.3209686,1.7763214,3.9510803

98816539446018,-2.0972137,1.9524689,3.1393738

98816549516818,-1.6973114,2.08815,2.4443054

98816559496067,-1.5544891,2.133377,1.5921326

98816569475315,-1.6616058,2.2666779,0.9327698

98816578722141,-2.0567474,2.549942,0.55667114

98816589464328,-2.4923553,3.0212555,0.5257263

98816599474094,-2.6899261,3.5663605,0.28530884

98816609483859,-2.644699,4.2400055,-0.1645813

98816619463108,-2.4923553,4.851761,-0.8715515

98816628709934,-2.3447723,5.5373077,-1.7641907

98816639574192,-2.3447723,6.360916,-2.6568298

98816649492404,-2.758957,7.1202545,-3.197174

98816659471652,-3.3207245,7.9152985,-3.8041687

98816669450900,-4.0467377,8.641312,-4.273102

98816664690158,-2.1737366,3.3809357,1.1017761

98816678697727,-4.708481,8.976944,-4.3088074

98816689470432,-5.044113,8.910294,-4.101715

98816699449680,-4.8917694,8.698441,-4.344513

98816709428928,-4.4109344,8.417557,-4.953888

98816719438693,-4.1990814,8.296158,-5.6322937

98816728685520,-4.330002,8.498489,-6.1107483

98816739549777,-4.984604,8.881729,-6.3702087

98816749437473,-5.741562,9.203079,-6.1940613

98816759416721,-6.2961884,9.119766,-5.7655945

98816769426486,-6.453293,8.803177,-5.1943054

98816778825900,-6.1628876,8.367569,-4.6420593

98816789446018,-5.5082855,7.9652863,-4.125519

98816799425266,-4.972702,7.598709,-3.7446594

98816809404514,-4.587082,7.398758,-3.3233337

98816819414279,-4.3538055,7.117874,-2.9353333

98816828783176,-4.3157196,6.782242,-2.5973206

98816839433811,-4.6108856,6.508499,-1.9450989

98816849413059,-4.991745,6.039566,-1.047699

98816859392307,-5.301193,5.5087433,-0.355011

98816869402072,-5.5416107,4.999344,0.21627808

98816864641330,-5.0702972,7.804611,-3.8737946

98816878770969,-5.6368256,4.3994904,0.6495056

98816889391086,-5.6106415,3.8401031,1.0137024

98816899400852,-5.6058807,3.2545319,1.1374817

98816909380100,-5.7725067,2.818924,1.1112976

98816919389865,-6.1057587,2.5642242,1.2517395

98816928758762,-6.4247284,2.459488,1.6302185

98816939409397,-6.5080414,2.3523712,2.4181213

98816949449680,-6.074814,1.9024811,3.558319

98816959367893,-5.203598,1.0384064,4.648529

98816969408176,-4.1681366,0.09577942,5.265045

98816978777072,-3.2255096,-0.77067566,5.450714

98816989397190,-2.7708588,-1.3871918,5.3959656

98816999742649,-2.8279877,-1.6418915,5.265045

98817009538791,-3.2993011,-1.4038544,5.8815613

98817019548557,-3.7015839,-1.1015472,7.6930237

98817028734348,-3.5825653,-1.0015717,9.411652

98817039537570,-2.8541718,-1.1443939,9.954376

98817049516818,-1.9972382,-1.6894989,10.423309

98817059526584,-1.0712738,-2.4202728,10.23288

98817069536350,-0.68803406,-2.8035126,9.771088

98817064775608,-4.156479,0.46806335,5.108185

98817078752658,-0.7856293,-2.7511444,9.837738

98817089525363,-1.2474213,-2.196518,10.42569

98817099504611,-1.6544647,-1.6728363,11.972931

98817109514377,-1.5925751,-1.4752655,13.417816

98817119524143,-1.1403046,-1.6490326,13.836761

98817128709934,-0.6285248,-1.8418427,13.641571

98817139543674,-0.17863464,-2.203659,13.474945

98817149492404,-0.023910522,-2.1893768,13.641571

98817159532688,-0.2238617,-1.9299164,13.967682

98817169511936,-0.3809662,-1.6704559,14.515167

98817178728244,-0.3547821,-1.5609589,14.588959

98817189531467,-0.27861023,-1.63237,14.305695

98817199510715,-0.1905365,-1.6680756,14.0486145

98817209520481,-0.25242615,-1.6537933,13.920074

98817219438693,-0.36668396,-1.4395599,13.905792

98817228746555,-0.5713959,-1.1848602,13.758209

98817239336154,-0.6594696,-0.958725,13.789154

98817249315402,-0.5547333,-0.8230438,13.6987

98817259325168,-0.2881317,-0.9158783,13.284515

98817269334934,-0.050094604,-1.0706024,12.791779

98817264574192,-0.57115173,-1.6243896,13.341171

98817278703830,0.011795044,-1.4086151,12.444244

98817289354465,-0.007247925,-1.6014252,12.184784

98817299333713,-0.1572113,-1.7537689,12.008636

98817309343479,-0.32621765,-1.8394623,11.970551

98817319322727,-0.3952484,-1.8061371,11.815826

98817328722141,-0.36906433,-1.7133026,11.64682

98817339372775,-0.25242615,-1.4824066,11.5159

98817349107883,-0.1738739,-1.3086395,11.287384

98817359300754,-0.20005798,-1.1205902,11.06839

98817369310520,-0.22862244,-1.0158539,11.039825

98817378709934,-0.36192322,-0.96110535,10.925568

98817389330051,-0.4214325,-1.022995,10.787506

98817399309299,-0.41667175,-1.1229706,10.735138

98817409319065,-0.2738495,-1.2039032,10.658966

98817419054172,-0.073898315,-1.3276825,10.5589905

98817428697727,0.102249146,-1.4300385,10.444733

98817439287326,0.17604065,-1.5681,10.406647

98817449266574,0.07606506,-1.6585541,10.537567

98817459276340,-0.0667572,-1.6490326,10.373322

98817469255588,-0.264328,-1.677597,10.416168

98817464494846,-0.18113708,-1.433609,11.141342

98817478685520,-0.34288025,-1.7323456,10.675629

98817489275119,-0.22148132,-1.6252289,10.958893

98817499254367,-0.01914978,-1.5395355,11.013641

98817509264133,0.17604065,-1.4752655,11.373077

98817519273899,0.25697327,-1.5395355,11.615875

98817528673313,0.23554993,-1.6228485,11.889618

98817539201877,0.19746399,-1.7204437,12.2847595

98817549272678,0.19746399,-1.9227753,12.622772

98817559404514,0.22364807,-2.0727386,12.884613

98817569261692,0.37123108,-2.184616,12.9964905

98817578661106,0.4854889,-2.1798553,13.25119

98817589220188,0.5902252,-2.010849,13.6987

98817599260471,0.6306915,-1.9608612,14.217621

98817609270236,0.575943,-1.7966156,14.674652

98817619249484,0.6164093,-1.7418671,15.162628

98817628618381,0.78541565,-1.6918793,15.55777

98817639146945,0.94252014,-1.7037811,15.748199

98817649248264,1.1091461,-1.6704559,15.724396

98817659227512,1.0972443,-1.7775726,15.56015

98817669237277,0.95918274,-1.8394623,15.400665

98817664476535,0.44335938,-1.7904205,13.36557

98817678606174,0.8139801,-1.8799286,15.417328

98817688493869,0.70448303,-1.9680023,15.538727

98817699297092,0.69496155,-2.196518,15.42923

98817709215305,0.74494934,-2.5797577,15.200714

98817719225070,0.73542786,-2.7749481,14.653229

98817729234836,0.79493713,-3.04393,14.446136

98817738481662,0.7830353,-3.1129608,13.998627

98817749284885,0.6663971,-3.055832,13.855804

98817759233615,0.5854645,-3.0106049,13.339264

98817769212863,0.4188385,-2.991562,13.044098

98817779222629,0.26887512,-3.04393,12.306183

98817788469455,0.037979126,-2.9368134,11.618256

98817799272678,-0.23338318,-2.8344574,11.227875

98817809190891,-0.45713806,-2.3345795,10.727997

98817819200656,-0.63090515,-1.9394379,10.211456

98817829210422,-0.7189789,-1.465744,9.735382

98817838426731,-0.8641815,-1.0777435,8.961761

98817849260471,-1.1165009,-0.5350189,8.24765

98817859178684,-1.4116669,0.07197571,7.574005

98817869188449,-1.6616058,0.5575714,7.040802

98817864427707,0.007751465,-2.107605,12.128723

98817879167697,-2.0067596,0.9860382,6.245758

98817888414524,-2.240036,1.350235,5.55307

98817899156711,-2.451889,1.7596588,4.9008484

98817909166477,-2.5113983,2.114334,4.353363

98817919176242,-2.4399872,2.2881012,3.698761

98817929063938,-2.2186127,2.5166168,2.9537048

98817938402317,-2.0139008,2.6737213,2.011078

98817949236057,-1.9734344,2.6927643,1.2279358

98817959154270,-2.0781708,2.8855743,0.45669556

98817969164035,-2.1686249,3.0902863,-0.043182373

98817979143283,-2.2900238,3.3973541,-0.63827515

98817988390109,-2.4352264,3.8924713,-1.1072083

98817999223850,-2.6351776,4.620865,-1.6166077

98818009142063,-2.8589325,5.4539948,-1.8998718

98818019151828,-3.023178,6.3966217,-2.3735657

98818029131076,-3.2516937,7.463028,-2.9353333

98818038377902,-3.5563812,8.384232,-3.3709412

98818049211643,-3.8134613,8.900772,-3.2876282

98818059129856,-4.0253143,8.929337,-3.2043152

98818069139621,-4.0514984,8.836502,-3.5851746

98818064378879,-2.702179,4.4316254,0.36695862

98818079118869,-3.984848,8.581802,-4.089813

98818088365695,-3.9110565,8.496109,-4.587311

98818099107883,-4.0324554,8.584183,-5.025299

98818109117649,-4.2062225,8.786514,-5.3371277

98818119127414,-4.3847504,8.912674,-5.3347473

98818129106662,-4.5061493,8.896011,-5.1181335

98818138384006,-4.5132904,8.753189,-4.9515076

98818149126193,-4.503769,8.5699005,-4.7277527

98818159135959,-4.665634,8.30806,-4.344513

98818169176242,-4.89415,7.9105377,-3.901764

98818179124973,-4.9560394,7.5558624,-3.5375671

98818188493869,-4.920334,7.122635,-2.9638977

98818199113986,-4.710861,6.6132355,-2.4425964

98818209123752,-4.3657074,6.19429,-2.0688782

98818219103000,-4.1348114,5.93721,-1.7118225

98818229112766,-4.0134125,5.763443,-1.407135

98818238481662,-4.1609955,5.4849396,-1.1857605

98818249101779,-4.620407,5.187393,-0.70254517

98818259111545,-5.067917,4.9445953,-0.088409424

98818269090793,-5.4368744,4.756546,0.73757935

98818264330051,-4.499481,7.2679596,-3.13945

98818279100559,-5.4511566,4.430435,1.4445496

98818288469455,-5.2202606,3.890091,1.8158875

98818299089572,-4.8227386,3.3283234,2.037262

98818309099338,-4.477585,2.8141632,2.0396423

98818319078586,-4.38237,2.4356842,2.0729675

98818329118869,-4.779892,2.542801,2.5538025

98818338487766,-5.210739,2.6737213,3.9986877

98818348863742,-5.4297333,2.485672,5.429291

98818359087131,-5.1440887,1.9381866,6.19339

98818369096897,-4.465683,1.2264557,6.457611

98818379106662,-3.6920624,0.42427063,6.488556

98818388475559,-3.0398407,-0.14225769,6.5433044

98818399095676,-2.6685028,-0.39933777,6.495697

98818409044406,-2.6351776,-0.52549744,6.317169

98818419054172,-2.9422455,-0.6349945,7.0693665

98818429063938,-3.3921356,-0.9087372,8.616608

98818438463352,-3.2802582,-1.2372284,9.880585

98818449083469,-2.7827606,-2.01799,10.680389

98818459062717,-1.9329681,-2.813034,10.842255

98818469041965,-1.316452,-3.191513,10.585175

98818464281223,-3.8533325,0.81596375,5.878113

98818479082248,-1.0569916,-3.1819916,10.632782

98818488451145,-1.3283539,-2.8654022,11.080292

98818499071262,-1.8520355,-2.1917572,12.011017

98818509050510,-2.1162567,-1.6585541,13.767731

98818519060275,-1.6854095,-1.587143,14.581818

98818529070041,-1.1593475,-1.9561005,14.165253

98818538438938,-0.5452118,-2.9391937,13.5868225

98818549059055,-0.21910095,-3.5557098,13.24881

98818559099338,-0.18577576,-3.4485931,12.936981

98818569078586,-0.39048767,-2.9701385,13.108368

98818579088352,-0.80467224,-2.6535492,13.346405

98818588457248,-1.0807953,-2.517868,14.077179

98818599077365,-0.9903412,-2.703537,14.329498

98818609056613,-0.6904144,-2.8820648,14.0867

98818619066379,-0.33335876,-2.9106293,13.689178

98818629076145,-0.14530945,-2.7273407,13.31308

98818638445041,-0.15007019,-2.4012299,13.070282

98818649065158,-0.40000916,-1.9322968,13.12265

98818659074924,-0.5690155,-1.4228973,13.141693

98818669054172,-0.8760834,-1.0825043,12.806061

98818664293430,-0.828949,-2.4794312,13.205124

98818679033420,-0.9712982,-0.8230438,13.05838

98818688432834,-0.78086853,-0.79685974,13.432098

98818699052951,-0.4047699,-1.1086884,13.274994

98818709032199,-0.1905365,-1.5062103,12.925079

98818719041965,-0.10484314,-1.8894501,12.315704

98818729051731,-0.21434021,-2.037033,11.918182

98818738420627,-0.3809662,-1.9180145,11.780121

98818749040744,-0.60472107,-1.7085419,11.749176

98818759019992,-0.7427826,-1.465744,11.701569

98818769029758,-0.7356415,-1.2967377,11.832489

98818779100559,-0.5999603,-1.2181854,11.922943

98818788408420,-0.4214325,-1.3491058,11.792023

98818799059055,-0.3047943,-1.4252777,11.549225

98818809007785,-0.22624207,-1.4776459,11.384979

98818819017551,-0.2809906,-1.4562225,11.401642

98818829027317,-0.30717468,-1.4990692,11.273102

98818838426731,-0.38334656,-1.5466766,11.373077

98818849046848,-0.49998474,-1.677597,11.39212

98818858995578,-0.495224,-1.7847137,11.399261

98818869035861,-0.41667175,-2.0251312,11.45163

98818864275119,-0.45332336,-1.5005035,11.946396

98818879015109,-0.27622986,-2.1560516,11.599213

98818888414524,-0.19767761,-2.2560272,11.653961

98818899095676,-0.09056091,-2.3155365,11.787262

98818909013889,-0.10722351,-2.2274628,12.061005

98818919023654,-0.20957947,-2.113205,12.306183

98818929002902,-0.30955505,-2.0132294,12.615631

98818938402317,-0.39762878,-2.0060883,13.046478

98818949175022,-0.49046326,-2.1941376,13.553497

98818959032199,-0.52378845,-2.351242,14.053375

98818969011447,-0.49760437,-2.498825,14.355682

98818978990695,-0.4785614,-2.7511444,14.500885

98818988390109,-0.54045105,-2.748764,14.384247

98818998857639,-0.6356659,-2.6059418,14.6579895

98819009019992,-0.72135925,-2.286972,14.869843

98819018999240,-0.63804626,-2.0275116,15.026947

98819028978488,-0.42381287,-2.0346527,15.122162

98819039018772,-0.21910095,-2.2845917,15.100739

98819049089572,0.0046539307,-2.6368866,14.869843

98819059007785,0.1474762,-2.9463348,14.624664

98819068987033,0.17366028,-3.1605682,14.272369

98819064226291,-0.32157898,-2.3807526,13.723099

98819078996799,0.261734,-3.229599,14.103363

98819089006565,0.261734,-3.101059,13.520172

98819098253391,0.27363586,-2.870163,13.089325

98819109087131,0.2046051,-2.479782,12.777496

98819119005344,0.0046539307,-2.1417694,12.484711

98819128984592,-0.2571869,-1.7632904,12.644196

98819138994358,-0.4618988,-1.3967133,12.389496

98819148241184,-0.6094818,-1.3300629,12.022919

98819159044406,-0.6785126,-1.3871918,11.64682

98819168993137,-0.6999359,-1.4538422,11.19693

98819178972385,-0.56663513,-1.3253021,10.711334

98819188982150,-0.4214325,-1.2610321,10.125763

98819198228977,-0.2976532,-1.1610565,9.837738

98819209062717,-0.347641,-1.0539398,9.568756

98819218980930,-0.44761658,-0.9230194,8.985565

98819228960178,-0.7332611,-0.7349701,8.428558

98819238969943,-1.0284271,-0.5445404,7.7953796

98819248216770,-1.206955,-0.32792664,7.1788635

98819259050510,-1.2664642,0.019607544,6.995575

98819268968723,-1.1450653,0.36238098,6.6789856

98819264207981,-0.4580841,-1.4051666,10.6091

98819278947971,-0.84513855,0.6670685,6.2862244

98819288866184,-0.5428314,1.0003204,5.693512

98819298204563,-0.46665955,1.2835846,4.8294373

98819309038303,-0.7523041,1.5906525,4.024872

98819318925998,-1.1474457,1.9072418,3.2607727

98819328996799,-1.4902191,2.421402,2.6752014

98819338945529,-1.694931,2.8546295,2.3252869

98819348192356,-1.6354218,3.2307281,1.8396912

98819359026096,-1.4949799,3.5235138,1.1089172

98819368944309,-1.4354706,3.7329865,0.3471985

98819378954074,-1.4949799,4.068619,-0.3954773

98819389024875,-1.7925262,4.6232452,-1.4214172

98819398180149,-2.2519379,5.396866,-2.2378845

98819409013889,-2.913681,6.403763,-2.8591614

98819418871067,-3.5944672,7.489212,-3.216217

98819428911350,-4.1800385,8.369949,-3.3614197

98819438890598,-4.598984,9.01741,-3.3995056

98819448167942,-4.5513763,9.212601,-3.5899353

98819458910129,-4.246689,9.236404,-4.0993347

98819468889377,-4.0895844,9.281631,-4.7586975

98819464128635,-2.2609863,4.7655945,0.15260315

98819478899143,-4.1871796,9.379227,-5.3871155

98819488878391,-4.4037933,9.472061,-5.789398

98819498155734,-4.863205,9.583939,-5.9250793

98819508897922,-5.248825,9.46492,-5.941742

98819518877170,-5.441635,9.264969,-5.9012756

98819528917453,-5.3797455,8.876968,-5.6775208

98819539018772,-5.222641,8.412796,-5.4061584

98819548265598,-5.0345917,8.05098,-5.011017

98819559038303,-4.972702,7.822464,-4.64682

98819569048068,-4.794174,7.520157,-4.127899

98819579027317,-4.6489716,7.103592,-3.5209045

98819589037082,-4.3776093,6.803665,-2.9448547

98819598253391,-4.068161,6.5180206,-2.599701

98819609026096,-3.8515472,6.0943146,-2.1117249

98819619035861,-3.8729706,5.653946,-1.618988

98819629015109,-4.1490936,5.251663,-1.092926

98819638933322,-4.579941,4.763687,-0.67160034

98819648241184,-4.979843,4.2923737,-0.10983276

98819659105442,-5.191696,3.8996124,0.3305359

98819669023654,-5.146469,3.4402008,0.91848755

98819664262912,-4.7207336,7.083481,-3.3617706

98819679002902,-4.908432,3.056961,1.4064636

98819689012668,-4.5585175,2.7665558,1.8753967

98819698228977,-4.1300507,2.6951447,2.2705383

98819709032199,-3.9348602,2.6856232,2.6704407

98819719011447,-3.8991547,2.6475372,3.3440857

98819728899143,-3.9539032,2.5356598,4.2986145

98819738847873,-3.8777313,2.0976715,5.1055603

98819748247287,-3.6539764,1.4240265,5.667328

98819758867404,-3.311203,0.78370667,6.32193

98819768846652,-2.7756195,0.0029449463,6.8146667

98819778856418,-2.26622,-0.55882263,7.097931

98819788835666,-1.8639374,-1.1015472,7.6025696

98819798235080,-1.6282806,-1.4109955,8.4809265

98819808855197,-1.4521332,-2.0870209,9.961517

98819818834445,-1.1426849,-2.8177948,11.177887

98819828874729,-0.76420593,-3.312912,11.6492

98819838853977,-0.47618103,-3.7699432,12.184784

98819848222873,-0.1905365,-4.050827,12.453766

98819858873508,-0.10960388,-3.8175507,12.596588

98819868852756,-0.15483093,-3.3462372,12.886993

98819864092014,-2.4526062,-0.2788849,7.2933655

98819878862522,-0.25480652,-2.8296967,13.467804

98819888872287,-0.15959167,-2.6606903,14.500885

98819898241184,0.11653137,-2.639267,15.362579

98819908861301,0.60450745,-2.870163,15.969574

98819918871067,1.147232,-3.2510223,15.995758

98819928850315,1.2971954,-3.3843231,15.664886

98819938860080,1.0353546,-3.1058197,15.488739

98819948228977,0.48310852,-2.5702362,15.5625305

98819958849094,0.0046539307,-1.9418182,15.56015

98819968858859,-0.23100281,-1.4895477,15.545868

98819978838108,-0.12150574,-1.4157562,15.264984

98819988847873,0.15223694,-1.863266,14.838898

98819998308322,0.32600403,-2.3226776,13.998627

98820008867404,0.37599182,-2.5797577,13.320221

98820018846652,0.20936584,-2.5868988,12.744171

98820028825900,-0.031051636,-2.4131317,12.5466

98820038866184,-0.1905365,-2.1941376,12.294281

98820048235080,-0.3143158,-1.9441986,11.984833

98820058855197,-0.31669617,-1.7632904,11.558746

98820068864963,-0.32859802,-1.6299896,11.3159485

98820064104221,0.1902008,-2.3727875,14.149307

98820078844211,-0.3643036,-1.50383,11.239777

98820088853977,-0.37382507,-1.3848114,11.101715

98820098222873,-0.39048767,-1.3657684,11.037445

98820108873508,-0.48332214,-1.2895966,10.968414

98820118852756,-0.53092957,-1.2039032,10.87796

98820128832004,-0.50712585,-1.1348724,10.761322

98820138841770,-0.37620544,-1.0563202,10.808929

98820148210666,-0.347641,-0.958725,10.832733

98820158861301,-0.25480652,-0.96824646,10.925568

98820168840549,-0.28337097,-0.9730072,10.866058

98820178850315,-0.31907654,-1.0396576,10.916046

98820188829563,-0.32383728,-1.0753632,10.894623

98820198198459,-0.25956726,-1.1777191,10.861298

98820208849094,-0.17863464,-1.2419891,10.849396

98820218858859,-0.10246277,-1.2943573,10.739899

98820228838108,-0.10722351,-1.401474,10.782745

98820238847873,-0.23338318,-1.5347748,11.030304

98820248216770,-0.33335876,-1.6871185,11.104095

98820258836887,-0.4047699,-1.8418427,11.154083

98820268846652,-0.41429138,-2.029892,11.285004

98820264085910,-0.32943726,-1.3081665,10.951874

98820278856418,-0.31193542,-2.2822113,11.575409

98820288805149,-0.21434021,-2.3417206,11.851532

98820298204563,-0.116744995,-2.332199,12.146698

98820309007785,-0.08818054,-2.286972,12.494232

98820318834445,-0.19291687,-2.2274628,12.998871

98820328844211,-0.2738495,-2.1155853,13.198822

98820338823459,-0.19291687,-2.1179657,13.758209

98820348192356,-0.007247925,-2.0156097,14.236664

98820358598850,0.261734,-2.0251312,14.331879

98820368822238,0.44978333,-2.0608368,14.641327

98820378832004,0.511673,-2.0417938,14.617523

98820388841770,0.5092926,-1.8394623,14.66037

98820398210666,0.43312073,-1.5990448,15.100739

98820408525608,0.43312073,-1.4966888,15.391144

98820418871067,0.41645813,-1.6561737,15.393524

98820428819797,0.47358704,-1.8894501,14.998383

98820438829563,0.3950348,-2.0441742,14.631805

98820448839328,0.39265442,-2.1917572,14.612762

98820458116672,0.25221252,-2.132248,14.474701

98820468797824,0.1641388,-2.010849,14.438995

98820464037082,0.16473389,-2.0353699,13.977676

98820478807590,0.16651917,-1.9418182,14.234283

98820488817356,0.16889954,-1.8537445,14.355682

98820498216770,0.24983215,-1.7585297,14.0867

98820508073947,0.20222473,-1.8370819,13.524933

98820518877170,0.037979126,-2.0394135,12.898895

98820528795383,-0.23814392,-2.132248,12.632294

98820538774631,-0.42619324,-2.0870209,12.272858

98820548814914,-0.62138367,-2.0655975,12.077667

98820558061740,-0.7761078,-1.9846649,12.091949

98820568895481,-0.7737274,-2.101303,11.496857

98820578813693,-0.8832245,-2.2179413,10.723236

98820588792942,-0.92607117,-1.9561005,9.968658

98820598802707,-1.0070038,-1.5657196,9.475922

98820608110568,-1.1141205,-0.93730164,9.133148

98820618883274,-1.2950287,-0.37077332,8.749908

98820628801486,-1.4997406,0.0315094,8.69754

98820638811252,-1.6235199,0.086257935,8.133392

98820648821018,-1.8401337,0.09815979,7.109833

98820658067844,-2.1162567,0.08387756,6.1981506

98820668871067,-2.4304657,0.15766907,5.4673767

98820664110324,-0.8372803,-1.3195953,10.666458

98820678789279,-2.5828094,0.4933014,4.9032288

98820688799045,-2.573288,0.8384552,4.546173

98820698808811,-2.4733124,1.119339,4.0724792

98820708025119,-2.3114471,1.3454742,3.320282

98820718858859,-2.2305145,1.6239777,2.544281

98820728807590,-2.4019012,1.9881744,1.8968201

98820738786838,-2.6042328,2.402359,1.2517395

98820748796604,-2.8327484,2.8141632,0.6661682

98820758043430,-3.042221,3.3759308,0.20437622

98820768877170,-3.0874481,3.999588,-0.29312134

98820778795383,-3.1421967,4.787491,-0.7001648

98820788805149,-3.1231537,5.5753937,-1.2095642

98820798784397,-3.330246,6.4727936,-1.4142761

98820808031223,-3.561142,7.02742,-1.535675

98820818803928,-3.7753754,7.662979,-2.3283386

98820828783176,-4.0967255,8.327103,-3.190033

98820838792942,-4.5847015,8.8841095,-3.7065735

98820848802707,-5.0203094,9.065018,-3.7637024

98820858049533,-5.248825,8.869827,-4.2707214

98820868791721,-5.1631317,8.591324,-4.934845

98820864030979,-3.3592834,4.763214,-0.19706726

98820878801486,-4.977463,8.143814,-5.2728577

98820888780734,-4.727524,7.7153473,-4.9134216

98820898790500,-4.44664,7.4416046,-4.537323

98820908037326,-4.249069,7.379715,-4.2135925

98820918871067,-4.2252655,7.3368683,-3.8874817

98820928758762,-4.363327,7.2678375,-3.7303772

98820938799045,-4.518051,7.077408,-3.651825

98820948778293,-4.6751556,6.7989044,-3.292389

98820958177707,-4.644211,6.4965973,-2.8782043

98820968797824,-4.5085297,6.044327,-2.5592346

98820978777072,-4.4442596,5.770584,-2.0712585

98820988786838,-4.4871063,5.506363,-1.5023499

98820998796604,-4.6418304,5.173111,-1.0524597

98821008165500,-4.746567,4.8041534,-0.7001648

98821018785617,-4.870346,4.475662,-0.502594

98821028764865,-4.922714,4.185257,-0.29788208

98821038774631,-4.875107,3.9781647,0.035369873

98821048784397,-4.806076,3.7901154,0.48049927

98821058153293,-4.8203583,3.704422,1.0232239

98821068803928,-4.9679413,3.428299,1.7135315

98821064043186,-4.645874,5.8259277,-2.0905457

98821078783176,-5.108383,3.0450592,2.306244

98821088792942,-5.1797943,2.6165924,2.5299988

98821098772190,-5.094101,2.2214508,2.6180725

98821108171604,-4.844162,2.0524445,2.941803

98821118791721,-4.363327,1.9191437,3.4250183

98821128770969,-3.792038,1.7406158,3.6297302

98821138780734,-3.4540253,1.690628,3.4131165

98821148790500,-3.606369,1.433548,3.8511047

98821158159397,-4.1562347,0.9860382,4.9579773

98821168779514,-4.6561127,0.4504547,6.06723

98821178789279,-4.70372,-0.12083435,6.648041

98821188799045,-4.2562103,-0.87065125,7.6335144

98821198778293,-3.2802582,-1.9561005,9.104584

98821208177707,-1.9924774,-3.0653534,9.690155

98821218858859,-1.040329,-3.8746796,9.264069

98821228807590,-0.93559265,-4.3626556,9.4687805

98821238786838,-1.2617035,-4.7030487,10.380463

98821248796604,-1.6735077,-4.6840057,12.011017

98821258196018,-1.6163788,-4.3555145,13.341644

98821268816135,-0.9665375,-3.9199066,14.243805

98821264055393,-3.299057,-0.6878357,6.8763123

98821278795383,-0.04295349,-3.5914154,14.97934

98821288774631,0.75209045,-3.3795624,15.212616

98821298814914,1.1353302,-3.1986542,15.726776

98821308183811,1.1067657,-3.312912,15.700592

98821318803928,0.68782043,-3.6961517,15.17453

98821328813693,0.17604065,-4.417404,14.655609

98821338792942,-0.054855347,-4.781601,14.429474

98821348558567,-0.023910522,-4.7268524,14.298553

98821358171604,0.26649475,-4.2650604,14.391388

98821368822238,0.6068878,-3.5771332,14.577057

98821378801486,0.7973175,-3.036789,14.886505

98821388811252,0.88539124,-2.72258,14.807953

98821398851535,0.7068634,-2.7820892,14.629425

98821408189914,0.43312073,-3.1510468,14.193817

98821418810031,0.23554993,-3.479538,13.460663

98821428789279,0.061782837,-3.4962006,13.139313

98821438799045,0.061782837,-3.3462372,13.070282

98821448778293,0.09034729,-2.9463348,12.906036

98821458177707,0.12605286,-2.4583588,12.86795

98821468797824,0.08320618,-1.9156342,12.787018

98821464037082,0.40455627,-3.4140778,14.294739

98821478777072,-0.031051636,-1.1586761,12.463287

98821488786838,-0.19291687,-1.106308,12.460907

98821498766086,-0.22624207,-0.8587494,12.041962

98821508165500,-0.18815613,-0.82066345,11.637299

98821518785617,-0.30955505,-0.9230194,11.465912

98821528764865,-0.26194763,-1.003952,11.165985

98821538744113,-0.264328,-1.1610565,11.037445

98821548784397,-0.30003357,-1.1824799,10.694672

98821558153293,-0.19529724,-1.0825043,10.523285

98821568773410,-0.1405487,-1.0944061,10.3280945

98821578783176,-0.0834198,-1.0134735,10.270966

98821588762424,-0.09770203,-0.92063904,10.121002

98821598772190,-0.1905365,-0.856369,9.987701

98821608141086,-0.29289246,-0.8254242,9.861542

98821618791721,-0.38572693,-0.86351013,9.792511

98821628770969,-0.36668396,-0.82780457,9.747284

98821638780734,-0.27146912,-0.7444916,9.804413

98821648759983,-0.13578796,-0.73020935,9.982941

98821658159397,0.035598755,-0.66355896,9.985321

98821668779514,0.17604065,-0.7183075,9.906769

98821664018772,-0.18612671,-0.92778015,10.663971

98821678758762,0.1641388,-0.8730316,9.716339

98821688768527,0.12843323,-0.92778015,9.606842

98821698747775,-0.10722351,-1.0587006,9.649689

98821708116672,-0.29051208,-1.1229706,9.666351

98821718889377,-0.35716248,-1.0563202,9.7829895

98821728746555,-0.26670837,-1.0134735,9.72348

98821738756320,-0.12626648,-0.95158386,9.797272

98821748735568,-0.01676941,-0.97062683,9.854401

98821758104465,0.102249146,-0.93492126,9.9305725

98821768846652,0.080825806,-0.8254242,9.882965

98821778734348,-0.07627869,-0.8016205,10.023407

98821788744113,-0.14768982,-0.7587738,9.91153

98821798723361,-0.15007019,-0.6611786,9.940094

98821808092258,-0.09770203,-0.66355896,9.966278

98821818468234,0.009414673,-0.78019714,10.059113

98821828783176,0.12843323,-0.8968353,10.0781555

98821838731906,0.16175842,-0.94444275,10.037689

98821848711154,0.08558655,-0.93492126,9.9496155

98821858080051,0.018936157,-1.2110443,9.385468

98821867998264,-0.12864685,1.2597809,11.801544

98821863237522,-0.044265747,-0.8063812,9.938187

98821878770969,-0.54759216,-0.8920746,9.021271

98821888475559,-0.7761078,-1.318161,9.868683

98821899065158,-0.6904144,-1.5466766,9.0260315

98821908861301,-0.41905212,-2.029892,9.154572

98821917955539,-0.1334076,-2.0798798,9.625885

98821928697727,0.11891174,-1.882309,10.166229

98821938707492,0.3950348,-1.299118,9.992462

98821948717258,0.7901764,-1.1372528,10.04483

98821958727024,0.34028625,-1.1420135,10.311432

