19046513955293,-0.045333862,4.827957,8.326202
19046523720918,0.078445435,4.8303375,8.264313
19046533486543,-0.01676941,4.7327423,8.295258
19046541299043,-0.13816833,4.692276,8.476166
19046551064668,-0.12150574,4.854141,8.754669
19046560830293,-0.04057312,4.9207916,8.868927
19046570595918,-0.03819275,4.889847,8.745148
19046580361543,-0.08103943,4.7922516,8.661835
19046589883027,-0.10484314,4.6684723,8.497589
19046614571748,-0.04057312,4.639908,8.430939
19046624550996,0.059402466,4.7660675,8.549957
19046639565644,-0.0024871826,4.7970123,8.668976
19046659585175,-0.035812378,4.8231964,8.592804
19046669717011,-0.07865906,4.768448,8.618988
19046680123505,-0.17625427,4.7017975,8.547577
19046690011201,-0.17863464,4.680374,8.602325
19046699502168,-0.11198425,4.6708527,8.688019
19046710183320,-0.116744995,4.749405,8.5642395
19046820717988,-0.044189453,4.7011414,8.646332
19046830788789,-0.06455994,4.7224884,8.671066
19046840859589,-0.08494568,4.7438354,8.695816
19046850930390,-0.10531616,4.7651825,8.720551
19046861001191,-0.1257019,4.786545,8.7453
19046871071992,-0.11740112,4.7746735,8.7408905
19046881142793,-0.09162903,4.7425537,8.718674
19046891213593,-0.06585693,4.710434,8.696472
19046901284394,-0.04008484,4.678314,8.674271
19046911355195,-0.014312744,4.6461945,8.652054
19046921425996,0.011459351,4.6140747,8.629852
19046931496796,0.020568848,4.63356,8.60994
19046941567597,0.019378662,4.684906,8.591415
19046951638398,0.018188477,4.736267,8.5729065
19046961709199,0.016983032,4.787613,8.554398
19046971780000,0.015792847,4.838974,8.535889
19046981850800,0.014602661,4.89032,8.51738
19046991921601,0.013412476,4.941681,8.498871
19047001992402,0.012207031,4.9930267,8.480362
19046986794648,-0.033432007,4.774399,8.620773
19047012063203,-0.049804688,4.968521,8.438507
19047022134003,-0.14523315,4.9023438,8.383835
19047032204804,-0.24067688,4.8361664,8.329163
19047042275605,-0.33610535,4.769989,8.274506
19047052346406,-0.4315338,4.7038116,8.219833
19047062417207,-0.3615265,4.7582703,8.215836
19047072488007,-0.21430969,4.869049,8.235504
19047082558808,-0.06707764,4.979828,8.255157
19047092629609,0.08013916,5.0906067,8.274826
19047102700410,0.22737122,5.2013855,8.294479
19047112771210,0.25164795,5.250183,8.189468
19047122842011,0.22767639,5.2746277,8.035538
19047132912812,0.20368958,5.2990875,7.881607
19047142983613,0.17971802,5.3235474,7.727661
19047153054414,0.1557312,5.348007,7.573715
19047163125214,0.1823883,5.459961,7.528702
19047173196015,0.2255249,5.6003876,7.519104
19047183266816,0.2686615,5.740814,7.5095215
19047193337617,0.3117981,5.881241,7.499939
19047203408418,0.3549347,6.0216675,7.4903564
19047186776337,0.08023071,5.3302155,7.881668
19047213479218,0.23532104,5.843033,7.7273407
19047223550019,0.071899414,5.578476,8.030716
19047233620820,-0.091537476,5.313919,8.334091
19047243691621,-0.2549591,5.049362,8.637466
19047253762421,-0.418396,4.7848053,8.940842
19047263833222,-0.4857788,4.78627,9.00296
19047273904023,-0.5322418,4.8456573,9.012543
19047283974824,-0.57870483,4.90506,9.022125
19047294045625,-0.6251526,4.964447,9.0316925
19047304116425,-0.6716156,5.023834,9.041275
19047314187226,-0.4825287,4.7950134,8.999008
19047324258027,-0.2523346,4.515915,8.947693
19047334328828,-0.022140503,4.236786,8.896378
19047344399628,0.20805359,3.9576874,8.8450775
19047354470429,0.43823242,3.6785889,8.793762
19047364541230,0.26309204,3.7792664,8.75267
19047374612031,0.036727905,3.927948,8.71286
19047384682832,-0.18962097,4.076599,8.67305
19047394753632,-0.41596985,4.2252655,8.633255
19047404824433,-0.6423187,4.373932,8.593445
19047386819062,-0.3303833,4.4506683,8.85405
19047414895234,-0.46955872,4.4817047,8.757767
19047424966035,-0.26408386,4.5861206,8.938812
19047435036835,-0.05860901,4.6905365,9.119873
19047445107636,0.1468811,4.7949524,9.300919
19047455178437,0.35235596,4.8993683,9.481979
19047465249238,0.04788208,4.5148163,9.45636
19047475320039,-0.28089905,4.106964,9.420898
19047485390839,-0.6096649,3.699112,9.385422
19047495461640,-0.93844604,3.2912598,9.34996
19047505532441,-1.2672424,2.883377,9.314499
19047515603242,-0.9576111,2.6500854,9.351959
19047525674043,-0.640152,2.41893,9.390335
19047535744843,-0.32269287,2.18779,9.428696
19047545815644,-0.005218506,1.9566498,9.467056
19047555886445,0.30967712,1.7213135,9.5065
19047565957246,0.5210571,1.3167725,9.5894165
19047576028046,0.7324066,0.9122772,9.672333
19047586098847,0.94377136,0.507782,9.755249
19047596169648,1.1551208,0.10328674,9.83815
19047586892304,0.18734741,2.3089294,9.556259
19047606240449,1.3521423,-0.25305176,9.94516
19047616311250,1.31427,0.17971802,10.446945
19047626382050,1.276413,0.61253357,10.948776
19047636452851,1.2385559,1.0453033,11.450562
19047646523652,1.2006836,1.4780731,11.952347
19047656594453,1.1437988,1.8449707,12.464905
19047666665253,0.89649963,1.5526123,13.085068
19047676736054,0.64920044,1.2602692,13.705231
19047686806855,0.40187073,0.9678955,14.325439
19047696877656,0.15457153,0.6755371,14.945618
19047706948457,-0.09605408,0.3399048,15.535538
19047717019257,-0.37019348,-0.3008728,15.912231
19047727090058,-0.6443329,-0.94163513,16.28894
19047737160859,-0.9184723,-1.5824127,16.665634
19047747231660,-1.192627,-2.223236,17.042374
19047757302460,-1.3971863,-2.7519836,17.3871
19047767373261,-1.2296906,-2.681717,17.560852
19047777444062,-1.0621948,-2.611435,17.734604
19047787514863,-0.89468384,-2.5411682,17.908371
19047797585664,-0.7271881,-2.4708862,18.082123
19047786751923,-0.22862244,-0.72187805,15.869003
19047807656464,-0.64094543,-2.38768,18.051956
19047817727265,-0.8566284,-2.2563477,17.263992
19047827798066,-1.0722961,-2.1250305,16.476074
19047837868867,-1.2879639,-1.9937134,15.688171
19047847939668,-1.5036316,-1.8623962,14.900269
19047858010468,-1.726593,-1.864212,13.983917
19047868081269,-1.9719696,-2.2754211,12.672653
19047878152070,-2.2173767,-2.6866608,11.361298
19047888222871,-2.4627533,-3.0978546,10.050034
19047898293671,-2.7081451,-3.5090637,8.73877
19047908364472,-2.8570557,-3.62294,7.327057
19047918435273,-2.7563477,-2.9673462,5.6552124
19047928506074,-2.6556396,-2.3117828,3.9834747
19047938576875,-2.5549316,-1.6562347,2.3117523
19047948647675,-2.4542236,-1.0006866,0.6400299
19047958718476,-2.3009796,-0.4236145,-1.0251007
19047968789277,-2.0335388,-0.017211914,-2.6756744
19047978860078,-1.7661133,0.38920593,-4.3262634
19047988930878,-1.4986877,0.7956238,-5.9768524
19047999001679,-1.2312317,1.2020721,-7.627548
19047986794648,-1.9984283,-1.1634369,3.2226868
19048009072480,-0.9188843,1.5443573,-9.387527
19048019143281,-0.52253723,1.7667389,-11.35202
19048029214082,-0.12619019,1.9891205,-13.316528
19048039284882,0.27017212,2.2114868,-15.281021
19048049355683,0.66651917,2.4338684,-17.24553
19048059426484,1.4323578,2.9631348,-18.51001
19048069497285,2.796341,3.9892426,-18.640732
19048079568085,4.160324,5.015335,-18.771454
19048089638886,5.5243073,6.041443,-18.902176
19048099709687,6.8882904,7.0675507,-19.032898
19048109780488,7.1550446,7.535919,-18.501404
19048119851289,5.875702,7.2183533,-17.03682
19048129922089,4.5963745,6.9007874,-15.572235
19048139992890,3.3169403,6.583206,-14.107544
19048150063691,2.0375977,6.2656555,-12.642975
19048160134492,1.3454285,5.65123,-11.119888
19048170205293,1.3842773,4.6671753,-9.523926
19048180276093,1.4231262,3.683136,-7.9279785
19048190346894,1.4619751,2.6990204,-6.331894
19048200417695,1.5008087,1.7149658,-4.7359467
19048186867890,2.8616943,4.383423,-13.327286
19048210488496,1.4551392,0.9521942,-3.411316
19048220559296,1.3185425,0.42739868,-2.3785095
19048230630097,1.1819458,-0.09742737,-1.3456116
19048240700898,1.0453644,-0.6222229,-0.31280518
19048250771699,0.9087677,-1.1470184,0.7200165
19048260842500,0.29470825,-1.6328125,2.1525116
19048270913300,-0.7687683,-2.0818787,3.961258
19048280984101,-1.8322601,-2.5309448,5.7700043
19048291054902,-2.8958282,-2.9800568,7.5788727
19048301125703,-3.9593048,-3.429123,9.387619
19048311196503,-4.101013,-3.2778778,11.27449
19048321267304,-3.483841,-2.6324005,13.2258
19048331338105,-2.8666077,-1.9868774,15.177246
19048341408906,-2.2494202,-1.3414001,17.128555
19048351479707,-1.6322327,-0.69592285,19.07985
19048361550507,-1.5012665,-0.31411743,19.625732
19048371621308,-1.7154846,-0.11953735,19.173798
19048381692109,-1.929718,0.07505798,18.721848
19048391762910,-2.1439514,0.26963806,18.269897
19048401833710,-2.3581848,0.46421814,17.817947
19048386910615,-1.8532257,-1.2306824,12.240128
19048411904511,-1.7440491,0.3536377,17.560928
19048421975312,-0.6182556,0.05458069,17.424332
19048432046113,0.50753784,-0.24447632,17.28775
19048442116914,1.633316,-0.5435333,17.151154
19048452187714,2.7591095,-0.84259033,17.014557
19048462258515,2.728119,-0.7454529,16.231674
19048472329316,2.0782013,-0.43629456,15.102921
19048482400117,1.4283142,-0.127182,13.974258
19048492470918,0.7784271,0.1819458,12.845596
19048502541718,0.1285553,0.4910736,11.716934
19048512612519,0.18119812,0.46699524,11.087936
19048522683320,0.5571594,0.28955078,10.68895
19048532754121,0.933136,0.11212158,10.289963
19048542824921,1.3091125,-0.06530762,9.890976
19048552895722,1.6851044,-0.24276733,9.491959
19048562966523,1.6418915,-0.24623108,9.426361
19048573037324,1.4366455,-0.18244934,9.48967
19048583108125,1.2313995,-0.1186676,9.552963
19048593178925,1.0261536,-0.054885864,9.616272
19048603249726,0.82089233,0.008895874,9.679581
19048586922822,1.4090729,-0.15653992,11.850937
19048613320527,0.7994232,0.06718445,9.697098
19048623391328,0.836792,0.123703,9.699982
19048633462128,0.8741455,0.18022156,9.70285
19048643532929,0.9115143,0.23674011,9.705719
19048653603730,0.9488678,0.29325867,9.708603
19048663674531,0.8581848,0.37060547,9.747742
19048673745332,0.73301697,0.4535675,9.796661
19048683816132,0.6078644,0.53652954,9.845566
19048693886933,0.48268127,0.61950684,9.894485
19048703957734,0.35751343,0.7024689,9.943405
19048714028535,0.3461914,0.5941925,9.994675
19048724099335,0.35913086,0.44514465,10.0464325
19048734170136,0.3720703,0.2960968,10.09819
19048744240937,0.38500977,0.14703369,10.149948
19048754311738,0.39794922,-0.0020141602,10.201706
19048764382539,0.3817749,-0.03388977,10.149292
19048774453339,0.36076355,-0.046310425,10.079575
19048784524140,0.3397522,-0.05873108,10.009857
19048794594941,0.31874084,-0.071136475,9.94014
19048804665742,0.2977295,-0.08355713,9.870422
19048787179169,0.49679565,0.2284851,9.932953
19048814736543,0.31303406,-0.12988281,9.894165
19048824807343,0.33364868,-0.1811676,9.931549
19048834878144,0.35424805,-0.2324524,9.968933
19048844948945,0.37486267,-0.28373718,10.006317
19048855019746,0.3954773,-0.33502197,10.043701
19048865090546,0.31886292,-0.2565155,10.292847
19048875161347,0.23216248,-0.16455078,10.56395
19048885232148,0.1454773,-0.07258606,10.835037
19048895302949,0.058776855,0.019378662,11.10614
19048905373750,-0.027923584,0.111343384,11.377243
19048915444550,-0.29776,0.030578613,11.913269
19048925515351,-0.5800476,-0.061904907,12.4673
19048935586152,-0.86231995,-0.15440369,13.021317
19048945656953,-1.1446075,-0.24690247,13.575348
19048955727753,-1.4269257,-0.3394165,14.129425
19048965798554,-1.5001221,-0.4263916,14.812592
19048975869355,-1.5667725,-0.5131836,15.499802
19048985940156,-1.6334381,-0.59999084,16.186996
19048996010957,-1.7000885,-0.68678284,16.874207
19048987252412,-0.7094574,-0.33447266,13.286301
19049006081757,-1.7676392,-0.7762909,17.555466
19049016152558,-1.9838104,-1.3145447,17.251587
19049026223359,-2.1999512,-1.8527527,16.947739
19049036294160,-2.4161072,-2.3909607,16.64389
19049046364960,-2.632248,-2.929184,16.340042
19049056435761,-2.826538,-3.4335938,16.030045
19049066506562,-2.48674,-3.1124878,15.569946
19049076577363,-2.1469116,-2.7913513,15.1098175
19049086648164,-1.8071136,-2.4702454,14.649719
19049096718964,-1.4673157,-2.1491394,14.189636
19049106789765,-1.1611328,-1.8655853,13.69223
19049116860566,-1.2838287,-2.0611267,12.718857
19049126931367,-1.4065094,-2.256668,11.745468
19049137002168,-1.5292206,-2.4522095,10.772003
19049147072968,-1.6519012,-2.6477509,9.79863
19049157143769,-1.757721,-2.807724,8.73764
19049167214570,-1.7212982,-2.6677856,6.9380035
19049177285371,-1.6848755,-2.527832,5.1383667
19049187356171,-1.6484528,-2.3878937,3.3387299
19049197426972,-1.61203,-2.24794,1.538971
19049187325654,-1.8335876,-2.561905,9.682419
19049207497773,-1.5349884,-1.9767303,-0.20149231
19049217568574,-1.2071838,-0.8950348,-1.5764923
19049227639375,-0.879364,0.18666077,-2.9514923
19049237710175,-0.5515442,1.2683563,-4.3265076
19049247780976,-0.22372437,2.3500519,-5.7015076
19049257851777,0.16252136,3.2284393,-7.2660217
19049267922578,0.8286133,3.1325226,-9.737991
19049277993378,1.4947662,3.0366058,-12.210159
19049288064179,2.1608734,2.9407043,-14.682144
19049298134980,2.8269653,2.8447876,-17.154129
19049308205781,3.640625,3.007248,-18.966324
19049318276582,5.012863,4.1474915,-18.282013
19049328347382,6.3849945,5.2876587,-17.597733
19049338418183,7.757126,6.427826,-16.913467
19049348488984,9.129257,7.567993,-16.229202
19049358559785,9.747559,8.35881,-15.243195
19049368630585,8.009247,8.057526,-13.313751
19049378701386,6.271042,7.756241,-11.384445
19049388772187,4.532852,7.4549713,-9.455139
19049398842988,2.7946625,7.153702,-7.525833
19049387398896,3.7751617,5.345093,-11.94548
19049408913789,1.6281433,6.5170746,-5.667862
19049418984589,1.9863892,4.985733,-3.9998474
19049429055390,2.3446198,3.4545288,-2.3319702
19049439126191,2.7028503,1.9233093,-0.66407776
19049449196992,3.061081,0.39208984,1.0038147
19049459267793,3.1707764,-0.82688904,2.4102936
19049469338593,2.724762,-1.3477173,3.2322998
19049479409394,2.278778,-1.868515,4.0542603
19049489480195,1.8327942,-2.3893127,4.8762207
19049499550996,1.3868103,-2.9101105,5.698166
19049509621796,0.91633606,-3.2376251,6.6840973
19049519692597,0.39953613,-3.1988373,7.9806824
19049529763398,-0.11727905,-3.1600342,9.277267
19049539834199,-0.63409424,-3.121231,10.573837
19049549905000,-1.15094,-3.0824432,11.870514
19049559975800,-1.4272766,-2.9901428,12.874939
19049570046601,-1.3041077,-2.8089905,13.393982
19049580117402,-1.1809387,-2.6278229,13.913025
19049590188203,-1.0577698,-2.4466705,14.432068
19049600259003,-0.93460083,-2.265503,14.951111
19049587441621,0.5170288,-2.2834015,9.082565
19049610329804,-0.83128357,-2.0345917,15.354141
19049620400605,-0.75668335,-1.7318573,15.589493
19049630471406,-0.68208313,-1.4290924,15.82486
19049640542207,-0.60746765,-1.1263428,16.060226
19049650613007,-0.53286743,-0.8235779,16.295609
19049660683808,-0.69107056,-0.6970062,16.11351
19049670754609,-1.1186066,-0.7742615,15.448441
19049680825410,-1.5461578,-0.8515167,14.783386
19049690896210,-1.9737244,-0.928772,14.118271
19049700967011,-2.4012756,-1.0060272,13.453201
19049711037812,-2.2239532,-0.96559143,12.906906
19049721108613,-1.4489899,-0.80888367,12.477966
19049731179414,-0.6740265,-0.65216064,12.0490265
19049741250214,0.10101318,-0.49542236,11.620056
19049751321015,0.87597656,-0.3387146,11.191101
19049761391816,1.217804,-0.3146515,10.794449
19049771462617,1.1851959,-0.4052887,10.425674
19049781533418,1.1525879,-0.4959259,10.0568695
19049791604218,1.1199799,-0.5865631,9.68808
19049801675019,1.0873718,-0.6772003,9.319305
19049787209687,-0.19946289,-0.67189026,12.424606
19049811745820,0.956604,-0.764801,9.203476
19049821816621,0.752594,-0.8501129,9.276413
19049831887421,0.548584,-0.93544006,9.34935
19049841958222,0.34457397,-1.0207672,9.422272
19049852029023,0.14056396,-1.1060791,9.4951935
19049862099824,0.081832886,-1.0892944,9.5742035
19049872170625,0.12882996,-0.99816895,9.657654
19049882241425,0.17582703,-0.9070587,9.741104
19049892312226,0.2228241,-0.8159332,9.824539
19049902383027,0.26982117,-0.724823,9.9079895
19049912453828,0.25756836,-0.71273804,9.961014
19049922524628,0.20822144,-0.75009155,9.995026
19049932595429,0.15888977,-0.78744507,10.029037
19049942666230,0.109558105,-0.82481384,10.063049
19049952737031,0.06022644,-0.86216736,10.097046
19049962807832,0.06593323,-0.87016296,10.100449
19049972878632,0.101882935,-0.8620148,10.087021
19049982949433,0.13781738,-0.8538666,10.073608
19049993020234,0.17376709,-0.8457184,10.060181
19050003091035,0.2097168,-0.8375702,10.046768
19049987557587,0.15164185,-0.88552856,9.904388
19050013161835,0.20697021,-0.8921356,9.992752
19050023232636,0.18589783,-0.9763794,9.91951
19050033303437,0.1648407,-1.0606384,9.846268
19050043374238,0.14378357,-1.1448822,9.7730255
19050053445039,0.12271118,-1.2291412,9.699783
19050063515839,0.14805603,-1.2521973,9.689453
19050073586640,0.19270325,-1.2498016,9.705292
19050083657441,0.23736572,-1.247406,9.72113
19050093728242,0.28201294,-1.2449951,9.736984
19050103799043,0.32666016,-1.2425995,9.752823
19050113869843,0.304245,-1.2144318,9.758606
19050123940644,0.25927734,-1.177597,9.761002
19050134011445,0.21430969,-1.1407471,9.763382
19050144082246,0.16932678,-1.1039124,9.765778
19050154153046,0.12435913,-1.0670776,9.768173
19050164223847,0.14085388,-1.084671,9.915619
19050174294648,0.1754303,-1.1182861,10.105774
19050184365449,0.20999146,-1.1519012,10.295914
19050194436250,0.24456787,-1.1855164,10.486053
19050204507050,0.2791443,-1.2191162,10.676193
19050187600312,0.2135315,-1.1949768,9.978775
19050214577851,0.20700073,-1.2620544,10.947693
19050224648652,0.110672,-1.3071136,11.237656
19050234719453,0.014343262,-1.3521576,11.527603
19050244790253,-0.08198547,-1.3972168,11.817566
19050254861054,-0.17832947,-1.4422607,12.107513
19050264931855,-0.2978363,-1.5430145,12.551987
19050275002656,-0.42149353,-1.6537323,13.024094
19050285073457,-0.5451355,-1.7644501,13.49617
19050295144257,-0.6687927,-1.8751526,13.968246
19050305215058,-0.7924347,-1.9858704,14.440323
19050315285859,-0.7918701,-2.0546722,14.564926
19050325356660,-0.7746277,-2.117859,14.64296
19050335427460,-0.7574005,-2.1810455,14.720978
19050345498261,-0.74017334,-2.2442322,14.799011
19050355569062,-0.7229309,-2.3074188,14.877029
19050365639863,-0.70217896,-2.2246094,14.876709
19050375710664,-0.6810608,-2.1271973,14.868561
19050385781464,-0.6599426,-2.0298004,14.860397
19050395852265,-0.63882446,-1.932373,14.852249
19050405923066,-0.61772156,-1.8349762,14.844086
19050387673554,-0.5844879,-1.8977814,14.093842
19050415993867,-0.6066284,-2.084961,14.351379
19050426064668,-0.5960846,-2.3538208,13.832336
19050436135468,-0.5855408,-2.622696,13.313293
19050446206269,-0.57499695,-2.8915558,12.7942505
19050456277070,-0.5644531,-3.1604462,12.275162
19050466347871,-0.592041,-2.878128,12.151306
19050476418671,-0.6203308,-2.5856018,12.034775
19050486489472,-0.64863586,-2.2930756,11.918243
19050496560273,-0.67692566,-2.0005493,11.801712
19050506631074,-0.7060852,-1.712204,11.665634
19050516701875,-0.7822418,-1.6508942,10.470596
19050526772675,-0.85839844,-1.5895844,9.275467
19050536843476,-0.93455505,-1.5282745,8.080429
19050546914277,-1.0107117,-1.4669647,6.885391
19050556985078,-1.0645905,-1.3969879,5.673294
19050567055878,-0.6809845,-1.1569977,4.126358
19050577126679,-0.29737854,-0.91700745,2.5794067
19050587197480,0.08621216,-0.6770172,1.0324554
19050597268281,0.46981812,-0.43701172,-0.5144806
19050587472138,-0.38513184,-1.6276093,6.952133
19050607339082,0.8147278,-0.1356659,-2.0727081
19050617409882,0.8434601,0.667099,-3.7232513
19050627480683,0.87220764,1.4698639,-5.3737946
19050637551484,0.90093994,2.2726135,-7.0243225
19050647622285,0.9296875,3.0754395,-8.674988
19050657693085,1.094162,3.8152924,-10.220398
19050667763886,2.0969086,4.166809,-11.116684
19050677834687,3.0996552,4.5183105,-12.01297
19050687905488,4.102478,4.869858,-12.909317
19050697976289,5.1052246,5.2213745,-13.805603
19050708047089,5.9038086,5.6473083,-14.424957
19050718117890,5.74469,6.422287,-13.745361
19050728188691,5.5855713,7.1972504,-13.065765
19050738259492,5.4264526,7.972229,-12.386169
19050748330293,5.2673492,8.747192,-11.7065735
19050758401093,5.134308,9.240234,-10.909897
19050768471894,5.0999756,8.666473,-9.670334
19050778542695,5.065628,8.092712,-8.430771
19050788613496,5.031296,7.5189667,-7.191208
19050798684296,4.9969482,6.9452057,-5.951645
19050787789521,4.2494507,6.283554,-10.197845
19050808755097,4.886154,6.262741,-4.747452
19050818825898,4.5012817,5.1905518,-3.669983
19050828896699,4.11644,4.1184387,-2.5926056
19050838967500,3.7315826,3.0463257,-1.515213
19050849038300,3.3467407,1.9742126,-0.4378357
19050859109101,2.9934235,1.0207214,0.8409729
19050869179902,2.733963,0.42027283,2.7195282
19050879250703,2.474533,-0.18013,4.597931
19050889321503,2.215088,-0.78053284,6.476349
19050899392304,1.955658,-1.3809204,8.354767
19050909463105,1.3917389,-2.1599731,9.897537
19050919533906,0.0743103,-3.3811798,10.609879
19050929604707,-1.2430267,-4.602295,11.322159
19050939675507,-2.5603485,-5.82341,12.034439
19050949746308,-3.8776855,-7.0445404,12.746704
19050959817109,-4.608963,-7.611679,13.558121
19050969887910,-4.0665894,-6.757599,14.584839
19050979958710,-3.5242157,-5.9035187,15.611557
19050990029511,-2.981842,-5.049423,16.63829
19051000100312,-2.4394684,-4.195343,17.665009
19050987862763,-0.5095062,-3.0397644,10.406647
19051010171113,-1.7335968,-3.5332642,18.441254
19051020241914,-0.72618103,-3.2255707,18.755173
19051030312714,0.28121948,-2.9178925,19.069092
19051040383515,1.2886353,-2.610199,19.382996
19051050454316,2.296051,-2.3025055,19.696915
19051060525117,2.4579773,-1.9829254,19.30429
19051070595918,1.2682037,-1.6443481,17.78218
19051080666718,0.078430176,-1.3057861,16.260086
19051090737519,-1.1113434,-0.9672241,14.737976
19051100808320,-2.3012085,-0.6286316,13.215759
19051110879121,-2.7420044,-0.6042328,12.182571
19051120949921,-2.1534271,-1.0116425,11.821182
19051131020722,-1.5648804,-1.4190063,11.459808
19051141091523,-0.9763489,-1.8263855,11.09845
19051151162324,-0.38781738,-2.2337646,10.737076
19051161233125,-3.3569336E-4,-2.3867188,10.430832
19051171303925,0.1458435,-2.234314,10.19072
19051181374726,0.29203796,-2.081894,9.950592
19051191445527,0.4382019,-1.9294891,9.71048
19051201516328,0.5843811,-1.7770844,9.470367
19051187905488,0.12962341,-1.6752167,13.02803
19051211587128,0.66625977,-1.6478271,9.318161
19051221657929,0.68063354,-1.5428619,9.258255
19051231728730,0.6950226,-1.437912,9.198349
19051241799531,0.70939636,-1.3329468,9.138443
19051251870332,0.72377014,-1.2279816,9.078522
19051261941132,0.6874237,-1.2719574,9.07959
19051272011933,0.60446167,-1.4527435,9.136658
19051282082734,0.5214844,-1.6335449,9.193726
19051292153535,0.43852234,-1.8143463,9.250793
19051302224335,0.3555603,-1.9951324,9.307861
19051312295136,0.30976868,-2.0441437,9.416962
19051322365937,0.29348755,-1.9885864,9.567352
19051332436738,0.27720642,-1.9330292,9.717758
19051342507539,0.2609253,-1.8774567,9.868164
19051352578339,0.2446289,-1.8218994,10.018555
19051362649140,0.2655182,-1.7274933,10.073502
19051372719941,0.31245422,-1.6058197,10.061523
19051382790742,0.35939026,-1.4841614,10.049561
19051392861543,0.40634155,-1.362503,10.037582
19051402932343,0.4532776,-1.2408447,10.025604
19051388009248,0.43966675,-1.561554,9.621124
19051413003144,0.44509888,-1.2302856,9.975357
19051423073945,0.40286255,-1.2883453,9.901459
19051433144746,0.36064148,-1.346405,9.82756
19051443215546,0.3184204,-1.4044647,9.753662
19051453286347,0.27618408,-1.4625244,9.679764
19051463357148,0.25164795,-1.4912262,9.622665
19051473427949,0.23634338,-1.5046234,9.574326
19051483498750,0.22102356,-1.5180359,9.52597
19051493569550,0.20570374,-1.5314331,9.477631
19051503640351,0.19038391,-1.5448456,9.4292755
19051513711152,0.21810913,-1.5480804,9.479141
19051523781953,0.26564026,-1.5466309,9.574219
19051533852753,0.3131714,-1.5451965,9.669281
19051543923554,0.36071777,-1.5437622,9.7643585
19051553994355,0.4082489,-1.5423126,9.859421
19051564065156,0.36724854,-1.6184998,9.908676
19051574135957,0.2930603,-1.7238159,9.94075
19051584206757,0.21885681,-1.8291321,9.972824
19051594277558,0.14466858,-1.9344482,10.004898
19051604348359,0.07046509,-2.0397491,10.036972
19051588051972,0.23019409,-1.6597443,9.749664
19051614419160,0.07723999,-2.063797,10.254471
19051624489960,0.11035156,-2.0614014,10.532303
19051634560761,0.14346313,-2.0589905,10.81015
19051644631562,0.17655945,-2.0565948,11.087982
19051654702363,0.20967102,-2.0541992,11.365814
19051664773164,0.08972168,-2.1808624,11.707474
19051674843964,-0.06997681,-2.341034,12.065704
19051684914765,-0.2296753,-2.5012207,12.42395
19051694985566,-0.38937378,-2.6613922,12.782181
19051705056367,-0.549057,-2.8215637,13.140411
19051715114914,-0.74645996,-2.674469,13.728027
19051725185714,-0.9516144,-2.4645386,14.362625
19051735256515,-1.1567383,-2.2546082,14.997177
19051745327316,-1.3618622,-2.044693,15.631714
19051755398117,-1.5669861,-1.8347778,16.266266
19051765468917,-1.6338654,-1.9870148,16.408691
19051775539718,-1.6789246,-2.196457,16.473389
19051785610519,-1.7239685,-2.405899,16.538101
19051795681320,-1.7690277,-2.6153412,16.602798
19051805752121,-1.8140717,-2.8247833,16.667496
19051788021408,-0.94332886,-2.388733,14.412811
19051815822921,-1.8320465,-2.734604,16.40593
19051825893722,-1.8469086,-2.6100006,16.106873
19051835964523,-1.8617554,-2.485382,15.807785
19051846035324,-1.8766174,-2.3607635,15.508728
19051856106124,-1.8914795,-2.2361603,15.209671
19051866176925,-1.7739105,-2.3407135,14.124588
19051876247726,-1.6464233,-2.4624481,12.980576
19051886318527,-1.5189514,-2.5841827,11.836578
19051896389328,-1.391449,-2.7059174,10.69249
19051906460128,-1.2639618,-2.827652,9.548492
19051916530929,-1.1277161,-2.8316193,8.173111
19051926601730,-0.9911194,-2.8311462,6.7890015
19051936672531,-0.8545227,-2.830658,5.404892
19051946743331,-0.7179413,-2.830185,4.0207825
19051956814132,-0.5813446,-2.829712,2.636551
19051966884933,-0.17549133,-2.0312805,1.4595795
19051976955734,0.23117065,-1.230423,0.28323364
19051987026535,0.63783264,-0.42956543,-0.8931122
19051997097335,1.0444946,0.3712921,-2.069458
19051988064132,-0.57377625,-1.6859283,6.0303345
19052007168136,1.4495392,1.166336,-3.2766876
19052017238937,1.8075714,1.7923126,-5.3808136
19052027309738,2.1655884,2.4182281,-7.4847717
19052037380539,2.52359,3.0441437,-9.588745
19052047451339,2.881607,3.6700592,-11.692703
19052057522140,3.2932281,4.2796936,-13.646133
19052067592941,4.4559174,4.661194,-13.490387
19052077663742,5.618698,5.0427094,-13.33461
19052087734542,6.7813873,5.4242096,-13.178848
19052097805343,7.9440765,5.8056946,-13.023087
19052107876144,8.897888,6.1704254,-12.780762
19052117946945,7.970993,6.3841705,-11.758972
19052128017746,7.044098,6.597931,-10.737183
19052138088546,6.1171417,6.8116913,-9.715317
19052148159347,5.1902466,7.0254517,-8.693527
19052158230148,4.370865,7.104004,-7.631958
19052168300949,4.2505035,6.3036346,-6.3117523
19052178371749,4.130127,5.5032654,-4.9915314
19052188442550,4.0097504,4.70282,-3.6712189
19052198513351,3.889389,3.9024506,-2.3510132
19052188106857,5.0956726,5.212982,-8.900543
19052208584152,3.7035522,3.0657654,-1.1153564
19052218654953,3.197281,2.0513,-0.29344177
19052228725753,2.6909637,1.0367584,0.52853394
19052238796554,2.1846924,0.02230835,1.3504639
19052248867355,1.678421,-0.992157,2.1723785
19052258938156,1.0421906,-1.9436188,3.0289307
19052269008956,-0.11380005,-2.6428528,4.02388
19052279079757,-1.2697754,-3.342102,5.0188293
19052289150558,-2.425766,-4.0413513,6.0137787
19052299221359,-3.5817413,-4.7406006,7.008728
19052309292160,-4.3796387,-5.2365875,8.136047
19052319362960,-4.000519,-5.0645294,9.698563
19052329433761,-3.6214142,-4.8924713,11.260956
19052339504562,-3.2423248,-4.720413,12.823364
19052349575363,-2.8632202,-4.548355,14.385757
19052359646164,-2.6389923,-4.286606,15.674194
19052369716964,-2.8407593,-3.7781067,16.209045
19052379787765,-3.0425415,-3.2695618,16.743958
19052389858566,-3.2443237,-2.7610626,17.278809
19052399929367,-3.4460907,-2.2525635,17.81366
19052388210617,-2.3417969,-3.3498077,11.080292
19052410000167,-3.4661407,-1.8553467,18.00824
19052420070968,-3.0621185,-1.7177887,17.408691
19052430141769,-2.6581116,-1.580246,16.809128
19052440212570,-2.2540588,-1.442688,16.209518
19052450283371,-1.8500366,-1.30513,15.60997
19052460354171,-1.5240936,-1.208313,15.093079
19052470424972,-1.3543243,-1.1929779,14.741562
19052480495773,-1.1845703,-1.1776276,14.390045
19052490566574,-1.014801,-1.1622772,14.038528
19052500637374,-0.845047,-1.1469269,13.687027
19052510708175,-0.6923218,-1.2217712,13.252106
19052520778976,-0.56866455,-1.4503784,12.675079
19052530849777,-0.44502258,-1.6789856,12.098038
19052540920578,-0.32136536,-1.9075928,11.521011
19052550991378,-0.19772339,-2.1362152,10.943985
19052561062179,-0.104385376,-2.172058,10.469467
19052571132980,-0.055984497,-1.9223633,10.146927
19052581203781,-0.0075683594,-1.6726685,9.824387
19052591274581,0.04083252,-1.4229736,9.501831
19052601345382,0.0892334,-1.1732788,9.179291
19052588253341,-0.58151245,-1.413971,12.068146
19052611416183,0.15014648,-1.0728302,8.972412
19052621486984,0.22721863,-1.1652222,8.914978
19052631557785,0.30429077,-1.2576141,8.857529
19052641628585,0.38136292,-1.3499908,8.800079
19052651699386,0.4584198,-1.4423828,8.742645
19052661770187,0.4917755,-1.4602051,8.823013
19052671840988,0.47454834,-1.3917542,9.062836
19052681911789,0.4573059,-1.3233032,9.302658
19052691982589,0.44007874,-1.2548523,9.54248
19052702053390,0.42285156,-1.1864014,9.782288
19052712124191,0.39460754,-1.1809692,9.905106
19052722194992,0.35498047,-1.2409058,9.906555
19052732265792,0.31533813,-1.3008575,9.908005
19052742336593,0.2756958,-1.3607941,9.909454
19052752407394,0.23605347,-1.4207306,9.910904
19052762478195,0.19374084,-1.4458923,9.907211
19052772548996,0.14938354,-1.4444733,9.899582
19052782619796,0.105041504,-1.443039,9.8919525
19052792690597,0.060684204,-1.4416046,9.884323
19052802761398,0.016326904,-1.4401703,9.876694
19052788265548,0.28256226,-1.382431,9.600296
19052812832199,0.038085938,-1.4524384,9.852463
19052822902999,0.108566284,-1.4748077,9.8160095
19052832973800,0.17904663,-1.4971619,9.779541
19052843044601,0.24952698,-1.519516,9.743088
19052853115402,0.32002258,-1.5418854,9.7066345
19052863186203,0.2967682,-1.5360413,9.651962
19052873257003,0.22914124,-1.516861,9.588654
19052883327804,0.16152954,-1.4976807,9.52536
19052893398605,0.09391785,-1.4785004,9.462051
19052903469406,0.026290894,-1.4593201,9.398743
19052913540206,0.0036010742,-1.4552155,9.438293
19052923611007,-0.0011901855,-1.4571381,9.518814
19052933681808,-0.0059814453,-1.4590607,9.599319
19052943752609,-0.010772705,-1.460968,9.679855
19052953823410,-0.015563965,-1.4628906,9.760361
19052963894210,0.0051116943,-1.4504547,9.778458
19052973965011,0.034332275,-1.433197,9.775589
19052984035812,0.063568115,-1.4159546,9.77272
19052994106613,0.092803955,-1.3986969,9.769836
19053004177414,0.122039795,-1.3814392,9.766968
19052987606369,0.11534119,-1.4609833,9.65564
19053014248214,0.08833313,-1.4147797,9.890366
19053024319015,0.03704834,-1.4622192,10.048996
19053034389816,-0.01423645,-1.5096741,10.207626
19053044460617,-0.06550598,-1.5571136,10.366272
19053054531417,-0.11679077,-1.6045532,10.524902
19053064602218,-0.07235718,-1.7125702,10.771057
19053074673019,-0.006225586,-1.8343048,11.037048
19053084743820,0.059921265,-1.9560394,11.30304
19053094814621,0.12605286,-2.0777588,11.569031
19053104885421,0.1921997,-2.1994934,11.835022
19053114956222,-0.056793213,-2.2655182,12.396225
19053125027023,-0.36210632,-2.3215942,13.010208
19053135097824,-0.6674042,-2.3776703,13.6241455
19053145168624,-0.972702,-2.4337463,14.238083
19053155239425,-1.2779846,-2.4898224,14.85202
19053165310226,-1.4447479,-2.7044983,15.132645
19053175381027,-1.5929413,-2.9404602,15.368607
19053185451828,-1.7411194,-3.1763916,15.604538
19053195522628,-1.8892975,-3.4123383,15.840485
19053205593429,-2.0374756,-3.6482697,16.076416
19053187649093,-0.82192993,-2.498825,13.362473
19053215664230,-2.0848236,-3.736679,16.066696
19053225735031,-2.1231537,-3.8119202,16.035065
19053235805831,-2.161499,-3.8871765,16.003433
19053245876632,-2.1998444,-3.9624176,15.971802
19053255947433,-2.2381897,-4.0376587,15.94017
19053266018234,-2.4251862,-3.919098,15.635834
19053276089035,-2.6197662,-3.7906647,15.317612
19053286159835,-2.8143463,-3.6622162,14.999374
19053296230636,-3.0089264,-3.5337677,14.681152
19053306301437,-3.2035217,-3.4053192,14.3629
19053316372238,-3.1490326,-3.1627808,13.225235
19053326443039,-3.0906982,-2.9184723,12.074921
19053336513839,-3.0323792,-2.6741638,10.924622
19053346584640,-2.9740448,-2.42984,9.774307
19053356655441,-2.9125671,-2.1861572,8.62056
19053366726242,-2.328308,-2.0447693,6.8946075
19053376797042,-1.7440796,-1.9033813,5.1687775
19053386867843,-1.1598663,-1.7619934,3.4429474
19053396938644,-0.5756378,-1.6206207,1.7171326
19053387844406,-2.0942383,-2.7791138,9.746689
19053407009445,-0.01071167,-1.4695587,-0.005355835
19053417080246,0.08274841,-1.082962,-1.6433105
19053427151046,0.17622375,-0.69633484,-3.2814026
19053437221847,0.26968384,-0.30970764,-4.9194946
19053447292648,0.36315918,0.076919556,-6.5575714
19053457363449,0.45663452,0.46354675,-8.195663
19053467434249,1.5818481,1.4454651,-9.324173
19053477505050,2.7102203,2.4291992,-10.451096
19053487575851,3.8385162,3.4128723,-11.577927
19053497646652,4.9668884,4.3966064,-12.704849
19053507717453,5.9709473,5.275406,-13.646652
19053517788253,5.9591064,5.296707,-13.076096
19053527859054,5.9472656,5.3180237,-12.505539
19053537929855,5.93544,5.339325,-11.934982
19053548000656,5.9235992,5.360626,-11.364441
19053558071456,5.8967743,5.422394,-10.725891
19053568142257,5.701599,5.938492,-9.32373
19053578213058,5.506439,6.4545593,-7.9216766
19053588283859,5.311264,6.9706116,-6.519638
19053598354660,5.116089,7.4867096,-5.1174774
19053587856613,4.3244324,4.757141,-9.179047
19053608425460,4.910965,7.6844025,-3.7821198
19053618496261,4.660019,6.419235,-2.7532349
19053628567062,4.409073,5.1540833,-1.72435
19053638637863,4.1581116,3.888916,-0.6954651
19053648708664,3.9071503,2.6236572,0.33351135
19053658779464,3.6575165,1.447876,1.3683319
19053668850265,3.415268,0.77256775,2.4363708
19053678921066,3.1730042,0.097229004,3.5045013
19053688991867,2.9307404,-0.57806396,4.5725403
19053699062667,2.6884918,-1.2533569,5.640579
19053709133468,2.2782898,-1.9998016,6.6476135
19053719204269,1.360199,-2.9611206,7.4697113
19053729275070,0.4421234,-3.9224396,8.291794
19053739345871,-0.47601318,-4.883835,9.113937
19053749416671,-1.3940887,-5.845154,9.936035
19053759487472,-2.0095978,-6.498062,10.739929
19053769558273,-1.6635132,-6.170822,11.485779
19053779629074,-1.3173981,-5.843567,12.231659
19053789699874,-0.97128296,-5.5162964,12.977554
19053799770675,-0.62516785,-5.189026,13.72345
19053787899337,0.9300232,-2.9380035,8.111374
19053809841476,-0.49404907,-4.85643,14.338577
19053819912277,-0.8302307,-4.512146,14.66954
19053829983078,-1.1664124,-4.1678925,15.000473
19053840053878,-1.5025787,-3.823639,15.331406
19053850124679,-1.8387604,-3.47937,15.662369
19053860195480,-2.033554,-3.1790924,15.924774
19053870266281,-1.9123077,-2.9771729,16.03395
19053880337081,-1.7910461,-2.7752228,16.143127
19053890407882,-1.6697845,-2.573288,16.25232
19053900478683,-1.5485382,-2.3713531,16.361496
19053910549484,-1.4752045,-2.1671753,16.253448
19053920620285,-1.4794769,-1.9593964,15.793655
19053930691085,-1.4837646,-1.7515869,15.333817
19053940761886,-1.4880371,-1.543808,14.874023
19053950832687,-1.4923096,-1.3360138,14.41423
19053960903488,-1.3499756,-1.2400513,13.75238
19053970974289,-0.96395874,-1.3299103,12.7547455
19053981045089,-0.57795715,-1.4197693,11.757126
19053991115890,-0.19197083,-1.509613,10.759567
19054001186691,0.19403076,-1.599472,9.761932
19053987972580,-1.1581573,-2.0858307,13.914719
19054011257492,0.4280548,-1.728836,9.051483
19054021328292,0.4751587,-1.906784,8.694138
19054031399093,0.5222626,-2.084732,8.336838
19054041469894,0.56936646,-2.2626648,7.9795227
19054051540695,0.6164551,-2.4406128,7.622223
19054061611496,0.6677551,-2.428482,7.568207
19054071682296,0.72428894,-2.1796875,7.8918915
19054081753097,0.7808075,-1.9308777,8.215591
19054091823898,0.83732605,-1.6820984,8.539246
19054101894699,0.89385986,-1.4332886,8.86293
19054111965499,0.8796997,-1.3717957,9.133209
19054122036300,0.7998047,-1.4844971,9.353851
19054132107101,0.7199249,-1.5971832,9.574478
19054142177902,0.64004517,-1.7098694,9.795105
19054152248703,0.5601654,-1.8225708,10.015747
19054162319503,0.47335815,-1.904541,10.147186
19054172390304,0.3799591,-1.9572296,10.193649
19054182461105,0.28656006,-2.0099182,10.240097
19054192531906,0.19316101,-2.0625916,10.28656
19054202602706,0.09976196,-2.1152802,10.333023
19054188442550,0.5354767,-1.9674072,9.230148
19054212673507,0.053634644,-2.1232605,10.280106
19054222744308,0.0473938,-2.0935059,10.143356
19054232815109,0.041152954,-2.0637512,10.006592
19054242885910,0.03491211,-2.0340118,9.869843
19054252956710,0.028671265,-2.0042572,9.733078
19054263027511,0.03526306,-1.9639587,9.649704
19054273098312,0.05105591,-1.9160919,9.604706
19054283169113,0.066848755,-1.8682251,9.559708
19054293239914,0.08265686,-1.8203583,9.514709
19054303310714,0.09844971,-1.7724915,9.469711
19054313381515,0.110458374,-1.8022614,9.449493
19054323452316,0.12005615,-1.8818665,9.445175
19054333523117,0.12963867,-1.9614716,9.440872
19054343593917,0.13923645,-2.0410767,9.436554
19054353664718,0.14883423,-2.1206818,9.432236
19054363735519,0.15408325,-2.109024,9.54361
19054373806320,0.15696716,-2.0471802,9.718552
19054383877121,0.15983582,-1.9853668,9.893478
19054393947921,0.16271973,-1.9235382,10.068405
19054404018722,0.16558838,-1.8617096,10.243347
19054388485275,0.11236572,-1.934082,9.714554
19054414089523,0.15193176,-1.933197,10.415497
19054424160324,0.13046265,-2.0677795,10.5863495
19054434231124,0.10897827,-2.2023468,10.757202
19054444301925,0.087509155,-2.3369293,10.92804
19054454372726,0.06604004,-2.4715118,11.098892
19054464443527,-0.016052246,-2.5773163,11.365158
19054474514328,-0.1252594,-2.6702423,11.674088
19054484585128,-0.23446655,-2.763153,11.983032
19054494655929,-0.3436737,-2.856079,12.291977
19054504726730,-0.45288086,-2.9489899,12.600906
19054514797531,-0.550766,-3.0115662,13.064728
19054524868331,-0.6442871,-3.0623932,13.588394
19054534939132,-0.73779297,-3.1132355,14.112061
19054545009933,-0.8313141,-3.1640625,14.635742
19054555080734,-0.9248352,-3.2149048,15.159454
19054565151535,-1.1304932,-3.1204834,15.701401
19054575222335,-1.3720398,-2.9795837,16.249207
19054585293136,-1.6135864,-2.838684,16.796997
19054595363937,-1.855133,-2.6977692,17.344803
19054605434738,-2.0967102,-2.5568542,17.89264
19054588772140,-0.87965393,-2.8106537,14.283081
19054615505539,-2.055481,-2.6695404,17.730087
19054625576339,-1.9394989,-2.8492584,17.379745
19054635647140,-1.8235168,-3.0289917,17.029404
19054645717941,-1.7075348,-3.2087097,16.679062
19054655788742,-1.5915527,-3.388443,16.32872
19054665859542,-1.7415161,-3.2362518,15.638672
19054675930343,-1.9481964,-3.0132446,14.87619
19054686001144,-2.1549072,-2.7902374,14.113632
19054696071945,-2.3615875,-2.5672455,13.3511505
19054706142746,-2.568283,-2.3442535,12.588654
19054716213546,-2.41893,-2.2199554,11.082138
19054726284347,-2.2118683,-2.1116333,9.45491
19054736355148,-2.004837,-2.0033264,7.8278046
19054746425949,-1.7977905,-1.8950043,6.200714
19054756496749,-1.590744,-1.7866974,4.5736084
19054766567550,-1.3297272,-1.711792,2.776001
19054776638351,-1.0623016,-1.6408691,0.9581604
19054786709152,-0.7948456,-1.569931,-0.8598175
19054796779953,-0.52742004,-1.4989929,-2.6776733
19054806850753,-0.2599945,-1.4280701,-4.495514
19054788814865,-1.4943848,-2.2328186,7.130661
19054816921554,0.39753723,-0.7932892,-6.3009796
19054826992355,1.0857544,-0.11418152,-8.105682
19054837063156,1.7739105,0.5648651,-9.910248
19054847133956,2.4620667,1.2439117,-11.714798
19054857204757,3.1502228,1.9229584,-13.519363
19054867275558,3.8666382,2.3594513,-13.307831
19054877346359,4.5840454,2.786728,-13.020096
19054887417160,5.3014526,3.2140198,-12.732376
19054897487960,6.018875,3.6412964,-12.444641
19054907558761,6.7363434,4.068619,-12.156891
19054917629562,6.37854,4.686966,-10.776001
19054927700363,6.020752,5.305313,-9.395126
19054937771164,5.662964,5.9236755,-8.014252
19054947841964,5.3051605,6.5420227,-6.633377
19054957912765,4.959488,7.125717,-5.264618
19054967983566,5.0021667,6.599167,-4.285858
19054978054367,5.0448456,6.0726166,-3.3070831
19054988125167,5.0875397,5.5460663,-2.328308
19054998195968,5.1302185,5.019516,-1.3495483
19054988827072,5.0099792,4.421509,-7.8680573
19055008266769,5.143173,4.4495544,-0.37965393
19055018337570,4.739868,3.272232,0.4647827
19055028408371,4.3365784,2.094925,1.3092041
19055038479171,3.9332886,0.91760254,2.1536407
19055048549972,3.5299835,-0.25971985,2.9980621
19055058620773,3.080841,-1.4058228,3.8246307
19055068691574,2.2046967,-2.2608643,4.484497
19055078762374,1.3285522,-3.1159058,5.1443634
19055088833175,0.45240784,-3.9709625,5.8042297
19055098903976,-0.42381287,-4.826065,6.464142
19055108974777,-1.1600952,-5.5265045,7.2190247
19055119045578,-0.9870758,-5.2216797,8.591644
19055129116378,-0.81407166,-4.91687,9.964249
19055139187179,-0.64105225,-4.6120605,11.336853
19055149257980,-0.46803284,-4.3072357,12.709579
19055159328781,-0.36340332,-4.0555267,13.929901
19055169399581,-0.6007843,-4.0694427,14.38884
19055179470382,-0.83815,-4.0833435,14.847763
19055189541183,-1.0755615,-4.0972595,15.306732
19055199611984,-1.3129272,-4.1111603,15.765671
19055188869796,0.03916931,-3.7663727,10.195389
19055209682785,-1.509903,-4.100464,16.123672
19055219753585,-1.5482178,-3.9931793,16.085358
19055229824386,-1.5865479,-3.8858795,16.047028
19055239895187,-1.6248627,-3.778595,16.008713
19055249965988,-1.6631775,-3.6713104,15.970398
19055260036789,-1.6356964,-3.4709473,15.901611
19055270107589,-1.3919373,-2.9647064,15.732712
19055280178390,-1.1481476,-2.458435,15.563797
19055290249191,-0.9043884,-1.9521942,15.394882
19055300319992,-0.6606293,-1.4459686,15.225983
19055310390792,-0.4747162,-1.10466,14.8381195
19055320461593,-0.44309998,-1.2033234,13.866272
19055330532394,-0.41148376,-1.3019867,12.89444
19055340603195,-0.37986755,-1.4006653,11.922607
19055350673996,-0.3482666,-1.4993286,10.950775
19055360744796,-0.25953674,-1.5894623,10.152191
19055370815597,-0.039413452,-1.6599579,9.752213
19055380886398,0.18070984,-1.7304535,9.352264
19055390957199,0.40081787,-1.8009491,8.952316
19055401027999,0.62094116,-1.8714447,8.552368
19055388912521,-0.43392944,-2.0382233,12.401398
19055411098800,0.7787323,-1.9077759,8.305847
19055421169601,0.815155,-1.8775787,8.358093
19055431240402,0.85157776,-1.8473816,8.410339
19055441311203,0.8880005,-1.8171997,8.46257
19055451382003,0.9244232,-1.7870026,8.514816
19055461452804,0.9546051,-1.7957611,8.628189
19055471523605,0.9742584,-1.8700867,8.844467
19055481594406,0.993927,-1.9444275,9.0607605
19055491665206,1.0135803,-2.018753,9.277039
19055501736007,1.0332489,-2.0930939,9.493332
19055511806808,0.9788513,-2.1665955,9.64386
19055521877609,0.8174286,-2.238922,9.699417
19055531948410,0.6560211,-2.3112488,9.754974
19055542019210,0.49458313,-2.3835754,9.810547
19055552090011,0.33317566,-2.455902,9.866104
19055562160812,0.24310303,-2.4574738,9.922546
19055572231613,0.24406433,-2.3687592,9.980087
19055582302414,0.24502563,-2.2800446,10.037628
19055592373214,0.24598694,-2.1913147,10.095184
19055602444015,0.24694824,-2.1026,10.152725
19055588955246,0.62057495,-2.1143951,9.56221
19055612514816,0.21031189,-1.9970703,10.136185
19055622585617,0.13223267,-1.8730164,10.037994
19055632656417,0.054153442,-1.7489471,9.939804
19055642727218,-0.023925781,-1.6248932,9.841614
19055652798019,-0.101989746,-1.5008392,9.743423
19055662868820,-0.10461426,-1.5240631,9.672104
19055672939621,-0.033599854,-1.6910706,9.626984
19055683010421,0.03741455,-1.8580475,9.581879
19055693081222,0.108428955,-2.0250397,9.536774
19055703152023,0.17945862,-2.1920166,9.491669
19055713222824,0.2091217,-2.249939,9.520218
19055723293624,0.2043457,-2.216919,9.610168
19055733364425,0.19955444,-2.1839142,9.700104
19055743435226,0.19477844,-2.1509094,9.790039
19055753506027,0.18998718,-2.1178894,9.879974
19055763576828,0.2620697,-2.2021637,10.218475
19055773647628,0.3921814,-2.3750153,10.744705
19055783718429,0.5222931,-2.5478668,11.270935
19055793789230,0.65242004,-2.7207184,11.797195
19055803860031,0.782547,-2.89357,12.323425
19055788997970,0.27304077,-2.1929474,10.403076
19055813930831,0.522522,-3.0298157,12.719894
19055824001632,0.015304565,-3.1428528,13.034103
19055834072433,-0.4919281,-3.25589,13.348312
19055844143234,-0.99916077,-3.368927,13.662521
19055854214035,-1.5063934,-3.481964,13.976715
19055864284835,-1.5926056,-3.281784,14.249603
19055874355636,-1.4444122,-2.907257,14.499451
19055884426437,-1.2962341,-2.5327148,14.749298
19055894497238,-1.148056,-2.1581879,14.9991455
19055904568039,-0.9998779,-1.7836609,15.248993
19055914638839,-1.1406097,-1.8136139,15.3520355
19055924709640,-1.4181061,-2.0350342,15.385574
19055934780441,-1.6956177,-2.2564697,15.419128
19055944851242,-1.973114,-2.47789,15.4526825
19055954922042,-2.2506104,-2.6993103,15.486221
19055964992843,-2.2625885,-2.7439423,15.140625
19055975063644,-2.1672058,-2.717102,14.641708
19055985134445,-2.0718384,-2.6902618,14.142792
19055995205246,-1.9764557,-2.6634216,13.643845
19056005276046,-1.8810883,-2.6365814,13.144928
19055989071212,-1.7068329,-2.6446228,14.483032
19056015346847,-1.6835327,-2.5690155,12.323761
19056025417648,-1.4510956,-2.4875488,11.392563
19056035488449,-1.2186432,-2.406067,10.4613495
19056045559249,-0.98620605,-2.3246002,9.530136
19056055630050,-0.7537384,-2.2431183,8.598862
19056065700851,-0.39982605,-2.3259277,7.2097473
19056075771652,-0.011383057,-2.4553986,5.6905212
19056085842453,0.37705994,-2.5848846,4.171295
19056095913253,0.7655182,-2.7143707,2.651947
19056105984054,1.1539612,-2.8438568,1.132721
19056116054855,1.7020111,-2.4954834,0.02166748
19056126125656,2.2862244,-2.038742,-0.9967804
19056136196456,2.870453,-1.5820007,-2.015213
19056146267257,3.4546814,-1.1252594,-3.0336456
19056156338058,4.0388947,-0.66851807,-4.0520782
19056166408859,4.609192,-0.4003296,-5.0275116
19056176479660,5.1769867,-0.16583252,-5.9952545
19056186550460,5.744812,0.06867981,-6.9630737
19056196621261,6.312607,0.30319214,-7.9308014
19056206692062,6.8804016,0.5376892,-8.898544
19056189083419,2.8991852,-1.2818604,-0.99295044
19056216762863,7.1644897,1.1724396,-8.978241
19056226833664,7.4116364,1.8592834,-8.942322
19056236904464,7.658783,2.5461273,-8.906403
19056246975265,7.905945,3.2329712,-8.870483
19056257046066,8.153107,3.919876,-8.834549
19056267116867,8.199097,4.0606537,-8.185104
19056277187667,8.226425,4.150818,-7.478668
19056287258468,8.253769,4.240982,-6.772278
19056297329269,8.281097,4.331131,-6.0659027
19056307400070,8.308441,4.421295,-5.3595123
19056317470871,8.07933,4.177887,-4.436325
19056327541671,7.837158,3.9174957,-3.5021667
19056337612472,7.5949707,3.6570892,-2.5679932
19056347683273,7.3527985,3.396698,-1.6338196
19056357754074,7.110626,3.1363068,-0.699646
19056367824874,6.688675,2.5853424,0.050323486
19056377895675,6.2645264,2.030838,0.79797363
19056387966476,5.840378,1.4763336,1.5456238
19056398037277,5.4162292,0.92181396,2.293274
19056389126144,7.1481476,2.979004,-2.9549713
19056408108078,4.979416,0.3585968,3.03833
19056418178878,3.9572906,-0.60749817,3.6624298
19056428249679,2.9351654,-1.5735779,4.2865295
19056438320480,1.9129639,-2.539734,4.910675
19056448391281,0.8908386,-3.5058289,5.534775
19056458462081,-0.09820557,-4.433609,6.19191
19056468532882,-0.4777527,-4.655777,7.457733
19056478603683,-0.8573456,-4.87796,8.723663
19056488674484,-1.236908,-5.100128,9.989487
19056498745285,-1.6164551,-5.322296,11.25531
19056508816085,-1.9604492,-5.500595,12.459335
19056518886886,-1.9484711,-5.239868,13.044525
19056528957687,-1.9364929,-4.9791565,13.6297
19056539028488,-1.9244995,-4.7184143,14.21492
19056549099289,-1.9125214,-4.4577026,14.80011
19056559170089,-1.9256592,-4.142212,15.342133
19056569240890,-2.1159363,-3.440567,15.579834
19056579311691,-2.3061981,-2.738922,15.817551
19056589382492,-2.49646,-2.0372772,16.055267
19056599453292,-2.6867523,-1.3355865,16.293
19056589168869,-1.6973114,-3.730072,12.584686
19056609524093,-2.7877655,-0.77153015,16.39653
19056619594894,-2.4115448,-0.94311523,15.782593
19056629665695,-2.035324,-1.114685,15.168655
19056639736496,-1.6591034,-1.2862549,14.554718
19056649807296,-1.2828674,-1.45784,13.940781
19056659878097,-0.95199585,-1.6113129,13.329773
19056669948898,-0.81340027,-1.6880493,12.731293
19056680019699,-0.6748047,-1.7647858,12.132767
19056690090499,-0.5362091,-1.841507,11.5342865
19056700161300,-0.39761353,-1.9182434,10.935806
19056710232101,-0.23890686,-1.9849396,10.416138
19056720302902,-0.01171875,-2.0175323,10.164505
19056730373703,0.2154541,-2.0501251,9.912888
19056740444503,0.44262695,-2.0827026,9.66127
19056750515304,0.6697998,-2.1152954,9.409668
19056760586105,0.82154846,-2.1191711,9.218109
19056770656906,0.75923157,-2.0415192,9.1970215
19056780727706,0.69692993,-1.9638824,9.175934
19056790798507,0.6346283,-1.8862457,9.154846
19056800869308,0.57232666,-1.8085938,9.133759
19056789211593,0.024291992,-1.8668365,10.564941
19056810940109,0.5384674,-1.7740631,9.110428
19056821010910,0.5729828,-1.8430786,9.081665
19056831081710,0.6074829,-1.9120941,9.0529175
19056841152511,0.6419983,-1.9811096,9.024155
19056851223312,0.6764984,-2.0501251,8.995392
19056861294113,0.68873596,-2.065155,9.014496
19056871364914,0.6551666,-1.9692535,9.131989
19056881435714,0.6215973,-1.8733368,9.249481
19056891506515,0.58802795,-1.7774353,9.366974
19056901577316,0.5544586,-1.6815186,9.484467
19056911648117,0.54145813,-1.6629944,9.550873
19056921718917,0.5644531,-1.7799377,9.527878
19056931789718,0.5874634,-1.8968811,9.504868
19056941860519,0.61047363,-2.0138245,9.481857
19056951931320,0.6334686,-2.1307526,9.458862
19056962002121,0.65153503,-2.1595917,9.469925
19056972072921,0.66207886,-2.0545807,9.532745
19056982143722,0.67263794,-1.9495544,9.595566
19056992214523,0.68318176,-1.8445282,9.658386
19057002285324,0.69374084,-1.739502,9.721207
19056989223800,0.64497375,-1.8995667,9.434265
19057012356124,0.7069855,-1.6855927,9.710739
19057022426925,0.7237396,-1.6985168,9.604401
19057032497726,0.74050903,-1.7114563,9.498077
19057042568527,0.7572632,-1.7243805,9.391739
19057052639328,0.7740326,-1.73732,9.285416
19057062710128,0.74298096,-1.7533722,9.290436
19057072780929,0.6566162,-1.773056,9.424316
19057082851730,0.5702362,-1.7927246,9.558197
19057092922531,0.4838562,-1.8123932,9.692078
19057102993331,0.39749146,-1.832077,9.825958
19057113064132,0.36613464,-1.8934326,9.885986
19057123134933,0.38912964,-1.9960022,9.873047
19057133205734,0.4121399,-2.0985565,9.860107
19057143276535,0.43515015,-2.201126,9.847168
19057153347335,0.45814514,-2.3036957,9.8342285
19057163418136,0.39813232,-2.401123,10.053146
19057173488937,0.2663269,-2.4940948,10.472504
19057183559738,0.13453674,-2.5870667,10.891846
19057193630539,0.0027313232,-2.6800537,11.311203
19057203701339,-0.1290741,-2.7730255,11.730591
19057189266525,0.35516357,-2.1875916,10.215027
19057213772140,-0.24523926,-2.6826935,12.089676
19057223842941,-0.34957886,-2.4538727,12.403198
19057233913742,-0.45393372,-2.2250671,12.716736
19057243984542,-0.5582886,-1.9962616,13.030273
19057254055343,-0.66264343,-1.767456,13.343811
19057264126144,-0.8015747,-1.7425842,13.678848
19057274196945,-0.9638672,-1.8554077,14.028381
19057284267746,-1.1261597,-1.9682465,14.377945
19057294338546,-1.2884521,-2.0810852,14.727493
19057304409347,-1.4507446,-2.193924,15.077057
19057314480148,-1.2797394,-2.347229,15.111908
19057324550949,-0.9207306,-2.5233917,14.969254
19057334621749,-0.56170654,-2.6995392,14.826599
19057344692550,-0.20269775,-2.875702,14.68396
19057354763351,0.15631104,-3.0518494,14.541306
19057364834152,0.16334534,-3.260376,14.428452
19057374904953,-0.0056762695,-3.4850922,14.330505
19057384975753,-0.17468262,-3.7098083,14.232559
19057395046554,-0.34370422,-3.9345245,14.134598
19057405117355,-0.5127106,-4.1592255,14.036652
19057389278732,-0.6249542,-2.8112488,14.293793
19057415188156,-0.43196106,-4.0868835,13.549881
19057425258956,-0.24874878,-3.8926544,12.90358
19057435329757,-0.06552124,-3.6984253,12.257278
19057445400558,0.1177063,-3.5041962,11.610962
19057455471359,0.30093384,-3.3099823,10.964661
19057465542160,0.3811493,-3.1302795,9.853699
19057475612960,0.42391968,-2.9558868,8.573837
19057485683761,0.4666748,-2.781479,7.2938843
19057495754562,0.50942993,-2.6070862,6.014038
19057505825363,0.55218506,-2.4326935,4.734192
19057515896164,0.862854,-2.2073364,3.3132782
19057525966964,1.2496185,-1.967514,1.8523407
19057536037765,1.6363983,-1.7277069,0.3914032
19057546108566,2.023178,-1.4878845,-1.0695343
19057556179367,2.4099731,-1.2480469,-2.5305786
19057566250167,2.9753265,-0.77853394,-4.2826233
19057576320968,3.583664,-0.2537384,-6.104721
19057586391769,4.192032,0.27108765,-7.9269714
19057596462570,4.8003693,0.7958679,-9.749084
19057606533371,5.4087524,1.320694,-11.571335
19057589290939,2.22435,-1.3633881,0.14546204
19057616604171,5.813202,1.8946686,-11.861664
19057626674972,6.181305,2.4774933,-11.8784485
19057636745773,6.5493774,3.0602722,-11.895218
19057646816574,6.917465,3.6430664,-11.911987
19057656887374,7.2855377,4.2258453,-11.928772
19057666958175,7.090973,4.448242,-11.082077
19057677028976,6.8209686,4.6223297,-10.119537
19057687099777,6.5509796,4.796417,-9.157074
19057697170578,6.2809906,4.9704895,-8.194611
19057707241378,6.0110016,5.144562,-7.232147
19057717312179,5.9616394,5.0743866,-6.1625214
19057727382980,5.9319305,4.982422,-5.0833893
19057737453781,5.902237,4.890457,-4.004257
19057747524581,5.8725433,4.7984924,-2.9251404
19057757595382,5.8428497,4.7065277,-1.8460083
19057767666183,5.6279907,3.868042,-0.955246
19057777736984,5.403076,2.9890137,-0.074798584
19057787807785,5.1781616,2.1100006,0.80566406
19057797878585,4.9532623,1.2309723,1.6861267
19057807949386,4.728348,0.35195923,2.5665894
19057789333664,5.971054,3.6234894,-4.5736237
19057818020187,4.011261,-0.6512146,4.0195923
19057828090988,3.286621,-1.6562347,5.4813385
19057838161789,2.561966,-2.6612396,6.9431
19057848232589,1.837326,-3.6662598,8.404846
19057858303390,1.124588,-4.6563263,9.85347
19057868374191,1.0574493,-4.835678,10.587173
19057878444992,0.99031067,-5.01503,11.320892
19057888515792,0.923172,-5.1943817,12.054611
19057898586593,0.8560333,-5.373749,12.78833
19057908657394,0.7800598,-5.522751,13.487579
19057918728195,0.5509796,-5.145096,13.588226
19057928798996,0.3218689,-4.767395,13.688873
19057938869796,0.0927887,-4.38974,13.78952
19057948940597,-0.13630676,-4.012085,13.890167
19057959011398,-0.33009338,-3.6709595,14.000214
19057969082199,-0.15745544,-3.7093353,14.207855
19057979152999,0.015182495,-3.747696,14.415512
19057989223800,0.18782043,-3.7860565,14.623154
19057999294601,0.36047363,-3.8244324,14.830826
19057989345871,0.52119446,-4.430496,13.079208
19058009365402,0.48350525,-3.8237915,14.989395
19058019436203,0.25682068,-3.5482178,14.802002
19058029507003,0.03012085,-3.272644,14.614609
19058039577804,-0.19656372,-2.9970703,14.427216
19058049648605,-0.4232788,-2.721466,14.239807
19058059719406,-0.6039734,-2.4927063,13.972473
19058069790206,-0.5387573,-2.5142975,13.277603
19058079861007,-0.47354126,-2.5358734,12.582733
19058089931808,-0.40830994,-2.5574493,11.887802
19058100002609,-0.34309387,-2.5790253,11.192932
19058110073410,-0.23809814,-2.580719,10.564941
19058120144210,0.032211304,-2.4997253,10.215073
19058130215011,0.3025055,-2.4187317,9.865219
19058140285812,0.57281494,-2.337738,9.51535
19058150356613,0.8431244,-2.2567444,9.165497
19058160427414,1.0489655,-2.201126,8.882477
19058170498214,1.0355377,-2.2318115,8.826843
19058180569015,1.02211,-2.262497,8.771225
19058190639816,1.0086823,-2.2931976,8.715591
19058200710617,0.9952545,-2.323883,8.659958
19058189358078,0.28315735,-2.4065857,10.557205
19058210781417,0.9947052,-2.3693542,8.636932
19058220852218,1.0301666,-2.4561005,8.704987
19058230923019,1.0656433,-2.5428467,8.773056
19058240993820,1.1011047,-2.6296082,8.84111
19058251064621,1.1365662,-2.7163544,8.909164
19058261135421,1.1456909,-2.758667,9.014282
19058271206222,1.0924225,-2.695816,9.207184
19058281277023,1.0391693,-2.6329498,9.400085
19058291347824,0.9859009,-2.5700836,9.593002
19058301418624,0.93263245,-2.5072327,9.785889
19058311489425,0.8486328,-2.4903107,9.908768
19058321560226,0.70399475,-2.5640717,9.893433
19058331631027,0.55934143,-2.6378326,9.878113
19058341701828,0.41467285,-2.711609,9.862778
19058351772628,0.2700348,-2.7853699,9.847458
19058361843429,0.18386841,-2.800766,9.848297
19058371914230,0.19874573,-2.7153473,9.87709
19058381985031,0.21362305,-2.6299438,9.905884
19058392055831,0.22850037,-2.5445251,9.934677
19058402126632,0.24336243,-2.4591064,9.96347
19058389339767,0.6223602,-2.620819,9.672302
19058412197433,0.24578857,-2.4033203,9.951782
19058422268234,0.22998047,-2.3908691,9.880905
19058432339035,0.21417236,-2.378418,9.810013
19058442409835,0.19836426,-2.3659668,9.7391205
19058452480636,0.18255615,-2.3535156,9.668228
19058462551437,0.18725586,-2.3860626,9.722061
19058472622238,0.21846008,-2.4767609,9.9370575
19058482693039,0.24964905,-2.5674438,10.152023
19058492763839,0.280838,-2.658142,10.366989
19058502834640,0.31202698,-2.7488403,10.581985
19058512905441,0.2518158,-2.7811127,10.94986
19058522976242,0.09088135,-2.7490234,11.486313
19058533047042,-0.07006836,-2.7169342,12.022812
19058543117843,-0.23100281,-2.684845,12.55925
19058553188644,-0.39193726,-2.6527405,13.095703
19058563259445,-0.56417847,-2.6572876,13.582382
19058573330246,-0.74749756,-2.6976013,14.020508
19058583401046,-0.9308014,-2.7378998,14.458603
19058593471847,-1.11409,-2.7782135,14.896713
19058603542648,-1.2973938,-2.8185272,15.334808
19058589351974,-0.3375244,-2.6541443,12.304398
19058613613449,-1.5562744,-2.7872162,15.709259
19058623684249,-1.8781738,-2.6961975,16.03067
19058633755050,-2.2000427,-2.605194,16.352066
19058643825851,-2.5219116,-2.5141907,16.673447
19058653896652,-2.8437805,-2.4231873,16.994843
19058663967453,-2.6728668,-2.4322815,16.587692
19058674038253,-2.1388245,-2.5151367,15.643631
19058684109054,-1.6047668,-2.5980072,14.699585
19058694179855,-1.0707092,-2.6808624,13.755524
19058704250656,-0.5366211,-2.763733,12.811401
19058714321456,-0.21862793,-3.1438751,11.490356
19058724392257,-0.04107666,-3.717331,9.9240265
19058734463058,0.13645935,-4.290741,8.357803
19058744533859,0.31401062,-4.8641663,6.7915955
19058754604660,0.49154663,-5.4375763,5.2253876
19058764675460,0.9421692,-5.314789,4.194824
19058774746261,1.5428009,-4.8094635,3.4586487
19058784817062,2.1434326,-4.3041534,2.722458
19058794887863,2.74411,-3.7987976,1.9862213
19058804958664,3.3447418,-3.2934875,1.2500458
19058789455734,0.1968689,-3.4878693,8.812988
19058815029464,3.8807373,-2.668167,0.4869995
19058825100265,4.3856964,-1.9852905,-0.28892517
19058835171066,4.890671,-1.3023987,-1.0648346
19058845241867,5.395645,-0.61950684,-1.8407593
19058855312667,5.90065,0.06341553,-2.6167297
19058865383468,6.1732483,0.43669128,-3.3551178
19058875454269,6.351898,0.6847992,-4.078354
19058885525070,6.5305634,0.93292236,-4.8016663
19058895595871,6.7092285,1.1810303,-5.5249176
19058905666671,6.8878784,1.4291382,-6.2481537
19058915737472,7.190048,1.8215027,-6.625778
19058925808273,7.5350494,2.263916,-6.8834534
19058935879074,7.880066,2.7063446,-7.1411285
19058945949874,8.225098,3.1487885,-7.398819
19058956020675,8.570099,3.5912018,-7.656494
19058966091476,8.605103,3.7159882,-7.358429
19058976162277,8.553574,3.7521057,-6.9052277
19058986233078,8.502045,3.7882385,-6.452011
19058996303878,8.4505005,3.824356,-5.99881
19059006374679,8.398972,3.8604736,-5.5456085
19058989223800,7.504013,2.3267822,-5.615036
19059016445480,8.377808,3.8312378,-4.8320007
19059026516281,8.362457,3.7894897,-4.0685577
19059036587081,8.347092,3.7477417,-3.305069
19059046657882,8.331741,3.7059937,-2.5416412
19059056728683,8.316391,3.6642456,-1.7782135
19059066799484,8.183044,3.1471863,-1.0324554
19059076870285,8.033417,2.5644836,-0.28909302
19059086941085,7.883789,1.9818268,0.45422363
19059097011886,7.7341766,1.3991699,1.197525
19059107082687,7.584549,0.81651306,1.9408264
19059117153488,7.1915894,0.256958,2.636383
19059127224289,6.7760773,-0.30041504,3.3274841
19059137295089,6.36055,-0.85780334,4.01857
19059147365890,5.944992,-1.4152222,4.709732
19059157436691,5.52948,-1.9726105,5.400818
19059167507492,4.926132,-2.36203,6.002472
19059177578292,4.3125763,-2.74234,6.5992584
19059187649093,3.6989594,-3.1226654,7.196106
19059197719894,3.0854034,-3.5029755,7.7929077
19059207790695,2.4718323,-3.8832703,8.389709
19059189236007,5.963318,-0.36660767,3.5392761
19059217861496,2.2868042,-3.5436096,8.434158
19059227932296,2.111084,-3.1883392,8.466629
19059238003097,1.9353638,-2.8330688,8.4991
19059248073898,1.7596283,-2.4777832,8.531586
19059258144699,1.5839081,-2.1225128,8.564056
19059268215499,1.2288971,-2.5476532,9.554123
19059278286300,0.87280273,-2.977539,10.550034
19059288357101,0.5167084,-3.4074402,11.545929
19059298427902,0.16061401,-3.8373413,12.54184
19059308498703,-0.1854248,-4.2625885,13.500977
19059318569503,-0.17199707,-4.520584,13.146118
19059328640304,-0.15856934,-4.7785797,12.7912445
19059338711105,-0.1451416,-5.0365753,12.436371
19059348781906,-0.13171387,-5.294586,12.081497
19059358852706,-0.13313293,-5.509186,11.761475
19059368923507,-0.35325623,-5.084778,11.954742
19059378994308,-0.57336426,-4.66037,12.147995
19059389065109,-0.79348755,-4.235962,12.341263
19059399135910,-1.0136108,-3.8115387,12.534531
19059389431320,0.016555786,-3.8354034,11.633133
19059409206710,-1.2084198,-3.3886871,12.691803
19059419277511,-1.175354,-2.9798737,12.525024
19059429348312,-1.142273,-2.5710754,12.358231
19059439419113,-1.1092072,-2.1622314,12.191437
19059449489914,-1.0761414,-1.753418,12.024658
19059459560714,-1.0296478,-1.4545898,11.816376
19059469631515,-0.8958435,-1.8708344,11.338257
19059479702316,-0.76205444,-2.287094,10.860138
19059489773117,-0.6282501,-2.7033844,10.381989
19059499843917,-0.4944458,-3.119629,9.90387
19059509914718,-0.36212158,-3.4608765,9.507446
19059519985519,-0.23704529,-3.4349976,9.510803
19059530056320,-0.111953735,-3.4091187,9.51416
19059540127121,0.013137817,-3.3832245,9.517502
19059550197921,0.13822937,-3.3573456,9.520859
19059560268722,0.2690735,-3.311798,9.488495
19059570339523,0.42253113,-3.1890411,9.315857
19059580410324,0.576004,-3.066269,9.143204
19059590481124,0.72946167,-2.9434967,8.970566
19059600551925,0.8829193,-2.8207245,8.797928
19059589443527,-0.048309326,-2.7321014,9.894272
19059610622726,0.98002625,-2.754074,8.674408
19059620693527,0.8980713,-2.8657532,8.707001
19059630764328,0.81611633,-2.977417,8.739578
19059640835128,0.7341614,-3.0890808,8.772171
19059650905929,0.6522064,-3.20076,8.804764
19059660976730,0.5937805,-3.2728271,8.839066
19059671047531,0.5980835,-3.2392578,8.877899
19059681118331,0.60240173,-3.2056885,8.916748
19059691189132,0.60672,-3.1721191,8.955597
19059701259933,0.6110382,-3.1385498,8.994431
19059711330734,0.57284546,-3.1384583,9.111633
19059721401535,0.4396057,-3.2132263,9.403976
19059731472335,0.30638123,-3.2879791,9.696335
19059741543136,0.17312622,-3.3627625,9.9887085
19059751613937,0.039886475,-3.4375153,10.281052
19059761684738,-0.059692383,-3.5091553,10.539398
19059771755539,-0.09466553,-3.574768,10.732422
19059781826339,-0.12962341,-3.640396,10.925446
19059791897140,-0.1645813,-3.706009,11.118469
19059801967941,-0.19955444,-3.771637,11.311508
19059789516769,0.23435974,-3.4241943,9.938904
19059812038742,-0.22148132,-3.796341,11.485031
19059822109542,-0.22148132,-3.7521667,11.625702
19059832180343,-0.22148132,-3.7079926,11.766388
19059842251144,-0.22148132,-3.6638184,11.907074
19059852321945,-0.22148132,-3.6196442,12.04776
19059862392746,-0.22128296,-3.6431732,12.151749
19059872463546,-0.22080994,-3.7621002,12.20401
19059882534347,-0.22033691,-3.8810272,12.256287
19059892605148,-0.21984863,-3.9999695,12.308563
19059902675949,-0.21937561,-4.1188965,12.360825
19059912746749,-0.21044922,-4.132782,12.458191
19059922817550,-0.19125366,-4.019058,12.610291
19059932888351,-0.1720581,-3.9053345,12.762405
19059942959152,-0.15286255,-3.7916107,12.91452
19059953029953,-0.13366699,-3.677887,13.066635
19059963100753,-0.22676086,-3.6609497,13.106415
19059973171554,-0.43632507,-3.7443848,13.029694
19059983242355,-0.64590454,-3.827835,12.952957
19059993313156,-0.85546875,-3.9112854,12.876221
19060003383956,-1.065033,-3.9947205,12.7994995
19059989376388,-0.43214417,-3.858017,12.606705
19060013454757,-1.1328583,-3.9343567,12.622559
19060023525558,-1.0735779,-3.7450256,12.355789
19060033596359,-1.0142975,-3.5556946,12.0890045
19060043667160,-0.95500183,-3.3663635,11.82222
19060053737960,-0.89572144,-3.1770325,11.55545
19060063808761,-0.8644104,-3.0137177,11.051743
19060073879562,-0.8561096,-2.8718414,10.353043
19060083950363,-0.8478241,-2.7299347,9.654282
19060094021164,-0.8395386,-2.5880585,8.955582
19060104091964,-0.83125305,-2.4461517,8.256821
19060114162765,-0.48416138,-2.2744904,7.237747
19060124233566,0.032318115,-2.0879517,6.0585327
19060134304367,0.5487976,-1.9013977,4.879303
19060144375167,1.0652771,-1.714859,3.7000885
19060154445968,1.5817871,-1.5282898,2.5207672
19060164516769,2.0696106,-1.2814026,1.4615784
19060174587570,2.5453339,-1.009018,0.45306396
19060184658371,3.0210571,-0.7366333,-0.5554352
19060194729171,3.4967651,-0.4642334,-1.5639343
19060204799972,3.972519,-0.1918335,-2.5725098
19060188656173,1.0335693,-1.7710266,4.698517
19060214870773,4.757721,0.26965332,-3.67836
19060224941574,5.6520386,0.7978058,-4.818527
19060235012374,6.546341,1.3259583,-5.9586945
19060245083175,7.4406433,1.8540955,-7.0988617
19060255153976,8.335022,2.3822937,-8.239105
19060265224777,8.849167,2.6764832,-8.807663
19060275295578,9.251511,2.9018707,-9.208099
19060285366378,9.653854,3.1272736,-9.6085205
19060295437179,10.056244,3.3526764,-10.008972
19060305507980,10.458588,3.578064,-10.409409
19060315578781,10.210663,3.8395386,-9.738205
19060325649581,9.80928,4.1095276,-8.814117
19060335720382,9.407852,4.379532,-7.8899384
19060345791183,9.00647,4.649521,-6.9658356
19060355861984,8.605087,4.91951,-6.041748
19060365932785,8.328293,4.815796,-5.2040253
19060376003585,8.074265,4.6437225,-4.3820343
19060386074386,7.8202667,4.4716644,-3.560089
19060396145187,7.5662537,4.2996216,-2.7381592
19060406215988,7.3122406,4.1275635,-1.916214
19060388668380,8.724548,3.7978516,-6.6748962
19060416286789,6.687622,3.1890106,-1.0302734
19060426357589,6.011856,2.144699,-0.13548279
19060436428390,5.3360443,1.1003113,0.7593689
19060446499191,4.6602936,0.055984497,1.6541595
19060456569992,3.9845276,-0.988327,2.548935
19060466640792,2.6680756,-1.9522705,3.1288452
19060476711593,1.2897339,-2.9085846,3.6784515
19060486782394,-0.08850098,-3.8648071,4.2280273
19060496853195,-1.4667358,-4.821045,4.777588
19060506923996,-2.844986,-5.7772675,5.3271637
19060516994796,-2.751068,-5.574768,6.967392
19060527065597,-2.5770874,-5.30925,8.666855
19060537136398,-2.403122,-5.0437317,10.366333
19060547207199,-2.2291412,-4.7782288,12.065796
19060557277999,-2.0551605,-4.5126953,13.765396
19060567348800,-2.282135,-4.0851593,14.206802
19060577419601,-2.5165405,-3.654602,14.624908
19060587490402,-2.7509613,-3.22406,15.04303
19060597561203,-2.9853668,-2.7935028,15.461136
19060588802658,-1.0653229,-3.4450226,9.414032
19060607632003,-3.216751,-2.365036,15.874908
19060617702804,-2.948578,-2.2823029,15.570114
19060627773605,-2.6803894,-2.1995544,15.265305
19060637844406,-2.4122162,-2.1168213,14.9605255
19060647915206,-2.144043,-2.0340881,14.655746
19060657986007,-1.8758392,-1.9513397,14.350922
19060668056808,-1.7448578,-1.768631,14.022232
19060678127609,-1.6138458,-1.585907,13.693527
19060688198410,-1.4828491,-1.403183,13.364807
19060698269210,-1.3518524,-1.220459,13.036102
19060708340011,-1.2142181,-1.059494,12.698944
19060718410812,-0.99580383,-1.1641998,12.258804
19060728481613,-0.7774048,-1.2689056,11.818665
19060738552414,-0.5589905,-1.3736115,11.378525
19060748623214,-0.34057617,-1.4783173,10.938385
19060758694015,-0.13401794,-1.5771332,10.5095215
19060768764816,-0.1456604,-1.5674286,10.288269
19060778835617,-0.15730286,-1.557724,10.067032
19060788906417,-0.16894531,-1.5480194,9.845779
19060798977218,-0.18058777,-1.5383148,9.624542
19060788814865,-0.8576355,-1.5276337,11.759888
19060809048019,-0.17111206,-1.523407,9.406937
19060819118820,-0.037506104,-1.4779205,9.2108
19060829189621,0.09609985,-1.4324341,9.014648
19060839260421,0.22970581,-1.3869629,8.818512
19060849331222,0.36331177,-1.3414764,8.62236
19060859402023,0.4801941,-1.2973938,8.488174
19060869472824,0.47581482,-1.2633972,8.803253
19060879543624,0.4714508,-1.2294159,9.118347
19060889614425,0.4670868,-1.1954346,9.433426
19060899685226,0.46270752,-1.1614532,9.748489
19060909756027,0.43769836,-1.1351929,9.985336
19060919826828,0.33868408,-1.1366119,9.941757
19060929897628,0.23965454,-1.138031,9.898163
19060939968429,0.14064026,-1.1394501,9.854584
19060950039230,0.041625977,-1.1408691,9.810989
19060960110031,-0.057388306,-1.1264038,9.818192
19060970180831,-0.15637207,-1.0458679,10.036514
19060980251632,-0.25535583,-0.9653168,10.254868
19060990322433,-0.35432434,-0.8847809,10.473206
19061000393234,-0.4533081,-0.80422974,10.691528
19060988796554,0.09451294,-1.0813141,9.766922
19061010464035,-0.4872284,-0.7381439,10.80336
19061020534835,-0.36016846,-0.70780945,10.651657
19061030605636,-0.23312378,-0.6774597,10.499954
19061040676437,-0.1060791,-0.64712524,10.348267
19061050747238,0.020965576,-0.6167908,10.196564
19061060818039,0.088394165,-0.6191101,10.0737915
19061070888839,-0.008148193,-0.7113037,10.030609
19061080959640,-0.10470581,-0.80348206,9.987427
19061091030441,-0.20126343,-0.89567566,9.944244
19061101101242,-0.2978058,-0.987854,9.901062
19061111172042,-0.31547546,-0.99864197,9.823059
19061121242843,-0.1932373,-0.865036,9.683289
19061131313644,-0.071014404,-0.73143005,9.543533
19061141384445,0.051223755,-0.5978241,9.403763
19061151455246,0.17346191,-0.46421814,9.264008
19061161526046,0.23027039,-0.4302063,9.234726
19061171596847,0.15797424,-0.5927429,9.423462
19061181667648,0.0856781,-0.75527954,9.612198
19061191738449,0.013397217,-0.91781616,9.800934
19061201809249,-0.058898926,-1.0803528,9.98967
19061188778244,-0.022720337,-0.79745483,9.806793
19061211880050,-0.09458923,-1.0861359,10.092514
19061221950851,-0.08178711,-0.88430786,10.081619
19061232021652,-0.069000244,-0.6824646,10.0707245
19061242092453,-0.05621338,-0.4806366,10.05983
19061252163253,-0.043411255,-0.2788086,10.048935
19061262234054,-0.051193237,-0.2361908,9.989624
19061272304855,-0.08906555,-0.42651367,9.859512
19061282375656,-0.12693787,-0.6168213,9.729401
19061292446456,-0.16479492,-0.8071289,9.599304
19061302517257,-0.20266724,-0.9974518,9.469177
19061312588058,-0.22006226,-1.026535,9.476913
19061322658859,-0.21722412,-0.8963318,9.620865
19061332729660,-0.21437073,-0.7661133,9.764801
19061342800460,-0.2115326,-0.63591003,9.908737
19061352871261,-0.20869446,-0.5057068,10.052673
19061362942062,-0.1903534,-0.4808197,10.0794525
19061373012863,-0.15493774,-0.57203674,9.977066
19061383083664,-0.119522095,-0.6632538,9.874695
19061393154464,-0.084106445,-0.7544708,9.772324
19061403225265,-0.048675537,-0.84568787,9.669952
19061388790451,-0.1244812,-0.6433258,9.800247
19061413296066,-0.24191284,-0.9691925,9.720413
19061423366867,-0.6078949,-1.1171112,9.886337
19061433437667,-0.97387695,-1.2650146,10.052261
19061443508468,-1.339859,-1.4129333,10.218185
19061453579269,-1.7058105,-1.5608215,10.384094
19061463650070,-1.6571198,-1.4903107,10.529114
19061473720871,-1.2669983,-1.2399597,10.656921
19061483791671,-0.87687683,-0.98960876,10.784729
19061493862472,-0.4867401,-0.7392578,10.912537
19061503933273,-0.09661865,-0.48890686,11.040344
19061514004074,-0.0115356445,-0.35420227,10.986221
19061524074874,-0.15124512,-0.30474854,10.798004
19061534145675,-0.29096985,-0.2552948,10.609787
19061544216476,-0.43069458,-0.20584106,10.42157
19061554287277,-0.5704193,-0.15638733,10.233353
19061564358078,-0.5151367,-0.17710876,10.153076
19061574428878,-0.339386,-0.24121094,10.139481
19061584499679,-0.16365051,-0.3052826,10.125885
19061594570480,0.0121154785,-0.3693695,10.112289
19061604641281,0.18785095,-0.43345642,10.098694
19061588741622,-0.5469971,-0.6498718,10.452469

