98545072251288,-0.11672974,0.29206848,0.19610596

98545072251288,-0.11672974,0.29206848,0.19610596

98545272141425,1.224823,3.3828735,1.6652374

98545272141425,1.224823,3.3828735,1.6652374

98545472153632,1.372818,2.546646,1.4244385

98545472153632,1.372818,2.546646,1.4244385

98545671524970,-1.8389587,-3.0273285,-1.4579926

98545671524970,-1.8389587,-3.0273285,-1.4579926

98545871506659,-0.76379395,-3.0516815,-1.3554993

98545871506659,-0.76379395,-3.0516815,-1.3554993

98546071518866,-0.36801147,-0.3145752,-0.24391174

98546071518866,-0.36801147,-0.3145752,-0.24391174

98546271714179,-0.030593872,-0.029769897,0.0014953613

98546271714179,-0.030593872,-0.029769897,0.0014953613

98546471756903,0.06715393,0.55262756,0.4545288

98546471756903,0.06715393,0.55262756,0.4545288

98546671799628,1.7767792,3.8001862,2.1437073

98546671799628,1.7767792,3.8001862,2.1437073

98546871903388,0.816803,1.3878937,0.8321686

98546871903388,0.816803,1.3878937,0.8321686

98547071885077,-1.831543,-2.669876,-2.136032

98547071885077,-1.831543,-2.669876,-2.136032

98547272538153,-0.6743469,-2.287918,-1.5235138

98547272538153,-0.6743469,-2.287918,-1.5235138

98547472458808,-0.20463562,-0.54496765,-0.26239014

98547472458808,-0.20463562,-0.54496765,-0.26239014

98547672508752,0.02218628,-0.05630493,0.033050537

98547672508752,0.02218628,-0.05630493,0.033050537

98547872704064,0.88575745,1.103302,0.90089417

98547872704064,0.88575745,1.103302,0.90089417

98548072472131,1.7987213,4.203293,2.0648193

98548072472131,1.7987213,4.203293,2.0648193

98548272606408,-0.054885864,0.4387207,0.18563843

98548272606408,-0.054885864,0.4387207,0.18563843

98548472649133,-1.6640015,-2.957901,-2.2205658

98548472649133,-1.6640015,-2.957901,-2.2205658

98548672691857,-0.41921997,-2.0060425,-1.2007294

98548672691857,-0.41921997,-2.0060425,-1.2007294

98548872704064,-0.28025818,-0.6333008,-0.3581543

98548872704064,-0.28025818,-0.6333008,-0.3581543

98549072685754,0.026245117,0.12950134,0.107925415

98549072685754,0.026245117,0.12950134,0.107925415

98549272728478,1.0035095,3.0388794,1.8603821

98549272728478,1.0035095,3.0388794,1.8603821

98549472710168,1.9622498,3.2967834,2.100174

98549472710168,1.9622498,3.2967834,2.100174

98549672935998,-1.1260529,-1.5517273,-1.1973724

98549672935998,-1.1260529,-1.5517273,-1.1973724

98549872826135,-1.1470337,-2.9786682,-2.131012

98549872826135,-1.1470337,-2.9786682,-2.131012

98550072807824,-0.06477356,-1.6373901,-0.6595154

98550072807824,-0.06477356,-1.6373901,-0.6595154

98550272850549,-0.1525116,-0.45829773,-0.10900879

98550272850549,-0.1525116,-0.45829773,-0.10900879

98550472862756,-0.2846985,0.15470886,0.21212769

98550472862756,-0.2846985,0.15470886,0.21212769

98550672874963,0.99406433,2.8618927,2.0143585

98550672874963,0.99406433,2.8618927,2.0143585

98550872948205,1.8424683,3.0659637,2.2623749

98550872948205,1.8424683,3.0659637,2.2623749

98551072929894,-1.0490417,-1.0851135,-1.162384

98551072929894,-1.0490417,-1.0851135,-1.162384

98551272942101,-1.2450867,-3.0307465,-2.412613

98551272942101,-1.2450867,-3.0307465,-2.412613

98551472954309,-0.21403503,-1.5201569,-0.8985138

98551472954309,-0.21403503,-1.5201569,-0.8985138

98551673058068,-0.23860168,-0.23735046,-0.2321167

98551673058068,-0.23860168,-0.23735046,-0.2321167

98551873039758,0.16264343,0.13478088,0.10845947

98551873039758,0.16264343,0.13478088,0.10845947

98552073174035,0.9224396,2.4428253,1.4048309

98552073174035,0.9224396,2.4428253,1.4048309

98552273033654,1.6705017,3.694275,2.4677734

98552273033654,1.6705017,3.694275,2.4677734

98552473045861,-0.61586,-0.58914185,-0.57658386

98552473045861,-0.61586,-0.58914185,-0.57658386

98552673058068,-1.3435669,-3.328003,-2.1811066

98552673058068,-1.3435669,-3.328003,-2.1811066

98552872948205,-0.4001007,-1.9693604,-0.99005127

98552872948205,-0.4001007,-1.9693604,-0.99005127

98553072380578,-0.18429565,-0.30374146,-0.21524048

98553072380578,-0.18429565,-0.30374146,-0.21524048

98553272423303,0.084991455,0.098358154,0.118774414

98553272423303,0.084991455,0.098358154,0.118774414

98553472557580,0.8549347,2.079239,1.1721954

98553472557580,0.8549347,2.079239,1.1721954

98553672600305,1.6575165,3.1818542,2.0411682

98553672600305,1.6575165,3.1818542,2.0411682

98553872612512,0.105651855,0.45228577,0.034439087

98553872612512,0.105651855,0.45228577,0.034439087

98554072655236,-1.5362091,-3.1005402,-2.0654755

98554072655236,-1.5362091,-3.1005402,-2.0654755

98554272667443,-0.47717285,-2.272171,-1.0843048

98554272667443,-0.47717285,-2.272171,-1.0843048

98554473228967,-0.33195496,-0.42523193,-0.12797546

98554473228967,-0.33195496,-0.42523193,-0.12797546

98554673515832,0.064315796,0.032730103,0.04458618

98554673515832,0.064315796,0.032730103,0.04458618

98554873344934,0.3796234,0.34017944,0.052337646

98554873344934,0.3796234,0.34017944,0.052337646

98555073326623,1.0187378,3.5255737,1.2073364

98555073326623,1.0187378,3.5255737,1.2073364

98555273338830,1.2700653,2.9253998,1.8687134

98555273338830,1.2700653,2.9253998,1.8687134

98555473351037,-1.5070496,-1.9975586,-1.5704651

98555473351037,-1.5070496,-1.9975586,-1.5704651

98555673332726,-1.1175079,-3.180069,-2.0276642

98555673332726,-1.1175079,-3.180069,-2.0276642

98555873405969,0.00642395,-0.9474335,-0.31889343

98555873405969,0.00642395,-0.9474335,-0.31889343

98556073387658,0.116867065,-0.28071594,0.04020691

98556073387658,0.116867065,-0.28071594,0.04020691

