98746729669417,0.07783508,0.20982361,0.10702515

98746729669417,0.07783508,0.20982361,0.10702515

98746929651106,0.96009827,3.8102722,1.4157257

98746929651106,0.96009827,3.8102722,1.4157257

98747129663313,0.6378937,2.772812,1.4234772

98747129663313,0.6378937,2.772812,1.4234772

98747329767073,-2.1252747,-3.640152,-1.7528992

98747329767073,-2.1252747,-3.640152,-1.7528992

98747530420149,-0.7487335,-2.5490265,-1.0516205

98747530420149,-0.7487335,-2.5490265,-1.0516205

98747730523909,-0.31278992,-0.17326355,-0.11659241

98747730523909,-0.31278992,-0.17326355,-0.11659241

98747930597151,0.4256134,0.3729248,0.22494507

98747930597151,0.4256134,0.3729248,0.22494507

98748130639876,1.6086578,3.1402435,1.1947327

98748130639876,1.6086578,3.1402435,1.1947327

98748330713118,1.3000183,2.651474,1.3546295

98748330713118,1.3000183,2.651474,1.3546295

98748530755842,-2.341034,-2.982193,-2.2296448

98748530755842,-2.341034,-2.982193,-2.2296448

98748730859602,-0.8874817,-2.6910248,-1.3353729

98748730859602,-0.8874817,-2.6910248,-1.3353729

98748930871809,-0.040039062,-0.15687561,-0.07093811

98748930871809,-0.040039062,-0.15687561,-0.07093811

98749130945051,-0.019805908,-0.045684814,-0.04748535

98749130945051,-0.019805908,-0.045684814,-0.04748535

98749330987776,0.60072327,0.57832336,0.2651062

98749330987776,0.60072327,0.57832336,0.2651062

98749531030501,1.4575195,3.2138977,1.3307037

98749531030501,1.4575195,3.2138977,1.3307037

98749731073225,1.1875,2.5203705,1.3713531

98749731073225,1.1875,2.5203705,1.3713531

98749931146467,-1.6653442,-2.283432,-1.6940918

98749931146467,-1.6653442,-2.283432,-1.6940918

98750131189192,-0.59877014,-3.2084198,-1.6191711

98750131189192,-0.59877014,-3.2084198,-1.6191711

98750331231917,-0.39764404,-0.62075806,-0.37065125

98750331231917,-0.39764404,-0.62075806,-0.37065125

98750531274641,-0.049713135,-0.15628052,-0.050582886

98750531274641,-0.049713135,-0.15628052,-0.050582886

98750731347884,1.2480621,1.6623535,0.8887787

98750731347884,1.2480621,1.6623535,0.8887787

98750931390608,1.5131073,4.188919,1.6846771

98750931390608,1.5131073,4.188919,1.6846771

98751131433333,-0.033309937,0.19924927,-0.18463135

98751131433333,-0.033309937,0.19924927,-0.18463135

98751331659163,-1.9056091,-3.654892,-2.3532257

98751331659163,-1.9056091,-3.654892,-2.3532257

98751531732405,-0.47354126,-1.9538116,-0.71772766

98751531732405,-0.47354126,-1.9538116,-0.71772766

98751731622542,-0.27459717,-0.27511597,-0.034561157

98751731622542,-0.27459717,-0.27511597,-0.034561157

98751931726301,0.041412354,0.09361267,0.13537598

98751931726301,0.041412354,0.09361267,0.13537598

98752131769026,1.1834869,2.4195862,1.3248901

98752131769026,1.1834869,2.4195862,1.3248901

98752331720198,2.004013,3.4412994,1.9820404

98752331720198,2.004013,3.4412994,1.9820404

98752531762923,-1.6865997,-1.3854675,-1.4571838

98752531762923,-1.6865997,-1.3854675,-1.4571838

98752731836165,-1.0641022,-3.348877,-2.2185364

98752731836165,-1.0641022,-3.348877,-2.2185364

98752931878889,-0.14898682,-0.9028473,-0.46244812

98752931878889,-0.14898682,-0.9028473,-0.46244812

98753131952132,-0.053131104,-0.100372314,-0.024246216

98753131952132,-0.053131104,-0.100372314,-0.024246216

98753331231917,0.18048096,0.48565674,0.2421875

98753331231917,0.18048096,0.48565674,0.2421875

98753531213606,1.682251,3.7836304,1.9855194

98753531213606,1.682251,3.7836304,1.9855194

98753731225813,0.91026306,1.728836,1.0666199

98753731225813,0.91026306,1.728836,1.0666199

98753931360091,-1.9319458,-3.1287384,-2.5263214

98753931360091,-1.9319458,-3.1287384,-2.5263214

98754131372298,-0.31300354,-2.3676605,-1.2823944

98754131372298,-0.31300354,-2.3676605,-1.2823944

98754331415022,-0.13943481,-0.39692688,-0.121673584

98754331415022,-0.13943481,-0.39692688,-0.121673584

98754531427229,-0.16838074,0.03401184,-0.05769348

98754531427229,-0.16838074,0.03401184,-0.05769348

98754732080305,0.5045471,1.8782654,1.1709747

98754732080305,0.5045471,1.8782654,1.1709747

98754932092512,2.1618805,3.660904,2.4524384

98754932092512,2.1618805,3.660904,2.4524384

98755132104719,-0.87109375,-0.83880615,-0.9299164

98755132104719,-0.87109375,-0.83880615,-0.9299164

98755332116926,-1.0933075,-3.370346,-2.231308

98755332116926,-1.0933075,-3.370346,-2.231308

98755532129134,-0.40283203,-1.2440491,-0.57759094

98755532129134,-0.40283203,-1.2440491,-0.57759094

98755732186486,-1.5258789E-4,-0.03366089,-0.03338623

98755732186486,-1.5258789E-4,-0.03366089,-0.03338623

98755932198693,-0.039031982,0.19374084,0.21853638

98755932198693,-0.039031982,0.19374084,0.21853638

98756132180383,1.5036011,2.3376617,1.4932251

98756132180383,1.5036011,2.3376617,1.4932251

98756332192590,1.7539673,3.1176605,1.3607788

98756332192590,1.7539673,3.1176605,1.3607788

98756532357385,-1.8663635,-2.0430603,-1.6126556

98756532357385,-1.8663635,-2.0430603,-1.6126556

98756732247521,-0.8013458,-2.7602997,-1.9133759

98756732247521,-0.8013458,-2.7602997,-1.9133759

98756932259728,-0.035720825,-0.5415497,-0.3026123

98756932259728,-0.035720825,-0.5415497,-0.3026123

98757132271935,0.21897888,-0.05722046,0.066970825

98757132271935,0.21897888,-0.05722046,0.066970825

