10028952217335,-1.7044525,-0.3731537,9.135529

10028961982960,-1.2117157,5.645752E-4,9.366425

10028971748585,-0.8308563,0.13624573,9.613983

10028982490773,0.47120667,2.107193,9.809174

10028992256398,0.99012756,2.0762482,9.159332

10029002022023,0.49501038,1.3645172,10.10672

10029012672657,-1.1450653,1.5858917,10.0971985

10029017128224,-2.1710052,0.8289337,10.240021

10029042152638,-2.361435,-0.5302582,9.159332

10029052131886,-2.3066864,-0.44932556,9.066498

10029067238087,-1.8710785,-0.5112152,9.280731

10029080147023,-1.1998138,-0.0922699,9.830597

10029092323536,-1.0308075,0.43141174,10.001984

10029102302784,-0.9951019,0.6980133,10.128143

10029110420460,-0.8879852,0.49806213,10.187653

10029119209523,-0.8570404,-0.11845398,9.749664

10029127418751,-0.9951019,-0.5945282,9.166473

10029142524952,-1.1760101,-1.2515106,8.75943

10029152961964,-1.3521576,-1.7823334,8.690399

10029163002247,-1.3783417,-1.8585052,8.668976

10029173042530,-1.2997894,-1.4705048,9.021271

10029183113331,-1.1641083,-1.2134247,9.754425

10029192634815,-0.957016,-1.3157806,10.342377

10029203193898,-0.7999115,-1.6299896,10.958893

10029213112110,-0.72135925,-1.9632416,10.870819

10029223121876,-0.7570648,-2.2108002,10.592316

10029233192677,-0.6856537,-2.7582855,9.868683

10029242805714,-0.7975311,-3.5152435,9.433075

10029253273243,-1.0641327,-4.017502,9.773468

10029263283009,-1.2783661,-3.7199554,10.147186

10029273323292,-1.2188568,-3.2343597,10.625641

10029268562550,-1.0308075,-1.555954,9.8285675

10029283272023,-0.9141693,-3.0272675,11.220734

10029292946095,-0.5118866,-2.85112,11.592072

10029302803273,-0.15007019,-2.6940155,11.406403

10029312874073,0.08320618,-2.889206,11.13504

10029323677296,0.14033508,-3.0415497,10.718475

10029333687062,0.078445435,-3.1772308,10.10434

10029343086476,-0.114364624,-3.5009613,9.873444

10029353767628,-0.2976532,-3.8818207,10.054352

10029363746876,-0.5452118,-4.250778,10.81131

10029373787159,-0.7499237,-4.0865326,11.606354

10029383796925,-0.66185,-4.0032196,12.199066

10029393226856,-0.5380707,-4.379318,12.577545

10029403908009,-0.116744995,-4.4840546,12.203827

10029413917774,0.36647034,-4.3697968,11.703949

10029423927540,0.806839,-4.7030487,11.265961

10029433937306,0.9853668,-5.5790253,11.139801

10029443336720,0.8044586,-5.883713,10.7708435

10029454017872,0.4688263,-5.4719086,10.606598

10029464088673,0.3855133,-5.152939,10.858917

10029474067921,0.6830597,-4.8815765,11.073151

10029469307179,0.010131836,-4.115448,11.146103

10029484047169,1.1234283,-4.6173553,10.94223

10029493477101,1.5899811,-3.9722748,10.611359

10029504158253,1.9565582,-3.4962006,10.442352

10029514137501,2.3874054,-3.922287,10.820831

10029524208302,2.449295,-4.626877,10.894623

10029534218067,2.1588898,-5.909897,11.185028

10029543617481,1.4947662,-7.718979,11.792023

10029554268116,0.3688507,-9.118637,12.037201

10029564277882,-0.71421814,-9.311447,11.125519

10029574318165,-1.1902924,-7.3714447,9.918671

10029584327931,-0.52378845,-5.6385345,9.8663025

10029593727345,0.575943,-3.8818207,9.087921

10029604408497,1.7780304,-2.0417938,8.109589

10029614448780,2.839676,-0.0756073,6.859894

10029624458546,3.7037506,1.9024811,6.1457825

10029634468312,4.1774445,3.6520538,5.5673523

10029643867726,4.455948,5.2397614,4.931793

10029654518360,4.7368317,5.532547,5.269806

10029664528126,4.867752,5.922928,5.0174866

10029674568409,4.958206,6.089554,4.5556946

10029669807667,2.159729,-2.1681976,8.759079

10029684578175,4.939163,6.3823395,4.172455

10029693977589,4.893936,6.463272,4.315277

10029704628224,4.72731,6.6656036,4.4342957

10029714668507,4.5487823,6.622757,4.6009216

10029724678273,4.5702057,6.0943146,4.962738

10029734688038,4.541641,6.0371857,5.1269836

10029744117970,4.4726105,5.9848175,5.091278

10029754951710,4.448807,5.896744,5.219818

10029764778370,4.3369293,5.461136,5.307892

10029774788136,4.115555,4.7803497,5.0888977

10029784828419,3.777542,3.6615753,4.46286

10029794258351,3.3800201,2.8117828,3.910614

10029805000538,3.1205597,1.978653,3.717804

10029814918751,2.9658356,1.5359039,3.5297546

10029824928517,2.8682404,1.0669708,3.4559631

10029834968800,2.7492218,0.5647125,3.4892883

10029844368214,2.4326324,0.06959534,3.5606995

10029855171437,2.1612701,-0.7682953,3.6130676

10029865059132,1.7042389,-1.5919037,3.0084534

10029874794239,1.2353058,-1.8608856,2.3419495

10029870033497,3.5994873,3.3928375,4.1705475

10029884834523,0.75923157,-1.9751434,1.8825378

10029894905323,0.70210266,-2.5964203,-0.99057007

10029904976124,0.8734894,-4.4388275,-3.3899841

10029914924855,0.7068634,-6.4859467,-4.0541077

10029924965138,0.4355011,-8.652084,-4.404022

10029934974903,0.04750061,-10.396896,-6.308319

10029944618458,-0.30717468,-10.811081,-7.8817444

10029954933399,-0.7665863,-10.254074,-6.846283

10029965065235,-1.2164764,-9.3971405,-6.082184

10029975075001,-1.6378021,-8.24028,-5.3942566

10029985115284,-2.1233978,-7.585678,-5.422821

10029994728321,-2.4875946,-7.9165497,-6.943878

10030005317921,-2.5947113,-8.842514,-8.464935

10030015205616,-2.5780487,-9.559006,-10.309723

10030025215382,-2.4947357,-9.816086,-10.950043

10030035255665,-2.728012,-9.473312,-10.131195

10030044868702,-2.9827118,-8.768723,-11.742706

10030054756398,-3.1993256,-7.521408,-12.437775

10030065376515,-3.5087738,-6.552597,-11.50943

10030075386280,-3.9491425,-6.347885,-11.395172

10030070625538,-1.4524841,-7.7815857,-7.1388245

10030085335011,-3.946762,-7.4595184,-11.340424

10030173012013,-4.427597,-5.955124,-10.628693

10030193733448,-3.515915,-7.1191254,-11.464203

10030195259327,-2.996994,-6.9477386,-11.557037

10030220161671,-3.144577,-6.662094,-11.309479

10030230903858,-3.3849945,-6.723984,-11.173798

10030240730519,-3.5063934,-6.9096527,-10.983368

10030250374073,-3.5063934,-6.8882294,-11.009552

10030260780567,-3.3802338,-6.859665,-10.928619

10030270790333,-3.1683807,-6.57164,-11.050018

10030280861134,-3.0088959,-6.309799,-11.204742

10030290870899,-2.9089203,-6.1265106,-11.335663

10030300483937,-2.9041595,-6.083664,-11.207123

10030310951466,-2.9184418,-6.0360565,-10.881012

10030316169972,-3.317276,-6.7690887,-11.036804

10030320930714,-2.8803558,-6.109848,-10.440643

10030330970997,-2.8089447,-6.162216,-9.933624

10030340980763,-2.6708832,-6.1265106,-9.743195

10030350624317,-2.5590057,-6.1955414,-9.764618

10030361061329,-2.463791,-6.1574554,-10.105011

10030371071095,-2.4780731,-6.0503387,-10.376373

10030381080860,-2.5661469,-5.909897,-10.450165

10030391121144,-2.5685272,-5.924179,-10.6763

10030400825733,-2.5661469,-6.05986,-10.892914

10030411171192,-2.4994965,-6.1265106,-10.783417

10030421241993,-2.5566254,-6.2336273,-10.531097

10030431221241,-2.6066132,-6.3574066,-10.942902

10030441261524,-2.5399628,-6.4454803,-11.726044

10030450874562,-2.618515,-6.393112,-12.335419

10030461311573,-2.7256317,-6.416916,-12.98288

10030471321339,-2.811325,-6.6835175,-13.842194

10030481331105,-2.8898773,-6.7287445,-14.442047

10030491371388,-2.8541718,-6.545456,-14.937164

10030501014942,-2.9565277,-6.321701,-14.930023

10030511421437,-2.9113007,-6.3050385,-14.9704895

10030516700978,-2.663391,-6.276001,-11.996567

10030521461720,-2.6161346,-6.3764496,-15.565582

10030531471485,-2.2900238,-6.5311737,-15.389435

10030541481251,-2.0805511,-6.416916,-15.794098

10030551124806,-1.9543915,-5.969406,-15.713165

10030561805958,-1.9567719,-5.448105,-14.965729

10030571815724,-1.9305878,-5.429062,-14.192108

10030581825489,-1.4806976,-5.469528,-13.539886

10030591865773,-1.0379486,-5.4528656,-12.973358

10030601265187,-0.5713959,-5.1196136,-12.835297

10030611702198,-0.34526062,-4.9387054,-12.4496765

10030621711964,-0.3214569,-4.7792206,-12.271149

10030631721730,-0.19767761,-4.5173798,-12.109283

10030641731495,-0.19529724,-4.448349,-10.733429

10030651375050,-0.119125366,-4.2412567,-10.078827

10030661781544,0.24745178,-3.8937225,-9.350433

10030671821827,0.56404114,-3.3010101,-9.407562

10030681831593,0.9877472,-2.7321014,-8.800568

10030691871876,1.0996246,-2.5702362,-7.822235

10030701484913,1.3114777,-2.7535248,-6.513031

10030711921925,1.4757233,-3.331955,-5.9322205

10030717170948,-0.3444214,-4.537369,-11.345657

10030721931690,1.9065704,-3.403366,-6.0417175

10030731971974,2.0660553,-3.165329,-6.365448

10030741981739,2.2088776,-2.3655243,-5.8346252

10030751625294,1.8542023,-1.7751923,-4.2135925

10030762031788,1.563797,-1.4300385,-3.0567322

10030772041554,1.7018585,-1.087265,-1.8713074

10030782081837,1.8708649,-0.8397064,-0.5335388

10030792091603,2.0922394,-0.7183075,0.76852417

10030801735157,2.3421783,-0.79447937,1.9587097

10030812233204,2.4778595,-0.9158783,2.998932

10030822426075,2.532608,-0.8682709,4.191498

10030832435841,2.4469147,-0.53263855,5.80777

10030842445606,2.1017609,-0.044662476,7.809662

10030851875538,1.7399445,0.6432648,9.430695

10030862678761,1.3281403,1.119339,11.163605

10030872688526,0.9639435,1.2907257,11.865814

10030882576222,0.9139557,1.1431427,11.789642

10030892585987,1.2115021,0.6837311,11.2612

10030902015919,1.7470856,0.05531311,10.68277

10030912727589,2.2326813,-0.2398529,9.59494

10030917885060,1.9010925,-0.49586487,4.2969513

10030922645802,2.6254425,-0.0756073,8.490448

10030932686085,2.8063507,0.39808655,7.702545

10030942665333,2.987259,0.6837311,6.776581

10030952095265,3.4918976,0.64564514,6.0315247

10030962806935,4.098892,0.47425842,5.031769

10030972755665,4.7534943,0.2862091,4.372406

10030982795948,5.0296173,-0.039901733,3.6130676

10030992805714,5.1795807,-0.35411072,2.9703674

10031002205128,5.020096,-0.708786,1.9706116

10031012886280,4.7415924,-0.939682,0.6090393

10031022896046,4.5821075,-1.0087128,-0.419281

10031032905812,4.353592,-0.9134979,-1.5475769

10031042915577,4.2083893,-0.7682953,-2.7210999

10031052986378,4.2988434,-0.91825867,-2.497345

10031063057179,4.2107697,-1.7299652,-2.5330505

10031073005909,4.251236,-2.8296967,-3.1590881

10031083015675,4.360733,-3.5676117,-4.0541077

10031093025440,4.201248,-4.0341644,-5.139557

10031103065724,3.7846832,-3.9341888,-7.7936707

10031112343067,3.3681183,-3.838974,-9.738434

10031118416065,4.1266174,-1.3321991,-0.5814972

10031123176808,2.8039703,-3.5461884,-11.104767

10031133095021,2.6706696,-3.2795868,-12.102142

10031142952198,2.7016144,-3.5081024,-10.628693

10031152992481,2.6468658,-3.9627533,-9.236176

10031162422413,2.956314,-5.1172333,-8.843414

10031173103565,3.0253448,-5.807541,-9.000519

10031183052296,2.7206573,-5.7147064,-9.793182

10031193062062,2.1327057,-5.0363007,-11.2499695

10031203132862,1.5995026,-4.167465,-12.635345

10031212562794,1.1543732,-3.358139,-13.099518

10031317116017,0.035598755,-5.133896,-13.877899

10031318702931,0.054641724,-5.069626,-13.811249

10031342872853,0.6902008,-5.102951,-13.682709

10031353004689,0.84254456,-5.0862885,-13.663666

10031362892384,0.99012756,-5.4528656,-13.963593

10031368721241,1.4631042,-4.7856445,-12.042984

10031373481983,1.0972443,-5.667099,-13.861237

10031383705372,1.1234283,-5.6432953,-13.344696

10031393715138,1.1781769,-5.5861664,-12.999542

10031403785939,1.2115021,-5.424301,-12.668671

10031413032765,1.140091,-5.3100433,-12.190216

10031423866505,1.0044098,-5.2671967,-11.614166

10031433815235,0.8544464,-5.243393,-11.114288

10031443855519,0.6806793,-5.0624847,-10.466827

10031453865284,0.5188141,-4.8863373,-9.812225

10031463142628,0.39979553,-4.6554413,-9.324249

10031473976368,0.25221252,-4.4435883,-9.06955

10031483894581,0.0974884,-4.084152,-8.841034

10031493965382,-0.01676941,-3.9437103,-8.486359

10031503975148,-0.06437683,-4.024643,-8.262604

10031513252491,-1.0681152E-4,-4.096054,-7.98172

10031524116749,0.11891174,-4.236496,-7.7103577

10031534034962,0.15937805,-4.286484,-7.4794617

10031544075245,0.123672485,-4.062729,-7.2604675

10031554146046,-0.035812378,-3.903244,-7.224762

10031563392872,-0.18101501,-3.8532562,-7.372345

10031569435353,0.40979004,-4.5865326,-9.536697

10031574196095,-0.36906433,-3.717575,-7.5104065

10031583931202,-0.48094177,-3.6675873,-7.6199036

10031593971485,-0.5428314,-3.7270966,-7.700836

10031604011769,-0.5047455,-3.831833,-7.8627014

10031613502735,-0.41429138,-3.800888,-7.8627014

10031624092335,-0.40715027,-3.8413544,-8.000763

10031634041065,-0.40000916,-3.9127655,-8.141205

10031644081349,-0.48094177,-3.9318085,-8.286407

10031654121632,-0.4714203,-3.9579926,-8.4982605

10031663612599,-0.46427917,-4.115097,-8.631561

10031674232716,-0.4714203,-4.1888885,-9.093353

10031684181446,-0.37382507,-4.231735,-9.445648

10031694191212,-0.34526062,-4.415024,-9.850311

10031704231495,-0.3143158,-4.629257,-10.283539

10031713722462,-0.114364624,-4.812546,-10.671539

10031724281544,-0.045333862,-5.0815277,-10.781036

10031734291310,0.11891174,-5.500473,-11.178558

10031744331593,0.24745178,-5.8123016,-12.040253

10031754310841,0.1879425,-6.1193695,-13.004303

10031763862843,0.057022095,-6.262192,-13.868378

10031769630665,-0.26289368,-4.6115265,-9.849838

10031774391407,-0.03819275,-6.390732,-14.175446

10031784401173,-0.1405487,-6.474045,-14.608673

10031794441456,-0.014389038,-6.469284,-14.839569

10031804908985,0.08558655,-6.4216766,-14.663422

10031813972706,0.19508362,-6.521652,-14.803864

10031824745411,0.40455627,-6.578781,-15.120453

10031834755177,0.7259064,-6.352646,-15.089508

10031844795460,0.9853668,-5.9908295,-15.006195

10031854805226,1.2733917,-5.764694,-14.746735

10031864204640,1.4257355,-5.621872,-14.4253845

10031874855274,1.525711,-5.488571,-14.377777

10031884895558,1.6328278,-5.3052826,-13.908844

10031894905323,1.6566315,-5.231491,-13.194733

10031904915089,1.756607,-5.4123993,-12.754364

10031914345021,2.0684357,-5.505234,-12.466339

10031924995655,2.3564606,-5.4147797,-12.742462

10031934974903,2.7301788,-5.050583,-12.590118

10031945076222,2.6778107,-4.6483,-12.061676

10031955055470,2.5921173,-4.3174286,-11.114288

10031964454884,2.4540558,-4.0484467,-10.22879

10031970344776,1.4428711,-5.527603,-13.433487

10031975105519,2.4659576,-3.9341888,-9.926483

10031985115284,2.6968536,-3.5604706,-9.662262

10031995094532,2.7325592,-3.229599,-8.81723

10032005165333,2.589737,-3.255783,-7.6056213

10032014564747,2.4921417,-3.453354,-7.1509705

10032025215382,2.6063995,-3.5866547,-6.146454

10032035225148,2.6111603,-3.5557098,-5.018158

10032045234913,2.7968292,-3.0677338,-4.756317

10032055244679,3.0539093,-2.4845428,-3.920807

10032064674610,3.0991364,-1.7180634,-2.9638977

10032075325245,2.975357,-1.189621,-1.8379822

10032085335011,2.8610992,-0.8063812,-0.14077759

10032095344776,2.6849518,-0.36839294,1.537384

10032105385060,2.551651,0.16957092,2.8085022

10032114784474,2.5992584,1.0836334,3.743988

10032125435108,2.692093,2.0572052,5.4411926

10032135475392,2.570694,2.4880524,7.0193787

10032145454640,2.3683624,2.607071,7.9881897

10032156013722,2.135086,2.2047882,8.7308655

10032164894337,1.8732452,1.7763214,9.423553

10032170814747,2.5854492,-0.81947327,-0.07722473

10032175575489,1.7185211,1.5001984,9.7829895

10032185554737,1.6233063,1.452591,9.556854

10032195595021,1.7256622,1.5549469,9.299774

10032205604786,2.1255646,1.8096466,8.768951

10032215004200,2.5730743,1.9286652,8.266693

10032225654835,2.8563385,1.7072906,7.533539

10032235695118,3.1848297,1.2526398,6.655182

10032245704884,3.558548,0.70991516,5.81015

10032255714649,4.02034,0.1219635,4.4961853

10032265114064,4.610672,-0.4707489,3.3750305

10032275795216,5.1652985,-0.9325409,2.3871765

10032285804981,5.696121,-1.1991425,1.7182922

10032295827795,6.110306,-1.4419403,1.3850403

10032305868078,6.234085,-1.63237,0.6923523

10032315267492,6.284073,-1.8085175,0.24960327

10032325918127,5.988907,-1.946579,-0.1979065

10032335927893,5.5699615,-1.9822845,-1.0953064

10032345968176,5.360489,-2.0322723,-1.6880188

10032355947424,5.201004,-2.1727142,-2.3830872

10032365377356,5.04628,-2.5916595,-3.0186462

10032371236731,4.3941803,-0.52763367,2.9001465

10032375997473,4.9486847,-2.8796844,-3.8089294

10032386007238,4.9677277,-3.1891327,-3.9160461

10032396230627,4.682083,-3.4438324,-5.006256

10032405843664,4.5559235,-3.7247162,-5.54422

10032415456701,4.1084137,-4.017502,-5.9441223

10032425893713,3.6109161,-4.3864594,-8.298309

10032435872961,3.5942535,-4.3888397,-10.364471

10032445913244,3.353836,-4.4055023,-10.919098

10032455953528,3.4228668,-4.13414,-12.275909

10032465566565,3.9989166,-4.2531586,-10.833405

10032476003576,4.046524,-4.903,-9.39328

10032486013342,4.1131744,-5.99321,-8.5625305

10032496084143,4.051285,-7.040573,-8.134064

10032598104406,3.3907318,-4.485718,-9.422089

10032583089758,2.5207062,-3.9365692,-10.857208

10032592855383,2.3350372,-3.9341888,-10.952423

10032602865149,1.9041901,-3.8865814,-10.99527

10032619222571,0.3355255,-5.2148285,-11.159515

10032635854651,-0.06437683,-5.845627,-11.199982

10032646627356,-0.050094604,-5.8384857,-11.376129

10032656637121,0.18556213,-5.507614,-11.6094055

10032666067053,0.2379303,-5.2981415,-11.63797

10032676687170,0.0236969,-5.1886444,-11.476105

10032686727453,-0.26194763,-5.3695526,-11.030975

10032696737219,-0.3643036,-5.4528656,-10.733429

10032706838537,-0.23338318,-5.364792,-10.966705

10032716176916,0.040359497,-5.2838593,-11.195221

10032726827551,0.102249146,-5.3171844,-11.06192

10032736837317,-1.0681152E-4,-5.307663,-11.080963

10032746847082,0.0022735596,-5.443344,-11.216644

10032756856848,-0.0667572,-5.505234,-11.064301

10032766286779,-0.12864685,-5.4719086,-10.607269

10032776937414,-0.12864685,-5.35289,-10.240692

10032786947180,-0.10246277,-5.2529144,-10.021698

10032796956946,-0.1000824,-4.9529877,-9.686066

10032806997229,-0.17625427,-4.8030243,-9.448029

10032811605383,-0.048309326,-5.3246765,-10.807938

10032816366125,-0.21672058,-4.7220917,-9.345673

10032827047278,-0.264328,-4.6244965,-9.212372

10032837087561,-0.3809662,-4.486435,-8.893402

10032847066809,-0.47380066,-4.191269,-8.698212

10032857076574,-0.45713806,-3.8913422,-8.357819

10032866506506,-0.60710144,-3.7318573,-8.157867

10032877218176,-0.642807,-3.5152435,-7.9031677

10032887166906,-0.6689911,-3.5128632,-7.9341125

10032897176672,-0.65708923,-3.5533295,-8.062653

10032907216955,-0.6332855,-3.600937,-8.181671

10032916616369,-0.5999603,-3.7270966,-8.17453

10032927267004,-0.5713959,-3.8270721,-8.205475

10032937276770,-0.39286804,-4.036545,-8.298309

10032947317053,-0.37620544,-4.184128,-8.326874

10032957357336,-0.2881317,-4.107956,-8.424469

10032966726233,-0.23814392,-4.0722504,-8.545868

10032977376867,-0.264328,-4.4840546,-8.743439

10032987417151,-0.3214569,-4.781601,-9.221893

10032997518469,-0.2476654,-5.0148773,-9.643219

10033007436682,-0.15245056,-5.1457977,-9.955048

10033012075354,-0.41394043,-4.1892395,-8.67215

10033016836096,-0.04057312,-5.295761,-10.502533

10033027669836,0.14033508,-5.507614,-10.914337

10033037496496,0.16651917,-5.828964,-11.3142395

10033047506262,0.17366028,-6.0408173,-11.742706

10033057546545,0.19270325,-6.2026825,-12.34494

10033066976477,0.1474762,-6.4716644,-13.106659

10033077566076,0.07606506,-6.621628,-13.875519

10033087606360,-0.14768982,-6.6906586,-14.392059

10033097616125,-0.30955505,-6.6763763,-14.891937

10033107656408,-0.32621765,-6.559738,-14.937164

10033117055822,-0.20957947,-6.4026337,-14.622955

10033127431799,0.14985657,-6.1955414,-14.499176

10033137716223,0.58070374,-5.848007,-14.875275

10033147725988,0.8639679,-5.5599823,-15.365631

10033157522131,0.81874084,-5.3243256,-15.210907

10033167867590,0.81874084,-5.152939,-15.220428

10033177999426,0.84968567,-5.0553436,-15.008575

10033187795569,1.1186676,-4.9458466,-15.220428

10033197835852,1.4138336,-4.58165,-14.730072

10033207845617,1.6399689,-4.2912445,-13.666046

10033213186194,0.49917603,-5.717087,-13.925156

10033217946936,1.8256378,-4.384079,-12.563934

10033227163244,2.1041412,-4.376938,-12.4687195

10033238027502,2.4850006,-4.141281,-11.949799

10033247945715,2.5016632,-3.8032684,-11.761749

10033258016516,2.5754547,-3.2795868,-11.38327

10033267385412,2.2279205,-3.0653534,-9.978851

10033277273108,2.0136871,-3.0010834,-8.593475

10033288045813,2.2160187,-3.0915375,-7.1819153

10033297780920,2.2255402,-3.3152924,-5.9845886

10033307821203,2.6373444,-3.2438812,-5.313324

10033317830969,2.8944244,-3.0986786,-4.2897644

10033327382971,2.7587433,-2.85112,-4.9443665

10033337881018,3.1943512,-2.3869476,-5.2347717

10033347951819,3.0658112,-1.7466278,-4.434967

10033357961584,3.0467682,-1.0706024,-3.6827698

10033367910315,3.3704987,-1.0134735,-1.8903503

10033377492834,3.3609772,-1.0325165,-0.3621521

10033388082434,3.4204865,-1.1420135,0.16390991

10033398031164,3.5633087,-1.170578,-0.46688843

10033408071447,3.8513336,-1.2515106,-0.25265503

10033413350988,2.8683624,-2.4544373,-5.436035

10033418111731,3.853714,-1.0063324,1.2898254

10033427572180,3.910843,-0.45170593,4.3176575

10033438100744,3.9798737,0.6004181,7.2098083

10033448141028,3.5252228,1.7596588,9.347382

10033458150793,2.661148,2.542801,9.885345

10033468221594,1.7161407,2.7665558,10.116241

10033477682043,1.0258331,2.659439,10.130524

10033488271643,0.80921936,2.254776,9.433075

10033498220373,1.1924591,1.4502106,8.404755

10033508291174,1.9208527,0.67658997,7.535919

10033518300940,2.846817,0.28382874,6.776581

10033527791906,3.6132965,-0.13749695,5.969635

10033538412024,4.327408,-0.69688416,4.8818054

10033548604895,5.2033844,-1.1610565,4.289093

10033558614660,5.988907,-1.6918793,4.4152527

10033568685461,6.6863556,-2.2369843,4.39859

10033577901770,7.240982,-2.8011322,4.160553

10033588674475,7.4480743,-3.1343842,3.9963074

10033598714758,7.1719513,-3.1177216,3.5868835

10033608724524,6.4411774,-2.9748993,1.9087219

10033613698889,4.180176,-0.2841339,6.0641327

10033618459631,5.893692,-2.2726898,0.5185852

10033628011633,5.5128326,-1.8466034,0.6352234

10033638631750,5.3890533,-1.4705048,0.26626587

10033648580481,5.6842194,-1.4514618,0.26864624

10033658590246,6.1412506,-1.9251556,0.8256531

10033668600012,6.374527,-2.59404,0.63760376

10033678121496,6.3007355,-3.6175995,0.18057251

10033688711096,5.924637,-4.2341156,-1.0405579

10033698720862,5.4557037,-4.248398,-2.8353577

10033708761145,4.958206,-3.94133,-4.1374207

10033718770910,4.3059845,-4.019882,-4.8301086

10033728231360,3.95607,-3.9056244,-5.684662

10033738790442,4.0179596,-3.9127655,-5.4323425

10033748800207,4.2536163,-3.7794647,-5.3228455

10033758779455,4.3702545,-3.6771088,-5.41568

10033768850256,4.4607086,-3.6675873,-5.275238

10033778341223,4.0560455,-4.0151215,-5.389496

10033788869787,3.4633331,-4.500717,-6.410675

10033798910071,2.763504,-5.1838837,-7.848419

10033808919836,2.411209,-5.274338,-9.355194

10033813680578,4.598053,-3.6289062,-3.7635803

10033896566321,0.77827454,-5.386215,-11.121429

10033906331946,0.7259064,-4.6363983,-11.885529

10033916158606,0.43788147,-4.0341644,-12.506805

10033938680578,-0.24052429,-4.812546,-13.128082

10034077352453,0.71650696,-5.678879,-11.812683

10034159383703,0.63153076,-5.8432465,-11.318054

10034279500891,0.26911926,-4.8890686,-8.858765

10034359579016,-0.18351746,-4.1954346,-7.922806

10034479696203,-0.5265198,-4.014282,-7.743683

10034559774328,-0.2927704,-4.8891907,-8.899948

10034679891516,-0.029022217,-6.6524506,-12.480026

10034759969641,0.31256104,-6.360626,-13.7621

10034880086828,1.8830109,-4.056427,-10.441116

10034961141516,2.0535583,-1.4606323,-4.0899353

10035082235266,1.7638702,-0.31436157,6.2182617

10035162313391,2.9037018,-1.4426575,5.731003

10035282430578,1.9616699,-3.1876984,-4.3595123

10035362508703,-0.015930176,-5.430847,-11.310913

10035482625891,-0.03843689,-6.454056,-13.849457

10035563680578,0.4482422,-5.6336517,-10.92659

10035683797766,-0.08842468,-4.743637,-8.993027

10035763875891,-0.46749878,-4.2530365,-8.619308

10035883993078,-0.5314026,-4.154846,-8.400421

10035964071203,-0.3182373,-4.244583,-8.371628

10036084188391,-0.10925293,-5.024521,-10.334122

10036165243078,0.007980347,-5.835266,-13.453476

10036284383703,1.2664948,-5.340271,-13.129623

10036364461828,2.1233063,-3.3654022,-7.0251617

10036486532141,1.34552,0.8018036,4.423111

10036567586828,1.0211945,1.0328064,5.3904877

10036687704016,0.8211212,-3.1666412,-5.096115

10036766805578,-0.2554016,-5.4838104,-12.110947

10036885946203,-0.65971375,-6.3676453,-13.978119

10036966024328,-0.29229736,-6.057602,-11.630234

10037086141516,-0.552475,-4.6046143,-8.454575

10037167196203,-1.0411682,-3.876114,-8.043488

10037286336828,-0.9414215,-4.109268,-8.458145

10037366414953,-0.7458801,-4.4573975,-8.447433

10037486532141,-0.8826294,-5.1397247,-9.94017

10037567586828,-0.8005066,-5.6843567,-11.816849

10037686727453,0.517746,-5.5595093,-13.357437

10037766805578,1.65271,-4.8359985,-11.092987

10037887899328,1.7976685,-0.8963623,0.069885254

10037967977453,1.5745087,0.65075684,5.911316

10038088094641,2.2833862,-1.5911865,0.9688263

10038169149328,2.0434418,-3.4891815,-6.762024

10038288289953,0.5786743,-5.48703,-12.994186

10038368368078,0.39622498,-5.993805,-13.087494

10038488485266,0.5460663,-5.7476807,-10.940765

10038569539953,0.18972778,-4.5278473,-8.771652

10038689657141,-0.252182,-3.6386719,-7.975769

10038769735266,-0.03605652,-3.9704895,-8.529449

10038889852453,0.17807007,-4.312195,-8.786407

10038969930578,0.09272766,-4.5085754,-9.655243

10039090047766,0.6003418,-4.9828644,-13.601532

10039171102453,1.7757721,-4.8537292,-13.907181

10039290243078,2.7371979,-2.8038635,-7.0674133

10039370321203,1.7041168,-1.0309753,1.4471741

10039490438391,1.531189,-0.67141724,6.680298

10039571493078,2.2454224,-1.9581299,0.98739624

10039691610266,0.89694214,-4.704361,-10.4357605

10039771688391,0.3815918,-5.776123,-14.52179

10039891805578,0.9603729,-5.686615,-11.5251465

10039972860266,0.5710602,-5.236496,-9.002777

10040092000891,-0.24230957,-4.493103,-8.423752

10040172079016,-0.3582306,-4.2649384,-8.330917

10040292196203,-0.26705933,-4.379196,-8.723923

10040373250891,-0.09222412,-4.7286377,-9.388763

10040492391516,0.17080688,-5.7918243,-12.12178

10040572469641,0.87527466,-5.8568115,-13.529526

10040694539953,2.2732697,-4.121292,-10.191177

10040775594641,2.4797668,-2.1218872,-3.5699463

10040895711828,1.7558899,0.5949402,6.5957947

10040974813391,2.0089264,0.3221588,5.7814636

10041093954016,1.1869812,-3.0028687,-4.9889984

10041174032141,-0.11805725,-5.043091,-12.261124

10041294149328,0.2568512,-6.078659,-14.143875

10041375204016,0.49667358,-6.295273,-10.966949

10041494344641,-0.19683838,-6.123657,-7.9575653

10041574422766,-0.8161011,-5.6828156,-6.5490875

10041694539953,-1.5527039,-5.552597,-6.6710815

10041775594641,-1.7779999,-5.69899,-8.103363

10041895711828,-1.5811462,-6.008209,-9.955048

10041975789953,-1.3433533,-6.173996,-11.528595

10042094930578,-0.09234619,-5.583664,-12.816498

10042175985266,1.2670898,-4.5204773,-10.911835

10042296102453,2.8179016,-2.8984833,-5.0076904

10042376180578,1.9788208,-0.51919556,3.2549438

10042496303910,2.5496216,0.3272705,7.5003357

10042577358597,4.1451874,-1.9774017,1.0409546

10042696499222,2.6711426,-4.101883,-7.3964996

10042776577347,1.1998444,-4.8563385,-10.910294

10042898647660,0.5632019,-5.558441,-13.266861

10042979702347,0.678772,-5.441803,-11.983368

10043099819535,0.2068634,-4.2933807,-8.415543

10043178921097,-0.29348755,-3.7317352,-7.8190155

10043298061722,-0.42190552,-3.9965515,-8.6392975

10043378139847,-0.1078186,-4.671036,-9.51384

10043498257035,0.3257599,-5.5666504,-11.019318

10043579311722,0.80778503,-5.6569824,-11.969315

10043698452347,2.2086334,-4.7078094,-11.678436

10043778530472,2.9871368,-3.6377106,-9.293304

10043898647660,1.98703,-0.39552307,1.331955

10043979702347,1.8452759,0.2723999,6.9560547

10044098842972,4.1720886,-1.6653442,2.9435883

10044178921097,3.7157745,-2.94133,-2.8680878

10044299038285,0.17259216,-5.186264,-10.4366

10044379116410,-0.85679626,-5.596161,-13.627365

10044499233597,0.5088196,-5.673996,-12.716034

10044579311722,0.7062683,-5.2531586,-10.277939

10044700405472,-0.49378967,-3.756607,-8.38829

10044780483597,-0.58877563,-3.5285797,-8.1840515

10044901577347,-0.11364746,-4.012024,-8.593475

10044981655472,0.26138306,-4.3354034,-8.902206

10045100796097,0.80874634,-5.275406,-10.956467

10045180874222,1.210907,-5.9147797,-12.798752

10045301967972,2.0053558,-5.6636505,-12.291733

10045382046097,2.2381592,-4.775894,-9.225708

10045501186722,1.1379547,-0.58773804,1.7102051

10045582241410,0.80552673,1.549942,7.7676544

10045702358597,2.3318176,0.013061523,3.4741669

10045782436722,2.0435638,-2.5664215,-3.8643951

10045902553910,-0.4986725,-5.854553,-12.813278

10045983608597,-0.3771515,-6.4085846,-14.627365

10046102749222,0.92134094,-6.1536407,-11.730682

10046182827347,0.34373474,-5.0944977,-9.229752

10046304897660,-0.79693604,-3.6127167,-7.800461

10046385952347,-0.6678009,-4.0489197,-8.554916

10046506069535,0.0776062,-5.5470123,-10.549194

10046585171097,0.43299866,-6.0107117,-11.771744

10046704311722,1.7549438,-5.264694,-11.934326

10046784389847,2.89859,-4.3881226,-10.530029

10046904507035,3.148056,-3.134735,-5.3303375

10046985561722,1.8936005,-1.478714,2.83255

10047104702347,2.0923615,0.14053345,8.218735

10047184780472,3.3583527,-0.8281555,3.2344666

10047304897660,1.686264,-3.6253357,-6.28154

10047384975785,-0.2866974,-5.2392273,-11.073227

10047505092972,-0.58543396,-6.544861,-13.36171

10047585171097,0.13497925,-6.615677,-12.247589

10047705288285,-0.3047943,-5.2904053,-9.299728

10047785366410,-0.9091644,-4.257202,-8.22702

10047905483597,-0.969162,-4.0713043,-7.9263763

10047986538285,-0.7115936,-4.623062,-8.525635

10048106655472,-0.4403534,-5.1555634,-9.271881

10048186733597,-0.037002563,-5.60997,-10.59108

10048308803910,0.8371887,-6.2080383,-13.544052

10048389858597,1.3265991,-5.2150726,-12.862076

10048508999222,1.9195404,-2.6437836,-5.7714233

10048588100785,1.872406,-1.1848602,2.217453

10048707241410,2.3455048,-0.17736816,7.60054

10048787319535,2.442749,-0.9324188,2.8448029

10048907436722,0.75601196,-3.8805084,-8.582886

10048988491410,-0.09484863,-5.5862885,-13.173065

10049108608597,0.36753845,-6.9580994,-12.555847

10049188686722,0.41848755,-6.8364563,-10.680817

10049307827347,-0.6204376,-4.986557,-8.43161

10049388882035,-1.0215302,-4.2285156,-7.926132

10049508999222,-0.88287354,-4.5879517,-8.8965

10049589077347,-0.42964172,-5.468338,-10.294495

10049709194535,0.0769043,-6.069977,-12.731155

10049790249222,0.5491638,-5.186264,-13.852554

10049909389847,1.4443054,-3.1966248,-9.342819

10049989467972,1.0129852,-1.7772217,-0.5619812

10050109585160,1.3816986,-1.2192535,7.6101837

10050190639847,2.2779083,-1.6474915,4.840271

10050309780472,-0.17077637,-3.8110046,-4.631592

10050389858597,-2.7215881,-6.1399536,-10.943619

10050512905472,-2.5893555,-7.616272,-14.23114

10050593960160,-1.3466797,-7.553543,-12.385529

10050713100785,-1.438324,-6.1131744,-9.405426

10050791225785,-2.0530548,-4.78244,-8.086456

10050911342972,-2.4755707,-4.0101166,-7.264984

10050991421097,-2.136734,-4.620804,-7.8890076

10051111538285,-1.2154083,-6.476425,-10.407562

10051191616410,-0.8187103,-7.3052673,-12.299957

10051311733597,-0.2832489,-6.6328125,-12.757584

10051392788285,0.26483154,-5.4127502,-10.175949

10051511928910,0.59010315,-2.235321,0.8499298

10051592007035,1.005127,-0.9914551,7.060913

10051712124222,2.0036926,-1.5134735,3.6563873

10051792202347,0.25935364,-2.8098145,-4.3305817

10051912319535,-2.5365143,-6.148056,-13.7512665

10051993374222,-2.1616058,-7.072586,-13.681046

10052113491410,-1.4234467,-6.7671814,-10.810196

10052193569535,-1.5311584,-6.0664062,-9.718674

10052313686722,-2.2728882,-4.3794403,-7.727371

10052394741410,-2.3276367,-4.0912933,-7.418289

10052513882035,-1.6454163,-5.745529,-9.621201

10052593960160,-1.4146423,-6.9645233,-11.465271

10052714078024,-0.4811859,-6.9352417,-12.305542

10052794156149,0.8373108,-5.9137115,-10.780563

10052914273337,1.9909515,-3.210907,-4.298691

10052994351462,0.88360596,-0.13571167,3.879547

10053115445212,0.9221649,1.5574493,7.6068573

10053195523337,1.1523438,-0.991333,0.54489136

10053315640524,-1.4141693,-5.857773,-11.565643

10053395718649,-1.7875214,-6.8428802,-14.593475

10053515835837,-1.0386658,-5.97583,-11.474564

10053595913962,-1.2802734,-5.3369446,-9.250107

10053715054587,-2.341919,-4.555588,-8.477188

10053795132712,-2.1274414,-4.622467,-8.170715

10053915249899,-1.905838,-4.993698,-7.8299713

10053995328024,-2.3960724,-5.4964294,-8.934937

10054116421774,-2.3447723,-6.238861,-11.125595

10054197476462,-1.7999115,-6.2283936,-12.3797

10054317593649,-0.28575134,-5.219467,-11.444443

10054397671774,1.038208,-4.1774597,-8.372223

10054517788962,2.9709473,-2.3300629,-0.2434845

10054597867087,2.8803864,-0.30126953,5.7176666

10054718960837,4.404175,0.6148224,4.9654694

10054799038962,4.968445,-1.3243561,-0.4776001

10054918179587,1.1638947,-4.7143555,-8.036713

10054998257712,-0.30360413,-6.540222,-12.480743

10055118374899,-0.0015411377,-6.316223,-12.696396

10055198453024,0.08177185,-5.243149,-10.230698

10055318570212,-0.60769653,-4.94252,-8.603348

10055399624899,-0.8204956,-5.0861664,-7.961731

10055522671774,-0.62316895,-5.828247,-7.461258

10055718960837,-0.71243286,-8.244568,-6.755234

10055919156149,-0.886673,-10.166595,-0.75920105

10056120328024,-1.0925751,-4.995117,6.71933

10056320523337,-0.7237396,-1.0914307,9.169449

10055599820212,-0.5386658,-6.67305,-7.544571

10055799038962,-0.88845825,-9.273712,-5.069809

10056000210837,-0.9203644,-8.776108,2.7525635

10056200406149,-0.89797974,-3.0259552,8.161606

10056400601462,-0.7644501,-1.0068054,9.403442

10056434659079,-0.2238617,1.3430939,10.756561

10056443448142,-0.17625427,0.46235657,9.587799

10056452237204,-0.6451874,-0.5873871,8.814178

10056462002829,-0.5856781,-0.26127625,9.4687805

10056470212058,-0.7975311,-0.3136444,9.609222

10056493893698,-0.9665375,-1.0015717,9.285492

10056495328024,-0.9165497,-1.4824066,10.082916

10056520016745,-1.4092865,-2.1036835,10.256683

10056530179099,-1.4664154,-1.5466766,9.899628

10056535275534,-0.77516174,-0.8964844,9.691818

10056540036276,-1.0331879,-0.18986511,9.91391

10056550595358,-0.5523529,0.45283508,10.259064

10056560605124,-0.6761322,-0.40171814,9.27359

10056570614890,-1.0998383,-0.9825287,8.985565

10056580655173,-0.71421814,-0.7849579,9.202179

10056590115622,-1.0355682,-0.60643005,9.223602

10056600735739,-1.1474457,-0.5278778,10.287628

10056610653952,-1.0903168,-0.56596375,10.187653

10056620694235,-1.5259247,-1.5157318,10.17337

10056630704001,-1.4283295,-1.8965912,9.885345

10056640194968,-1.0617523,-1.7275848,9.27359

10056650876120,-1.2093353,-0.4874115,9.678253

10056660794333,-0.76182556,-0.17320251,10.201935

10056670834616,-0.8427582,-0.4374237,9.054596

10056680844382,-0.44761658,-0.7492523,9.128387

10056690274313,-1.354538,-0.89445496,9.2117

10056700863913,-1.149826,-0.67308044,9.992462

10056710873679,-1.1260223,-1.0991669,9.904388

10056720883444,-1.4140472,-1.7656708,10.094818

10056730893210,-1.4092865,-1.7966156,9.837738

10056735592917,-1.0618744,-0.9308777,9.677658

10056740353659,-1.1902924,-1.9846649,9.697296

10056750485495,-0.9998627,-1.6014252,9.285492

10056760953024,-0.873703,-0.7016449,9.556854

10056770962790,-0.9665375,-0.3231659,9.371185

10056781033591,-0.8403778,0.060073853,10.977936

10056790433005,-0.7523041,-0.9753876,9.137909

10056801083640,-1.3093109,-1.5657196,9.359283

10056811001852,-1.2759857,-1.1753387,9.832977

10056821042136,-1.1260223,-1.1872406,9.685394

10056831051901,-1.1141205,-1.3348236,9.811554

10056840481833,-1.2498016,-1.1277313,9.863922

10056851162985,-1.0546112,-0.7159271,9.999603

10056861111716,-0.92607117,-0.66593933,9.628265

10056871090964,-0.97843933,-0.42314148,9.947235

10056881131247,-0.8260956,-0.51597595,10.04483

10056890591696,-1.0308075,-0.9063568,9.544952

10056901150778,-0.96177673,-0.93492126,9.542572

10056911191061,-1.1641083,-1.0515594,9.606842

10056921170309,-0.9712982,-1.0967865,9.514008

10056931180075,-0.95225525,-0.7492523,9.661591

10056935879782,-1.028305,-0.9179077,9.72467

10056940640524,-1.1926727,-1.3657684,10.121002

10056951230124,-1.0903168,-1.2300873,10.225739

10056961239890,-1.4164276,-1.82518,10.113861

10056971249655,-1.3093109,-2.1084442,9.618744

10056981259421,-1.1188812,-1.3943329,9.454498

10056990841940,-0.7665863,-0.12321472,10.387604

