98863844657370,-1.2212372,-1.7966156,8.914154

98863852469870,-1.6854095,-1.6299896,9.345001

98863868094870,-1.547348,-0.87779236,9.540192

98863875907370,-1.1022186,-1.3038788,9.485443

98863883719870,-0.86894226,-1.587143,9.511627

98863891532370,-0.5356903,-1.2919769,9.283112

98863907157370,0.9972687,0.18147278,9.647308

98863914969870,0.04273987,0.49092102,10.266205

98863927695700,-0.7356415,0.7718048,10.1091

98863932395407,-1.0807953,0.62898254,9.971039

98863956931539,-1.290268,-0.018478394,9.630646

98863966910787,-1.1069794,-0.22319031,9.559235

98863981925436,-0.5547333,-0.3636322,9.59494

98864001944967,-0.3952484,-0.3802948,9.416412

98864012046286,-0.45713806,-0.34220886,9.383087

98864022788473,-0.44761658,-0.2969818,9.485443

98864032157370,-0.54759216,-0.20652771,9.516388

98864041922995,-0.5713959,-0.20176697,9.533051

98864052085348,-0.6166229,-0.20890808,9.702057

98864061942526,-0.68089294,-0.26365662,9.7187195

98864072440573,-0.66185,-0.330307,9.65683

98864082694479,-0.5880585,-0.44218445,9.794891

98864092673727,-0.45713806,-0.4945526,9.809174

98864102683493,-0.28575134,-0.4707489,9.825836

98864111930319,-0.15007019,-0.44932556,9.868683

98864122672506,-0.16197205,-0.4040985,9.778229

98864132682272,-0.28575134,-0.39457703,9.706818

98864142661520,-0.3881073,-0.45646667,9.716339

98864152671286,-0.53330994,-0.4636078,9.84964

98864161979147,-0.5928192,-0.4374237,9.987701

98864172690817,-0.4880829,-0.4636078,10.2447815

98864182700582,-0.36668396,-0.57310486,10.294769

98864192679830,-0.16197205,-0.6849823,10.325714

98864187919088,-0.4419098,-0.39826965,9.780731

98864202689596,0.07130432,-0.64927673,10.275726

98864212058493,0.17842102,-0.6873627,10.287628

98864231955953,0.059402466,-0.7254486,10.437592

98864237754293,-0.047714233,-0.73973083,10.711334

98864247672506,-0.18577576,-0.82066345,10.885101

98864257193991,-0.16673279,-0.8397064,11.158844

98864267600485,-1.0681152E-4,-0.9134979,11.618256

98864277671286,0.20936584,-0.9872894,12.146698

98864287681051,0.40693665,-1.0563202,12.86319

98864297660299,0.5902252,-1.0110931,13.629669

98864307059713,0.75923157,-0.9896698,14.481842

98864317588278,0.94252014,-1.1015472,15.134064

98864327659078,1.0591583,-1.2800751,15.598236

98864337668844,1.056778,-1.4062347,16.13144

98864347648092,1.0782013,-1.6109467,16.659882

98864357047506,1.1162872,-1.7252045,17.462067

98864367637106,1.185318,-1.8061371,18.007172

98864377646871,1.2115021,-1.9441986,18.216644

98864387656637,1.3067169,-1.991806,18.38565

98864397635885,1.3614655,-2.0275116,18.302338

98864392875143,0.60961914,-1.215683,14.119675

98864407035299,1.3614655,-1.9608612,17.950043

98864416922995,1.435257,-1.7942352,17.373993

98864427939840,1.3757477,-1.5133514,16.531342

98864437644430,1.1591339,-1.5228729,16.045746

98864447654196,0.92585754,-1.7966156,15.760101

98864457053610,0.6330719,-2.048935,15.524445

98864466910787,0.58784485,-2.5226288,15.022186

98864477652975,0.5854645,-2.889206,14.217621

98864487632223,0.5688019,-3.1129608,13.31308

98864497641989,0.53785706,-3.3343353,12.537079

98864507041403,0.28553772,-3.1581879,11.71109

98864516898580,-0.03819275,-2.941574,10.973175

98864527640768,-0.3143158,-2.7630463,10.42807

98864537650534,-0.4880829,-2.5131073,9.690155

98864547629782,-0.5832977,-2.3369598,9.1736145

98864557029196,-0.5214081,-2.2465057,8.621368

98864566916891,-0.4618988,-2.203659,7.971527

98864577659078,-0.5523529,-2.0132294,7.059845

98864587638327,-0.7404022,-1.7442474,6.1315002

98864597648092,-0.9070282,-1.3967133,5.476898

98864592887350,0.2424469,-2.2906647,12.075638

98864607016989,-1.0046234,-0.9134979,4.97464

98864616904684,-1.002243,-0.37553406,4.660431

98864627677389,-0.937973,0.19099426,4.0796204

98864637626120,-0.84513855,0.72657776,3.6678162

98864647635885,-0.7689667,1.0407867,3.0227356

98864657035299,-0.65470886,1.2978668,2.3443298

98864666892477,-0.78086853,1.5121002,1.4588318

98864677634664,-1.021286,1.812027,0.73757935

98864687613912,-1.3521576,1.9976959,0.25912476

98864697623678,-1.6378021,2.5285187,-0.47164917

98864707023092,-1.9543915,3.2188263,-1.4595032

98864716880270,-2.2305145,4.351883,-2.164093

98864727622457,-2.5137787,5.506363,-2.6330261

98864737632223,-2.747055,6.5680084,-3.1828918

98864747611471,-3.1945648,7.4915924,-3.9565125

98864757010885,-3.6373138,8.129532,-4.38974

98864766898580,-3.946762,8.212845,-4.722992

98864777610250,-4.2776337,8.196182,-5.4394836

98864787620016,-4.415695,8.2747345,-6.1893005

98864797629782,-4.5132904,8.284256,-6.796295

98864792869039,-2.1718445,3.902588,-0.8100128

98864807029196,-4.5775604,8.434219,-7.1581116

98864816886373,-4.6561127,8.641312,-7.103363

98864827720114,-4.734665,8.876968,-6.7463074

98864837607809,-4.741806,9.169754,-6.289276

98864847617575,-4.7061005,9.172134,-5.8489075

98864857016989,-4.7370453,9.105484,-5.6822815

98864866935202,-4.856064,8.922195,-5.539459

98864877677389,-5.0702972,8.5889435,-5.358551

98864887595602,-5.339279,8.30806,-5.0681458

98864897605368,-5.5011444,8.015274,-4.696808

98864907004782,-5.3488007,7.6915436,-4.13266

98864917014547,-5.094101,7.374954,-3.3995056

98864927604147,-4.8227386,7.039322,-2.7615662

98864937613912,-4.632309,6.570389,-1.9855652

98864947623678,-4.5918427,6.0943146,-1.3119202

98864957023092,-4.515671,5.6848907,-0.9739075

98864967002340,-4.587082,5.2135773,-0.79537964

98864977622457,-4.746567,4.854141,-0.62161255

98864987601705,-4.882248,4.4661407,-0.28598022

98864997580953,-5.082199,4.211441,0.26626587

98864992820211,-4.8611755,7.321747,-3.7746582

98865007682272,-5.2250214,4.0091095,1.0636902

98865016990133,-5.2059784,3.5139923,1.8492126

98865027488180,-5.0155487,3.0022125,2.4181213

98865037589498,-4.663254,2.2595367,2.6609192

98865047599264,-4.2942963,1.6763458,2.634735

98865057975241,-4.0729218,1.2383575,2.8727722

98865067008444,-4.022934,1.0907745,3.9320374

98865077689596,-3.9443817,0.8146515,5.096039

98865087607809,-3.901535,0.5194855,6.098175

98865097587057,-3.663498,-0.07798767,7.009857

98865107688375,-3.1731415,-0.9753876,7.4549866

98865116996237,-2.6018524,-1.8275604,7.3597717

98865127646871,-2.0829315,-2.4893036,7.355011

98865137565084,-1.6568451,-2.601181,8.211945

98865147574850,-1.1117401,-2.1893768,10.004364

98865157615133,-0.66185,-2.0060883,11.299286

98865166984030,-0.36192322,-2.1750946,11.799164

98865177665182,-0.32621765,-2.4821625,11.746796

98865187583395,-0.4214325,-2.824936,10.9184265

98865197593161,-0.57377625,-2.7249603,10.775604

98865192832418,-2.84906,-0.21247864,6.6280518

98865207663961,-0.4285736,-2.2822113,11.9253235

98865216971823,-0.057235718,-1.7371063,13.246429

98865227866598,0.46406555,-1.3348236,14.608002

98865237571188,0.9782257,-1.2515106,14.924591

98865247580953,1.2852936,-1.2181854,14.419952

98865257621237,1.3828888,-1.3895721,13.929596

98865266959616,1.1496124,-1.3919525,13.536835

98865277671286,0.84254456,-1.2943573,13.610626

98865287558981,0.5521393,-1.3443451,13.908173

98865297568746,0.45692444,-1.7299652,14.15097

98865307609030,0.5902252,-1.991806,14.21286

98865316977926,0.93299866,-2.2964935,13.946259

98865327659078,1.2852936,-2.3940887,13.727264

98865337577291,1.4733429,-2.3345795,13.389252

98865347556539,1.5233307,-2.1417694,13.274994

98865357566305,1.4638214,-2.0346527,13.365448

98865366965719,1.3186188,-1.8489838,13.417816

98865377555319,1.1258087,-1.7061615,13.396393

98865387565084,1.0639191,-1.6418915,13.444

98865397574850,1.0543976,-1.6299896,13.308319

98865392814108,0.9228821,-1.7497253,13.687149

98865407554098,1.0282135,-1.4990692,12.936981

98865416953512,0.98298645,-1.3990936,12.601349

98865426902243,0.87586975,-1.3229218,12.444244

98865437552877,0.7711334,-1.3990936,12.422821

98865447562643,0.76161194,-1.4109955,12.196686

98865457541891,0.7806549,-1.4895477,11.865814

98865466941305,0.8139801,-1.5466766,11.587311

98865477469870,0.8473053,-1.4895477,11.373077

98865487601705,0.7473297,-1.4252777,11.154083

98865497550436,0.7378082,-1.4086151,11.092194

98865507529684,0.58070374,-1.3800507,11.00412

98865516929098,0.5664215,-1.3705292,10.897003

98865527488180,0.5330963,-1.3419647,10.799408

98865537528463,0.5854645,-1.299118,10.678009

98865547538229,0.6330719,-1.2134247,10.523285

98865557512082,0.6735382,-1.2181854,10.397125

98865566911496,0.6640167,-1.2776947,10.282867

98865576799191,0.6663971,-1.2800751,10.330475

98865587510861,0.6164093,-1.446701,10.485199

98865597520627,0.53785706,-1.50383,10.68277

98865592759885,0.7201996,-1.3861237,11.287735

98865607499875,0.48072815,-1.6609344,10.830353

98865616899289,0.4759674,-1.7228241,10.911285

98865626786984,0.47358704,-1.7823334,11.111237

98865637529172,0.6568756,-1.8013763,11.39212

98865647508420,0.8211212,-1.8608856,11.9039

98865657487668,0.94966125,-2.0917816,12.232391

98865666887082,0.97346497,-2.1703339,12.560883

98865677446164,1.0115509,-2.196518,12.960785

98865687486447,0.9639435,-2.1798553,13.5868225

98865697496213,0.8734894,-2.222702,14.186676

98865707475461,0.8734894,-2.2655487,14.715118

98865716874875,0.87586975,-2.3298187,15.312592

98865727433957,1.1258087,-2.4107513,15.705353

98865737474240,1.3590851,-2.5845184,15.891022

98865747453488,1.58284,-2.6821136,16.040985

98865757463254,1.5709381,-2.6249847,15.919586

98865766862668,1.4971466,-2.5273895,16.06717

98865777543820,1.3686066,-2.427414,16.217133

98865787462033,1.2924347,-2.6059418,16.348053

98865797471799,1.3400421,-2.78685,16.39804

98865792711057,1.0283356,-2.2467499,14.014572

98865807451047,1.5066681,-3.2248383,15.988617

98865816850461,1.5233307,-3.6033173,15.288788

98865826738156,1.4471588,-3.7794647,14.677032

98865837449826,1.313858,-3.6675873,14.410431

98865847459592,1.2376862,-3.3652802,14.310455

98865857438840,1.2138824,-3.0201263,14.003387

98865866838254,1.166275,-3.005844,13.493988

98865876725949,1.0710602,-2.991562,12.684662

98865887437619,0.8949127,-2.9510956,12.0729065

98865897447385,0.7092438,-2.9463348,11.722992

98865907457150,0.5830841,-2.832077,11.413544

98865916856564,0.5664215,-2.8011322,10.568512

98865926713742,0.5330963,-2.8868256,10.047211

98865937455930,0.37123108,-2.7963715,9.295013

98865947435178,0.2545929,-2.4321747,8.361908

98865957444943,0.07130432,-1.9846649,7.6549377

98865966844357,-0.18101501,-1.3633881,6.8884583

98865976701535,-0.43095398,-0.727829,6.2886047

98865987413205,-0.68803406,0.01008606,5.705414

98865997422971,-0.9808197,0.7646637,5.398346

98865992662228,0.6091461,-2.4802551,11.013763

98866007402219,-1.187912,1.2835846,4.603302

98866016801633,-1.4687958,1.7596588,3.8749084

98866026689328,-1.6996918,2.1024323,3.217926

98866037370480,-1.6925507,2.2857208,2.5038147

98866047685422,-1.5330658,2.292862,1.6111755

98866057451047,-1.4259491,2.3547516,0.70425415

98866066789426,-1.4354706,2.4761505,-0.03366089

98866076677121,-1.5068817,2.7665558,-0.41690063

98866087388791,-1.7187347,3.3664093,-0.6763611

98866097459592,-2.0424652,4.2090607,-1.1024475

98866107377805,-2.3828583,5.2469025,-1.5428162

98866116777219,-2.8184662,6.4085236,-1.9427185

98866126664914,-3.1945648,7.508255,-2.2069397

98866137376584,-3.580185,8.081924,-2.1664734

98866147386350,-3.8586884,8.50087,-2.2759705

98866157365598,-4.034836,8.850784,-2.5973206

98866166765012,-4.087204,8.853165,-2.8234558

98866176622189,-4.015793,8.817459,-3.3495178

98866187364377,-3.9681854,8.8198395,-3.9779358

98866197343625,-4.0086517,8.857925,-4.318329

98866192582883,-2.5830536,5.2421417,-0.6457672

98866207353391,-4.1538544,8.984085,-4.401642

98866216752805,-4.4490204,9.074539,-4.375458

98866226609982,-4.6680145,9.184036,-4.144562

98866237382687,-4.8655853,9.248306,-3.8279724

98866247331418,-4.9036713,9.036453,-3.5589905

98866257341183,-4.8870087,8.75795,-3.1995544

98866266710080,-4.875107,8.388992,-3.023407

98866276719846,-4.8394012,8.098587,-2.940094

98866287339963,-4.8989105,7.9081573,-2.7710876

98866297319211,-4.9703217,7.7343903,-2.4045105

98866307298459,-4.9488983,7.4677887,-1.9474792

98866316697873,-4.908432,7.1273956,-1.5451965

98866326707639,-4.89653,6.7084503,-1.0572205

98866337297238,-4.8870087,6.0943146,-0.34310913

98866347276486,-4.7894135,5.494461,0.29006958

98866357286252,-4.775131,5.020767,0.7494812

98866367326535,-4.7441864,4.608963,1.113678

98866376664914,-4.8465424,4.2090607,1.4183655

98866387346066,-4.965561,3.9257965,1.3207703

98866397264279,-5.2155,3.7782135,1.3731384

98866392503537,-4.824402,7.0425415,-1.6637421

98866407243527,-5.3940277,3.7091827,1.889679

98866417283810,-5.4773407,3.352127,2.6513977

98866426652707,-5.27977,2.7451324,3.5464172

98866437028683,-4.9322357,1.9643707,3.8963318

98866447252072,-4.5466156,1.3907013,4.20578

98866457261838,-4.3466644,0.94081116,4.955597

98866467271603,-4.215744,0.51234436,5.87204

98866476640500,-4.1943207,0.195755,6.5123596

98866487321652,-4.1490936,0.03388977,6.995575

98866497239865,-3.9610443,-0.26365662,7.495453

98866507219113,-3.6230316,-0.7897186,8.033417

98866517259396,-3.125534,-1.465744,8.380951

98866526597775,-2.6208954,-2.0870209,8.399994

98866537309445,-2.3328705,-2.6963959,8.807037

98866547197141,-2.2090912,-3.1772308,9.583038

98866557206906,-2.1257782,-3.5723724,9.861542

98866567247189,-2.1805267,-3.615219,10.082916

98866576616086,-2.0972137,-3.4271698,10.987457

98866587266721,-1.759201,-3.2581635,11.725372

98866597184933,-1.2759857,-3.1629486,11.941986

98866592424191,-3.4923553,-0.6335602,7.291214

98866607194699,-0.91893005,-3.1938934,12.4513855

98866617234982,-0.60472107,-3.2391205,12.694183

98866626603879,-0.411911,-2.9368134,12.553741

98866637376584,-0.37858582,-2.6678314,12.784637

98866647203244,-0.40238953,-2.3869476,13.110748

98866657213010,-0.37382507,-2.0441742,13.608246

98866667222775,-0.2738495,-1.8085175,14.284271

98866676591672,0.02607727,-1.8037567,14.553253

98866687272824,0.30220032,-1.9941864,14.498505

98866697191037,0.40931702,-2.2964935,14.062897

98866707261838,0.4688263,-2.6749725,13.620148

98866717180051,0.40693665,-2.7892303,13.115509

98866726579465,0.40693665,-2.6416473,12.820343

98866737199582,0.49263,-2.2179413,12.925079

98866747178830,0.7259064,-1.69664,13.051239

98866757188596,0.81159973,-1.3871918,13.298798

98866767167844,0.82588196,-1.3538666,13.305939

98866776567258,0.6068878,-1.549057,13.086945

98866787187375,0.24269104,-1.8323212,12.779877

98866797166623,-0.050094604,-2.0394135,12.334747

98866792405881,0.11558533,-2.227707,13.247025

98866807176389,-0.26908875,-2.158432,11.818207

98866817155637,-0.29527283,-2.234604,11.549225

98866826555051,-0.12388611,-2.075119,11.251678

98866836442746,0.18080139,-1.8037567,11.144562

98866847154416,0.35932922,-1.5561981,11.211212

98866857164182,0.40455627,-1.3848114,11.089813

98866867143430,0.30934143,-1.234848,11.106476

98866876542844,0.21412659,-1.2872162,11.0065

98866887040891,0.11891174,-1.3467255,10.794647

98866897172726,0.14509583,-1.4752655,10.711334

98866907182492,0.23078918,-1.530014,10.511383

98866917283810,0.35456848,-1.5728607,10.29715

98866926530637,0.41407776,-1.5323944,10.111481

98866937028683,0.5021515,-1.4943085,10.090057

98866947282590,0.5592804,-1.594284,10.0971985

98866957292355,0.46644592,-1.734726,10.147186

98866967302121,0.40693665,-1.8299408,10.178131

98866976518430,0.28553772,-1.9322968,10.3090515

98866986436642,0.23078918,-1.8965912,10.563751

98866997270383,0.26887512,-1.8156586,10.958893

98866992509641,0.23817444,-1.6744995,10.747391

98867007280148,0.3855133,-1.7561493,11.0017395

98867017289914,0.4593048,-1.6728363,11.173126

98867026506223,0.44978333,-1.5919037,11.434967

98867036790646,0.3283844,-1.4586029,11.661102

98867046830930,0.20698547,-1.5514374,12.03006

98867057298459,0.102249146,-1.779953,12.251434

98867066880978,0.11177063,-2.1298676,12.34903

98867076494016,0.29743958,-2.6059418,12.510895

98867086900510,0.46406555,-3.1153412,12.679901

98867097215451,0.659256,-3.3676605,12.958405

98867107225217,0.77827454,-3.4319305,13.589203

98867117234982,0.9139557,-3.1772308,14.074799

98867126481808,1.102005,-3.0320282,14.753204

98867137254514,1.3733673,-2.8844452,15.464935

98867147081174,1.6161652,-3.0867767,15.888641

98867157060422,1.8327789,-3.5271454,15.964813

98867167070187,1.8827667,-4.062729,15.998138

98867176469601,1.858963,-4.4650116,15.912445

98867186326779,1.942276,-4.762558,15.800568

98867197068967,2.0041656,-4.7482758,15.68869

98867192308225,0.93847656,-2.9103851,13.659302

98867207048215,2.1826935,-4.5721283,15.600616

98867217057980,2.2921906,-4.3674164,15.464935

98867226457394,2.2660065,-4.179367,15.472076

98867236314572,2.2017365,-4.024643,15.224518

98867247087277,2.070816,-4.055588,15.086456

98867257066525,1.9303741,-4.146042,14.631805

98867267045773,1.9351349,-4.210312,13.920074

98867276445187,1.9160919,-4.26268,13.108368

98867286302365,1.8684845,-4.186508,12.5156555

98867297044553,1.6828156,-4.000839,11.801544

98867307023801,1.4209747,-3.653305,11.346893

98867317094601,1.0662994,-3.2962494,10.754181

98867326432980,0.7140045,-3.0582123,10.154327

98867336290158,0.35456848,-2.8011322,9.8472595

98867347032346,0.23078918,-2.4297943,9.221222

98867357011594,0.10939026,-2.151291,8.540436

98867367021359,0.033218384,-1.8989716,8.126251

98867376420773,-0.1738739,-1.3871918,7.5073547

98867386277951,-0.3881073,-0.9825287,6.5694885

98867396989621,-0.66423035,-0.580246,5.772064

98867392228879,1.1524658,-3.2122192,11.533279

98867406999387,-0.9403534,-0.07798767,5.212677

98867417009152,-1.2164764,0.6075592,4.8318176

98867426378049,-1.2807465,1.2740631,4.4914246

98867436265744,-1.3116913,1.8691559,4.1843567

98867446763791,-1.335495,2.2428741,3.6820984

98867456987180,-1.437851,2.4737701,2.9299011

98867466996945,-1.521164,2.7879791,2.339569

98867476365842,-1.6044769,3.0855255,1.8682556

98867486253537,-1.7044525,3.2378693,1.3231506

98867496965207,-1.7092133,3.3354645,0.8661194

98867506974973,-1.6592255,3.473526,-0.019378662

98867516984738,-1.713974,3.7734528,-0.6239929

98867526353635,-1.6735077,4.2400055,-1.0524597

98867536271848,-1.7472992,4.9660187,-1.4333191

98867546983517,-2.0043793,6.0681305,-1.8308411

98867556993283,-2.316208,7.296402,-2.1164856

98867566972531,-2.6708832,8.203323,-2.0879211

98867576371945,-3.0088959,8.75795,-2.156952

98867586259641,-3.3135834,9.0793,-2.837738

98867596971310,-3.6563568,9.176895,-3.401886

98867592210568,-1.8913116,4.293564,0.7084198

98867606950558,-4.2443085,8.945999,-3.439972

98867616960324,-4.70372,8.857925,-3.2566833

98867626359738,-4.9822235,8.943619,-3.3804626

98867636338986,-5.067917,9.019791,-3.7446594

98867646959103,-4.9679413,9.284012,-3.7518005

98867656938351,-4.5323334,9.574417,-3.568512

98867666917600,-4.144333,9.898148,-3.3161926

98867676347531,-3.7777557,10.183792,-2.8544006

98867686326779,-3.515915,10.183792,-2.2640686

98867696946896,-3.3730927,9.821976,-1.9474792

98867706926144,-3.4373627,9.362564,-2.0498352

98867716935910,-3.7206268,8.857925,-2.092682

98867726304807,-3.9991302,8.165237,-1.7951355

98867736284055,-4.158615,7.693924,-1.6404114

98867746904172,-4.163376,7.34877,-1.4880676

98867756913937,-4.0134125,7.103592,-1.2524109

98867766893185,-3.9896088,6.848892,-1.131012

98867776933469,-4.080063,6.6513214,-0.81918335

98867786271848,-4.4371185,6.2299957,-0.15505981

98867796891965,-4.8155975,5.623001,0.51620483

98867792131223,-4.2062225,8.429932,-2.171585

98867806901730,-5.0702972,4.923172,0.76852417

98867816880978,-5.146469,4.2590485,0.8066101

98867826860226,-5.0964813,3.6949005,0.66378784

98867836259641,-4.908432,3.3735504,0.72805786

98867846971310,-4.76799,3.3235626,1.3088684

98867856859006,-4.6299286,3.344986,2.1229553

98867866868771,-4.3871307,3.3806915,3.1369934

98867876909055,-4.208603,3.1545563,4.032013

98867886247433,-4.1681366,2.7070465,4.731842

98867896928586,-4.158615,2.016739,4.97464

98867906846799,-4.3181,1.228836,5.072235

98867916856564,-4.560898,0.574234,5.16745

98867926957883,-4.632309,0.15290833,5.7411194

98867936235226,-4.368088,-0.40885925,7.2478943

98867946946896,-3.580185,-1.2967377,8.6285095

98867956834592,-2.554245,-2.139389,9.287872

98867966844357,-1.7211151,-3.139145,9.544952

98867976884641,-1.1522064,-4.081772,9.742523

98867986223019,-0.9498749,-4.6744843,9.694916

98867996904172,-1.1641083,-4.7911224,9.956757

98867992143430,-3.7771606,0.7801361,5.167923

98868006822385,-1.2688446,-4.717331,10.704193

98868016832150,-1.316452,-4.7387543,11.251678

98868026872433,-1.3616791,-4.762558,11.630157

98868036210812,-1.0974579,-4.71257,11.972931

98868046403683,-0.7832489,-4.357895,12.108612

98868056810178,-0.63090515,-3.858017,12.660858

98868066789426,-0.49284363,-3.3867035,13.615387

98868076585568,-0.3381195,-3.1343842,14.100983

98868086198605,-0.26908875,-2.9130096,14.222382

98868096879758,-0.0667572,-2.9701385,13.822479

98868106797971,0.15223694,-3.1938934,13.127411

98868116777219,0.2046051,-3.4247894,12.537079

98868126786984,0.1308136,-3.7651825,12.506134

98868136186398,0.018936157,-3.9579926,12.406158

98868146989621,-0.035812378,-3.9103851,12.122894

98868156785764,-0.06437683,-3.691391,12.210968

98868166765012,0.057022095,-3.4462128,12.401398

98868176774777,0.24983215,-3.1224823,12.5989685

98868186174191,0.47834778,-2.7154388,12.589447

98868196824826,0.6306915,-2.3369598,12.594208

98868192064084,-0.29016113,-3.6558075,12.559219

98868206743039,0.68544006,-2.0417938,12.458527

98868216752805,0.6092682,-1.8918304,12.458527

98868227220334,0.5164337,-1.8108978,12.370453

98868236131467,0.39265442,-1.8942108,12.282379

98868246019162,0.39741516,-2.0703583,12.068146

98868256730832,0.53785706,-2.427414,11.896759

98868266740598,0.723526,-2.6606903,11.784882

98868276719846,0.82588196,-2.7154388,11.680145

98868286119260,0.84254456,-2.7059174,11.625397

98868296006955,0.6830597,-2.5345306,11.673004

98868306718625,0.44740295,-2.2060394,11.608734

98868316728391,0.19508362,-1.9037323,11.551605

98868326707639,0.12843323,-1.6871185,11.489716

98868336107053,0.13557434,-1.4966888,11.377838

98868345994748,0.21888733,-1.5704803,10.975555

98868356706418,0.2212677,-1.7133026,10.699432

98868366716183,0.19746399,-1.8299408,10.394745

98868376695432,0.18556213,-2.0632172,10.166229

98868386094846,0.21174622,-2.2393646,10.051971

98868396623410,0.2712555,-2.4250336,9.994843

98868391862668,0.42134094,-2.0944061,11.43045

98868406694211,0.2950592,-2.5035858,10.025787

98868416703976,0.36647034,-2.498825,10.113861

98868426713742,0.37599182,-2.4607391,10.130524

98868436082639,0.34266663,-2.3417206,10.223358

98868446000851,0.24745178,-2.222702,10.416168

98868456651486,0.19032288,-2.1703339,10.766083

98868466691769,0.20698547,-2.0774994,10.923187

98868476701535,0.28315735,-2.003708,10.963654

98868486100949,0.43074036,-2.0465546,11.265961

98868496660031,0.5997467,-2.1251068,11.603973

98868506669797,0.75923157,-2.3655243,12.09671

98868516679562,0.8568268,-2.6035614,12.47757

98868526689328,0.9687042,-2.813034,12.7465515

98868536149777,0.99250793,-2.9582367,13.084564

98868545945920,1.0591583,-3.005844,13.289276

98868556688107,1.0924835,-2.9629974,13.455902

98868566667355,1.1781769,-2.8868256,13.915314

98868576677121,1.3090973,-2.8868256,14.246185

98868586076535,1.4233551,-2.9249115,14.59848

98868595933713,1.563797,-2.97966,14.836517

98868591172971,0.72709656,-2.541916,12.058975

98868606645383,1.6613922,-3.1177216,14.931732

98868616655148,1.6875763,-3.2986298,15.11264

98868626664914,1.6590118,-3.4747772,15.231659

98868636033810,1.6233063,-3.5557098,15.314972

98868645921506,1.6518707,-3.3724213,15.30545

98868656663693,1.6637726,-3.0153656,15.1840515

98868666642941,1.5328522,-2.6892548,15.153107

98868676652707,1.3495636,-2.4631195,15.072174

98868686021603,1.2091217,-2.3131561,14.881744

98868695909299,1.2019806,-2.2917328,14.831757

98868706620969,1.3900299,-2.3750458,14.686554

98868716630734,1.5661774,-2.3798065,14.524689

98868726640500,1.5399933,-2.415512,14.08194

98868736039914,1.3947906,-2.2941132,13.367828

98868745897092,0.91633606,-2.1631927,12.975067

98868756608762,0.33790588,-2.0965424,12.510895

98868766618527,-0.092941284,-1.9799042,11.930084

98868776597775,-0.41429138,-1.5657196,11.182648

98868786027707,-0.4547577,-1.3134003,10.68515

98868795884885,-0.34049988,-0.9563446,9.973419

98868791124142,1.0541534,-2.4565735,13.846878

98868806596555,-0.37620544,-0.46122742,9.773468

98868816606320,-0.42381287,-0.3874359,9.359283

98868826646603,-0.6832733,-0.36839294,8.852264

98868835984982,-0.86180115,-0.42552185,8.2500305

98868845872678,-0.9832001,-0.47789,7.5240173

98868856614865,-1.0569916,-0.30888367,6.5552063

98868866594113,-1.1188812,-0.06846619,6.026764

98868876603879,-1.2093353,0.2862091,5.326935

98868885972775,-1.3426361,0.8527374,4.410492

98868895829953,-1.5116425,1.5049591,4.058197

98868906572141,-1.6330414,2.1119537,4.391449

98868916581906,-1.5616302,2.4880524,4.886566

98868926561154,-1.290268,2.3357086,5.2983704

98868935960568,-0.96177673,2.0667267,4.4271545

98868945817746,-0.7927704,1.516861,2.813263

98868956559933,-0.69755554,1.0836334,0.96847534

98868966539182,-0.71421814,0.952713,-0.61209106

98868976548947,-0.86180115,1.2954865,-1.7879944

98868985948361,-1.1641083,1.7858429,-2.690155

98868995958127,-1.4973602,2.8546295,-3.7518005

98868991197385,-1.0371094,0.93188477,4.2039948

98869006547726,-1.8520355,4.409012,-4.715851

98869016557492,-2.342392,6.1657257,-4.9181824

98869026567258,-2.804184,7.751053,-4.503998

98869035936154,-3.2326508,9.01503,-4.287384

98869045945920,-3.5920868,9.950516,-4.461151

98869056291379,-3.7610931,10.29567,-4.987213

98869066545285,-3.8682098,9.933853,-5.806061

98869076371945,-4.094345,9.602982,-6.5868225

98869086381711,-4.351425,9.552994,-7.0676575

98869095933713,-4.6537323,9.433975,-6.9581604

98869106614865,-4.8989105,9.438736,-6.513031

98869116533078,-4.9869843,9.631546,-5.941742

98869126512326,-4.8536835,9.745804,-5.2966614

98869136583127,-4.63945,9.65535,-4.715851

98869145952023,-4.432358,9.419693,-4.351654

98869156511105,-4.3799896,9.022171,-4.1945496

98869166490353,-4.4609222,8.600845,-4.1374207

98869176500119,-4.627548,8.222366,-3.8303528

98869186540402,-4.798935,7.7796173,-3.3995056

98869195878781,-4.7061005,7.3368683,-2.921051

98869191118039,-4.0668488,8.748184,-4.979721

98869206498898,-4.503769,6.9917145,-2.4997253

98869216478146,-4.2300262,6.648941,-2.0141296

98869226426877,-4.120529,6.2847443,-1.4023743

98869236497678,-4.1871796,5.8681793,-0.9715271

98869245866574,-4.4752045,5.377823,-0.68588257

98869256547726,-4.8489227,4.97554,-0.34072876

98869266465939,-5.1631317,4.428055,0.16390991

98869276445187,-5.339279,3.999588,0.863739

98869286485471,-5.101242,3.480667,1.473114

98869295854367,-4.7560883,3.0617218,1.9682312

98869306535519,-4.3276215,2.5904083,2.2729187

98869316423215,-4.018173,2.273819,2.2395935

98869326432980,-3.9753265,2.0357819,2.184845

98869336473264,-4.196701,1.7667999,2.6585388

98869345842160,-4.5585175,1.6858673,3.6868591

98869356523312,-4.6608734,1.2812042,5.334076

98869366441525,-4.3776093,0.54566956,6.5837708

98869376420773,-3.8063202,-0.16130066,6.847992

98869386461057,-3.073166,-1.022995,6.90036

98869395829953,-2.509018,-1.8918304,6.8456116

98869391069211,-4.311432,3.0110168,2.1054535

98869406511105,-2.1138763,-2.332199,6.5433044

98869416398801,-2.0305634,-2.4297943,6.9336853

98869426439084,-1.9758148,-2.5131073,8.849884

98869436448850,-1.7044525,-2.870163,11.049347

98869445787228,-1.2997894,-3.2819672,11.870575

98869456285275,-0.78800964,-3.8818207,12.163361

98869466386594,-0.24290466,-4.436447,11.90152

98869476396359,0.06654358,-4.4507294,10.992218

98869486406125,0.11653137,-4.0984344,10.594696

98869495805539,-0.14292908,-3.3486176,11.401642

98869506517209,-0.264328,-2.4393158,13.034576

98869516404904,-0.23814392,-1.4943085,14.53421

98869526384152,0.035598755,-1.2253265,15.831512

98869536363400,0.5664215,-1.6299896,15.681549

98869545762814,0.9782257,-2.351242,14.760345

98869556382932,1.2614899,-2.9772797,14.1128845

98869566362180,1.4233551,-2.9868011,13.555878

98869576371945,1.416214,-2.6702118,13.774872

98869586351193,1.3376617,-2.1608124,14.496124

98869595750607,1.3709869,-1.798996,15.138824

98869590989865,-0.11138916,-2.7688751,12.361053

98869606126584,1.4519196,-1.8989716,15.545868

98869616349973,1.5209503,-2.2465057,15.2388

98869626359738,1.461441,-2.7249603,14.389008

98869636338986,1.268631,-3.0082245,13.746307

98869645738400,1.1043854,-2.9249115,13.258331

98869655626096,0.95680237,-2.6035614,13.05838

98869666337766,0.85920715,-2.1536713,12.93222

98869676347531,0.7663727,-1.6990204,12.860809

98869686357297,0.77827454,-1.4586029,12.572784

98869695726193,0.7330475,-1.3324432,12.301422

98869705613889,0.66877747,-1.3134003,11.9253235

98869716325558,0.59736633,-1.3871918,11.730133

98869726335324,0.57118225,-1.4824066,11.480194

98869736314572,0.5926056,-1.677597,11.332611

98869745713986,0.62831116,-1.7847137,11.018402

98869755693234,0.7140045,-1.8965912,10.666107

98869766313351,0.7401886,-1.9632416,10.339996

98869776323117,0.6997223,-1.9775238,10.278107

98869786302365,0.57118225,-1.9489594,10.187653

98869795701779,0.49263,-1.8370819,10.163849

98869790941037,0.8588562,-1.9659729,12.251312

98869805619992,0.44740295,-1.6990204,10.187653

98869816301144,0.4854889,-1.4990692,10.287628

98869826463498,0.5521393,-1.4181366,10.449493

98869836320676,0.62117004,-1.272934,10.523285

98869845689572,0.6806793,-1.2800751,10.5589905

98869856279172,0.6425934,-1.3157806,10.680389

98869866319455,0.5592804,-1.4228973,10.782745

98869876298703,0.5021515,-1.6442719,10.782745

98869886277951,0.44740295,-1.8870697,11.023163

98869895707883,0.4188385,-2.0156097,11.375458

98869905565060,0.48310852,-2.1679535,11.875336

98869916276730,0.5330963,-2.3226776,12.422821

98869926286496,0.65449524,-2.446457,12.956024

98869936265744,0.78541565,-2.5059662,13.593964

98869945665158,0.84254456,-2.4702606,13.843903

98869955552853,0.97584534,-2.3345795,14.096222

98869966264523,1.0163116,-2.2441254,14.496124

98869976243771,1.0401154,-2.094162,15.162628

98869986253537,1.0877228,-2.0703583,15.714874

98869995652951,1.1258087,-2.132248,15.836273

98869990892209,0.6950836,-1.9121857,12.332489

98870005510129,1.2019806,-2.325058,15.910065

98870016252316,1.3900299,-2.5416718,15.950531

98870026262082,1.4709625,-2.665451,15.995758

98870036241330,1.4709625,-2.7011566,15.950531

98870045640744,1.4185944,-2.646408,15.529205

98870055497922,1.2591095,-2.5583344,15.179291

98870065995969,1.1424713,-2.3345795,14.993622

98870076005734,0.96632385,-2.1346283,14.841278

98870086229123,0.7973175,-2.0394135,14.603241

98870095628537,0.5997467,-2.158432,14.227142

98870105485715,0.4688263,-2.4393158,13.693939

98870116227902,0.35456848,-2.5678558,13.136932

98870126207150,0.24507141,-2.601181,12.527557

98870136216916,0.15461731,-2.5535736,12.0729065

98870145616330,-0.04295349,-2.5607147,11.780121

98870155473508,-0.25480652,-2.415512,11.487335

98870166215695,-0.52378845,-2.184616,10.782745

98870176194943,-0.77134705,-1.7418671,10.318573

98870186174191,-1.021286,-1.2967377,9.868683

98870195573605,-1.2831268,-0.958725,9.602081

98870190812863,0.4521637,-2.2712555,13.422577

98870205461301,-1.3831024,-0.7325897,9.609222

98870216172971,-1.3878632,-0.72306824,9.430695

98870226152219,-1.3973846,-0.8992157,8.792755

98870236161984,-1.5187836,-0.93730164,7.547821

98870245561398,-1.759201,-0.8254242,6.5837708

98870255449094,-2.00914,-0.5516815,5.848236

98870266191281,-2.2924042,0.038650513,5.1579285

98870276170529,-2.5399628,0.72657776,4.929413

98870286149777,-2.6708832,1.4692535,5.0627136

98870295549191,-2.5709076,1.7358551,5.198395

98870305406369,-2.3709564,2.042923,4.7865906

98870316148557,-2.130539,2.133377,4.065338

98870326127805,-1.8663177,2.0095978,3.1250916

98870336137570,-1.7949066,2.0476837,1.9967957

98870345536984,-1.9948578,2.4166412,0.93515015

98870355516232,-2.3019257,2.7665558,0.40194702

98870366197385,-2.5875702,3.0212555,-0.17172241

98870376115598,-2.8517914,3.416397,-0.88583374

98870386125363,-2.9946136,3.9567413,-1.490448

98870395494260,-3.042221,4.6113434,-1.573761

98870390733517,-2.1732635,1.3861847,3.9674988

98870405504025,-3.0041351,5.373062,-1.4999695

98870416124142,-2.9232025,6.3513947,-1.8617859

98870426103391,-2.8660736,7.493973,-2.4687805

98870436113156,-3.1540985,8.796036,-3.2685852

98870445512570,-3.6420746,9.898148,-3.7922668

98870455491818,-4.208603,10.524185,-4.0469666

98870466081418,-4.6989594,10.386124,-3.8232117

98870476091183,-4.8489227,9.607742,-3.6351624

98870486070432,-4.5513763,8.872208,-3.780365

98870496110715,-4.0514984,8.24379,-4.042206

98870505479611,-3.5968475,8.081924,-4.0136414

98870516069211,-3.542099,8.458023,-3.9612732

98870526078976,-3.7825165,8.767471,-3.4375916

98870536058225,-4.18956,8.853165,-2.91391

98870546098508,-4.496628,8.650833,-2.7568054

98870555467404,-4.594223,8.148575,-2.6949158

98870566057004,-4.496628,7.5296783,-2.6496887

98870576066769,-4.2633514,6.9393463,-2.375946

98870586046017,-4.0276947,6.3371124,-1.7784729

98870596086301,-3.799179,5.877701,-1.2643127

98870591325558,-3.9368896,8.159531,-3.003296

98870605455197,-3.7111053,5.4849396,-0.79537964

98870616136350,-3.772995,5.013626,-0.38357544

98870626054562,-3.8729706,4.423294,-0.08364868

98870636033810,-3.927719,4.0043488,0.17105103

98870646074094,-4.0324554,3.6306305,0.7090149

98870655442990,-4.0395966,3.3021393,1.1946106

98870666124142,-4.0919647,3.0141144,1.7349548

98870676042355,-4.1943207,2.5451813,2.3562317

98870686021603,-4.2704926,1.9738922,2.7347107

98870696061887,-4.3347626,1.4240265,2.8799133

98870705430783,-4.396652,0.98127747,3.006073

98870716111935,-4.4894867,0.61946106,3.5535583

98870726030148,-4.4490204,0.279068,5.091278

98870736039914,-4.1467133,-0.35887146,6.3647766

98870746049680,-3.7253876,-0.67308044,7.1479187

98870755418576,-3.2612152,-1.4228973,8.214325

98870766099728,-2.7042084,-2.4036102,8.718964

98870776017941,-2.2614594,-3.1367645,8.402374

98870785997189,-2.0876923,-3.5842743,8.447601

98870796037473,-1.899643,-3.7889862,9.197418

98870791276730,-3.683487,1.0663757,3.9331055

98870805406369,-1.713974,-3.8532562,10.647064

98870816087521,-1.4283295,-3.929428,11.794403

98870826158322,-1.0736542,-4.2531586,12.646576

98870835984982,-0.6927948,-4.731613,12.963165

98870845994748,-0.31193542,-5.110092,12.696564

98870855394162,-0.014389038,-5.3576508,12.372833

98870865800656,0.09034729,-5.205307,12.722748

98870875993527,0.21888733,-4.845871,14.029572

98870885972775,0.39265442,-4.365036,14.72702

98870895982541,0.48310852,-3.710434,15.398285

98870905351437,0.6568756,-3.403366,15.652985

98870916124142,0.7973175,-3.2129364,15.533966

98870925950803,0.89253235,-3.2843475,15.476837

98870935960568,0.89253235,-3.396225,14.91745

98870945970334,0.8044586,-3.4200287,14.40329

98870955339230,0.68782043,-3.2319794,13.910553

98870965654172,0.5402374,-2.9368134,13.808197

98870975999631,0.51405334,-2.5726166,13.715363

98870985948361,0.49501038,-2.2369843,13.565399

98870995927609,0.5235748,-2.2512665,13.682037

98870991166867,0.13771057,-3.7654266,13.733215

98871005327023,0.6235504,-2.0132294,13.341644

98871015214719,0.65211487,-1.9322968,13.086945

98871025926389,0.6021271,-1.8132782,12.837006

98871035936154,0.5664215,-1.8037567,12.646576

98871045915402,0.58784485,-1.8108978,12.22525

98871055314816,0.5735626,-1.9870453,11.999115

98871065202512,0.61164856,-2.1227264,11.746796

98871075181760,0.68544006,-2.2393646,11.668243

98871085923947,0.6021271,-2.3202972,11.473053

98871095903195,0.50691223,-2.396469,11.223114

98871105302609,0.44740295,-2.306015,11.07077

98871115220822,0.30220032,-2.1988983,10.885101

98871125901975,0.23554993,-2.0774994,10.656586

98871135911740,0.24745178,-1.9061127,10.542328

98871145890988,0.22840881,-1.818039,10.370941

98871155290402,0.28553772,-1.7894745,10.313812

98871165941037,0.3045807,-1.7537689,10.29953

98871175889767,0.32600403,-1.7442474,10.190033

98871185869016,0.38789368,-1.7323456,10.066254

98871195878781,0.33076477,-1.6680756,9.954376

98871191118039,0.4553833,-1.971695,11.32988

98871205278195,0.2379303,-1.5919037,9.730621

98871215776242,0.1474762,-1.5514374,9.623505

98871225877560,0.057022095,-1.6490326,9.575897

98871235856808,0.0046539307,-1.7823334,9.637787

98871245866574,0.0046539307,-2.0203705,9.91391

98871255265988,0.061782837,-2.1608124,10.001984

98871265123166,0.17842102,-2.2584076,10.178131

98871275865353,0.24983215,-2.3274384,10.304291

98871285844601,0.25697327,-2.3393402,10.420929

98871295823850,0.24983215,-2.3345795,10.675629

98871305223264,0.17366028,-2.363144,11.0660095

98871315110959,0.15699768,-2.4440765,11.420685

98871325822629,0.12843323,-2.5773773,11.784882

98871335832394,0.1712799,-2.7535248,12.294281

98871345811642,0.25221252,-2.8987274,12.784637

98871355211057,0.37123108,-3.017746,13.2083435

98871365068234,0.3950348,-3.005844,13.777252

98871375810422,0.54499817,-2.8630219,14.1128845

98871385789670,0.64497375,-2.6368866,14.548492

98871395799435,0.77827454,-2.5988007,14.969818

98871391038693,0.25328064,-2.3587341,11.501495

98871405198850,0.8211212,-2.479782,15.295929

98871415056027,0.8235016,-2.5726166,15.619659

98871425798215,0.7544708,-2.4702606,15.788666

98871435777463,0.7306671,-2.4845428,15.769623

98871445787228,0.7973175,-2.6678314,15.836273

98871455186642,0.81874084,-2.7178192,15.683929

98871465043820,0.82588196,-2.9463348,15.522064

98871475602902,0.806839,-3.1558075,15.36734

98871485765256,0.76161194,-3.3628998,15.134064

98871495775021,0.66877747,-3.460495,14.765106

98871505174435,0.6973419,-3.4557343,14.455658

98871515031613,0.58784485,-3.255783,14.15097

98871525773801,0.46406555,-2.9106293,13.924835

98871535753049,0.26411438,-2.7082977,13.624908

98871545762814,-0.07865906,-2.434555,13.305939

98871555162228,-0.20005798,-2.363144,12.958405

98871565019406,-0.22862244,-2.3917084,12.48233

98871575761594,-0.19291687,-2.434555,12.3038025

98871585801877,-0.06199646,-2.4750214,11.653961

98871595750607,-0.04057312,-2.5702362,10.911285

98871590989865,0.4509735,-2.7658997,14.227737

98871605150021,-0.19291687,-2.6368866,10.218597

98871615007199,-0.40953064,-2.472641,9.311676

98871625749387,-0.6594696,-2.2012787,8.507111

98871635728635,-0.9070282,-1.5585785,8.071503

98871645707883,-1.0950775,-0.96824646,7.766815

98871655107297,-1.233139,-0.5445404,7.169342

98871664994992,-1.3378754,-0.066085815,6.752777

98871675798215,-1.3402557,0.22431946,6.462372

98871685716428,-1.3259735,0.30049133,5.783966

98871695695676,-1.3926239,0.5837555,4.808014

98871705095090,-1.5140228,0.8146515,4.0724792

98871715074338,-1.6211395,1.119339,3.467865

98871725694455,-1.6973114,1.4644928,3.0489197

98871735673703,-1.7615814,2.0262604,2.6109314

98871745652951,-1.8187103,2.5904083,2.287201

98871755082883,-1.7734833,2.8665314,1.7087708

98871765062131,-1.8020477,3.1069489,1.1446228

98871775682248,-1.9829559,3.333084,0.5995178

98871785661496,-2.175766,3.8639069,-0.15744019

98871795671262,-2.1924286,4.473282,-0.8882141

98871790910519,-1.4116669,0.81596375,4.6373444

98871805070676,-2.2709808,5.370682,-1.4047546

98871815080441,-2.4376068,6.3894806,-1.7094421

98871825670041,-2.6351776,7.2368927,-1.9236755

98871835649289,-2.939865,8.008133,-2.01651

98871845659055,-3.3849945,8.674637,-2.311676

98871855699338,-3.7206268,9.057877,-2.349762

98871865037717,-4.0253143,8.981705,-2.4664001

98871875657834,-4.1038666,8.793655,-2.6687317

98871885637082,-4.022934,8.543716,-2.9615173

98871895707883,-3.9039154,8.493729,-3.0281677

98871905687131,-3.7753754,8.586563,-3.0210266

98871915025510,-3.8039398,8.919815,-3.0757751

98871925798215,-3.958664,9.288773,-3.2971497

98871935777463,-4.201462,9.369705,-3.17099

98871945787228,-4.4561615,9.184036,-2.8163147

98871955827512,-4.6180267,8.677017,-2.5140076

98871965013303,-4.670395,8.160477,-2.2831116

98871975847043,-4.560898,7.641556,-1.9879456

98871985765256,-4.4252167,7.110733,-1.3904724

98871995775021,-4.2895355,6.637039,-0.7263489

98871991014279,-3.8102417,8.156311,-2.356186

98872005815305,-4.034836,6.275223,-0.03604126

98872014970578,-3.818222,5.794388,0.5614319

98872025834836,-3.5778046,5.3873444,0.9803772

98872035753049,-3.5587616,5.0659943,1.5659485

98872045732297,-3.5444794,4.749405,2.158661

98872055833615,-3.7206268,4.4899445,2.525238

98872064958371,-3.9443817,4.1709747,2.4585876

98872075395383,-4.2942963,3.7639313,2.294342

98872085344113,-4.670395,3.287857,2.0086975

98872095689572,-5.0536346,2.928421,2.2253113

98872105668820,-5.3488007,2.4333038,2.9108582

98872114946164,-5.4106903,1.9477081,3.7939758

98872125779904,-5.0917206,1.4621124,4.924652

98872135545529,-4.5704193,0.5480499,6.3528748

98872145555295,-3.9753265,-0.44932556,7.433563

98872155595578,-3.304062,-1.2705536,7.426422

98872164933957,-3.0398407,-1.7751923,6.674225

98872175615109,-3.3445282,-1.9822845,5.860138

98872185533322,-3.8658295,-1.9775238,5.605438

98872195604123,-4.389511,-1.8775482,6.7742004

98872190843381,-4.1279144,2.1486053,3.724945

98872205522336,-4.598984,-1.8561249,9.01889

98872214921750,-4.101486,-2.234604,10.8541565

98872224900998,-3.0303192,-3.1248627,11.884857

98872235521115,-1.7425385,-4.3364716,12.258575

98872245530881,-0.85466003,-5.219589,11.551605

98872255510129,-0.6999359,-5.474289,10.535187

98872264909543,-0.9951019,-5.0410614,9.806793

98872274797238,-1.4045258,-4.3864594,10.187653

98872285508908,-1.4473724,-3.4485931,12.263336

98872295488156,-1.0070038,-2.65831,13.920074

98872305497922,-0.29527283,-2.5416718,15.2030945

98872314897336,0.50691223,-3.0201263,15.652985

98872325273312,1.018692,-3.5295258,15.069794

98872335496701,1.2257843,-4.019882,14.458038

98872345475949,1.1805573,-4.1960297,13.922455

98872355485715,0.9210968,-3.8556366,13.417816

98872364885129,0.60450745,-3.2343597,13.246429

98872374742307,0.5569,-2.5535736,13.746307

98872385484494,0.67829895,-2.1727142,14.208099

98872395463742,0.98298645,-1.8799286,14.772247

98872390703000,-0.6250763,-3.4391937,12.79892

98872405473508,1.4400177,-1.9941864,14.767487

98872414872922,1.7613678,-2.1655731,14.222382

98872424730100,1.8613434,-2.1608124,13.777252

98872435441769,1.8161163,-2.0156097,13.298798

98872445451535,1.6137848,-1.6942596,13.075043

98872455461301,1.3924103,-1.3943329,12.846527

98872464830197,1.2067413,-1.1800995,12.660858

98872474778928,1.0591583,-1.1753387,12.494232

98872485185422,0.8782501,-1.0896454,12.365692

98872495439328,0.8449249,-1.2015228,11.9253235

98872505449094,0.7473297,-1.2872162,11.594452

98872514817990,0.80207825,-1.4109955,11.211212

98872525499142,0.871109,-1.2919769,11.26358

98872535417355,0.85920715,-1.1872406,10.899384

98872545427121,0.9234772,-1.2824554,10.797028

98872555406369,0.86634827,-1.4324188,10.506622

98872564805783,0.7996979,-1.5276337,10.375702

98872575364865,0.70448303,-1.5371552,10.151947

98872585405148,0.5902252,-1.5347748,10.023407

98872595384396,0.5592804,-1.4800262,9.909149

98872590623654,1.0798645,-1.5021667,11.90831

98872605394162,0.57832336,-1.4514618,9.940094

98872614793576,0.6425934,-1.484787,10.051971

98872624681271,0.71162415,-1.4681244,10.068634

98872635392941,0.7330475,-1.5085907,10.147186

98872645372189,0.74256897,-1.5395355,10.280487

98872655381955,0.7068634,-1.5752411,10.337616

98872664781369,0.59498596,-1.6109467,10.678009

98872674638547,0.5997467,-1.6728363,10.899384

98872685380734,0.5569,-1.6585541,11.016022

98872695359982,0.6092682,-1.6371307,11.1683655

98872705369748,0.6187897,-1.5990448,11.501617

98872714769162,0.66877747,-1.677597,11.792023

98872724626340,0.6568756,-1.7133026,12.037201

98872735338010,0.5854645,-1.8037567,12.329987

98872745347775,0.66163635,-1.9132538,12.756073

98872755327023,0.723526,-2.0798798,13.029816

98872764726437,0.81159973,-2.203659,13.353546

98872774583615,0.7497101,-2.3393402,13.896271

98872785325803,0.85206604,-2.5059662,14.2795105

98872795305051,0.86872864,-2.5797577,14.684174

98872790544308,0.6836548,-1.8011322,11.712402

98872805375851,0.935379,-2.4250336,15.167389

98872814714230,1.0424957,-2.260788,15.550629

98872824571408,1.185318,-2.1108246,15.679169

98872835313596,1.1781769,-1.8132782,15.705353

98872845292844,1.1043854,-1.69664,15.588715

98872855302609,1.0282135,-1.7371063,15.49588

98872864702023,0.96632385,-1.8489838,15.30307

98872874559201,0.8949127,-1.9775238,15.015045

98872885301389,0.89967346,-1.9608612,14.969818

98872895280637,0.93299866,-1.9418182,14.558014

98872905259885,0.787796,-1.908493,14.21286

98872914659299,0.6497345,-1.908493,13.912933

98872924546994,0.40455627,-2.01799,13.546356

98872935258664,0.23554993,-2.0798798,13.372589

98872945268430,0.19032288,-2.3583832,13.363068

98872955247678,0.20222473,-2.8844452,12.856049

98872964647092,0.3045807,-3.2986298,12.408539

98872974504269,0.28553772,-3.5319061,11.653961

98872985246457,0.4021759,-3.6675873,11.32547

98872995225705,0.35932922,-3.5866547,10.954132

98872990464963,0.69947815,-2.350769,14.031952

98873005235471,0.114151,-3.3438568,10.149567

98873014634885,-0.2738495,-3.0677338,9.428314

98873024492062,-0.63804626,-2.555954,8.804657

98873035234250,-0.9213104,-2.0322723,8.4166565

98873045213498,-0.9498749,-1.7061615,7.912018

98873055192746,-0.8975067,-1.549057,7.259796

98873064592160,-0.8141937,-1.3633881,6.5552063

98873074601926,-0.6856537,-1.1348724,5.7815857

98873084550656,-0.79515076,-0.7421112,5.019867

98873095201291,-0.8832245,-0.26127625,4.5985413

98873105211057,-1.0736542,0.2624054,4.2533875

98873114579953,-1.1974335,0.7813263,3.6011658

98873124559201,-1.4092865,1.3145294,2.92276

98873135179318,-1.6068573,1.8929596,2.5466614

98873145158566,-1.6639862,2.311905,2.2443542

98873155168332,-1.6711273,2.8665314,1.9706116

98873165208615,-1.5544891,3.3854523,1.454071

98873174546994,-1.4878387,3.8020172,0.94229126

98873185258664,-1.399765,4.2257233,0.504303

98873195176877,-1.4711761,4.725601,-0.2883606

98873190416135,-1.0640106,0.39059448,4.7038727

98873205156125,-1.8020477,5.520645,-1.2524109

98873215196408,-2.3066864,6.5799103,-2.1402893

98873224565305,-2.9232025,7.6320343,-2.3069153

98873235154904,-3.4611664,8.677017,-2.2759705

98873245134152,-4.011032,9.538712,-2.1712341

98873255143918,-4.3728485,10.179031,-1.9784241

98873265153683,-4.272873,10.248062,-1.785614

98873274522580,-3.8444061,10.162369,-1.8808289

98873285234250,-3.3397675,9.883865,-2.0403137

98873295121945,-3.09935,9.695816,-2.356903

98873305131711,-3.2397919,9.736282,-2.7425232

98873315141476,-3.7111053,9.8719635,-2.9829407

98873324510373,-4.3038177,9.948135,-3.0900574

98873335191525,-4.7251434,9.85054,-2.947235

98873345079221,-4.9036713,9.426834,-2.6592102

98873355088986,-4.734665,8.826981,-2.304535

98873365129269,-4.3918915,8.322342,-1.997467

98873374498166,-4.087204,7.7034454,-1.6166077

98873385179318,-3.9086761,7.144058,-1.1809998

98873395067014,-3.9229584,6.615616,-0.85964966

98873390306271,-3.7681122,8.778183,-2.1285095

98873405076779,-4.182419,6.1657257,-0.6930237

98873415178098,-4.582321,5.649185,-0.39071655

98873424485959,-4.9131927,5.0231476,0.035369873

98873435167111,-5.0536346,4.492325,0.63046265

98873445054807,-4.9369965,3.935318,1.5516663

98873455064572,-4.5513763,3.3925934,2.2633972

98873465104855,-4.0324554,2.871292,2.5299988

98873474473752,-3.6753998,2.3880768,2.608551

98873484605588,-3.6777802,2.1667023,2.570465

98873495073117,-3.984848,2.0191193,3.0774841

98873505052365,-4.3538055,1.8977203,4.1010437

98873515092648,-4.401413,1.5716095,5.16745

98873524461545,-4.184799,0.98127747,5.719696

98873535203732,-3.6182709,0.38856506,5.93869

98873545060910,-3.0874481,-0.23747253,6.2933655

98873555040158,-2.6423187,-0.8087616,6.6861267

98873565019406,-2.451889,-1.2776947,6.828949

98873574418820,-2.5566254,-1.5323944,7.124115

98873585222043,-2.8018036,-1.7823334,8.05246

98873595018185,-2.8779755,-1.9727631,9.228363

98873590257443,-3.8283386,1.7665558,3.9662018

98873605027951,-2.6256561,-2.3298187,10.55423

98873615007199,-2.0829315,-2.9391937,10.911285

98873624437131,-1.5973358,-3.4557343,10.927948

98873635118283,-1.3235931,-4.0151215,11.218353

98873645036496,-1.2117157,-4.119858,11.301666

98873655015744,-1.3212128,-3.6437836,11.413544

98873664994992,-1.437851,-2.870163,12.406158

98873674394406,-1.3140717,-1.9418182,13.584442

98873684282101,-0.90226746,-1.4609833,14.431854

98873695024289,-0.3952484,-1.6490326,15.148346

98873705003537,0.0236969,-2.2536469,15.098358

98873715013303,0.31648254,-2.9225311,14.729401

98873724382199,0.48786926,-3.5009613,14.358063

98873734269894,0.43788147,-3.81279,13.877228

98873744981564,0.24269104,-3.896103,13.482086

98873754991330,0.04988098,-3.7199554,13.629669

98873765001096,-0.071517944,-3.422409,13.798676

98873774369992,0.06416321,-3.082016,13.70108

98873784257687,0.21888733,-2.9748993,13.551117

98873794969357,0.4116974,-2.9130096,13.541595

98873790208615,-0.60150146,-3.0461884,13.083252

98873804979123,0.5330963,-2.6892548,13.482086

98873814958371,0.5402374,-2.4845428,13.065521

98873824357785,0.49501038,-2.396469,12.741791

98873834275998,0.31410217,-2.2845917,12.510895

98873844957150,0.12605286,-2.1608124,12.268097

98873854966916,-1.0681152E-4,-2.067978,12.1562195

98873864946164,-0.09056091,-2.048935,12.058624

98873874345578,0.009414673,-2.1036835,12.082428

98873884263791,0.29743958,-2.1441498,11.894379

98873894975461,0.42836,-2.1988983,11.70871

98873904954709,0.5188141,-2.215561,11.52066

98873914933957,0.48072815,-2.1869965,11.349274

98873924333371,0.4426422,-2.037033,11.082672

98873934922971,0.30934143,-1.863266,11.032684

98873944932736,0.261734,-1.7228241,10.908905

98873954942502,0.25697327,-1.6823578,10.835114

98873964921750,0.24983215,-1.6752167,10.863678

98873974321164,0.35932922,-1.6371307,10.592316

98873984208859,0.4521637,-1.8466034,10.716095

98873994920529,0.47834778,-1.9299164,10.485199

98873990159787,0.32315063,-2.0688171,11.66777

98874004930295,0.5164337,-1.9227753,10.313812

98874014909543,0.5021515,-1.9251556,10.228119

98874024369992,0.4688263,-1.8299408,10.1614685

98874034196652,0.46406555,-1.8227997,10.142426

98874044908322,0.38313293,-1.8156586,10.197174

98874054887570,0.30696106,-1.8965912,10.256683

98874065171994,0.31886292,-1.9489594,10.325714

98874074296750,0.39979553,-2.0251312,10.339996

98874084153928,0.5235748,-2.0989227,10.397125

98874094804562,0.5569,-2.113205,10.55661

98874104905881,0.50691223,-2.1036835,10.756561

98874114885129,0.4854889,-2.056076,11.018402

98874124284543,0.3283844,-2.1941376,11.242157

98874134141721,0.2379303,-2.234604,11.561127

98874144883908,0.25697327,-2.3012543,11.753937

98874154863156,0.4116974,-2.446457,11.941986

98874164872922,0.5592804,-2.4702606,12.146698

98874174241818,0.6354523,-2.453598,12.35379

98874184129514,0.6759186,-2.4393158,12.784637

98874194841183,0.58784485,-2.3226776,13.225006

98874190080441,0.45632935,-2.1210632,11.085175

98874204850949,0.48072815,-2.2750702,13.436859

98874214860715,0.3950348,-2.2298431,13.791534

98874224260129,0.3950348,-2.1679535,14.127167

98874234117307,0.5688019,-2.132248,14.562775

98874244828976,0.7140045,-2.0917816,14.8055725

98874254838742,0.935379,-2.075119,14.762726

98874264817990,1.1519928,-2.1560516,14.781769

98874274217404,1.2329254,-2.1822357,14.653229

98874284105100,1.1258087,-2.1560516,14.455658

98874294847287,0.95918274,-2.0156097,14.486603

98874304826535,0.86872864,-1.9489594,14.436615

98874314805783,0.78541565,-1.8989716,14.286652

98874324205197,0.74256897,-1.8918304,14.284271

98874334062375,0.6902008,-1.946579,14.310455

98874344804562,0.70448303,-2.0727386,14.067657

98874354783810,0.6925812,-2.2584076,13.691559

98874364793576,0.640213,-2.3798065,13.320221

98874374192990,0.67115784,-2.389328,13.1440735

98874384050168,0.6663971,-2.3536224,13.029816

98874394792355,0.55451965,-2.3298187,12.870331

98874390031613,0.74876404,-2.1475983,14.065277

98874404771603,0.34742737,-2.215561,12.491852

98874414781369,0.018936157,-2.0727386,12.191925

98874424180783,-0.3381195,-1.9227753,11.656342

98874434190549,-0.65470886,-1.8323212,10.904144

98874444780148,-0.7332611,-1.5085907,10.085297

98874454759396,-0.6023407,-1.1134491,9.890106

98874464769162,-0.25956726,-0.83018494,9.214081

98874474168576,0.02607727,-0.47789,8.402374

98874484147824,0.07606506,-0.15892029,7.9929504

98874494706906,-0.08818054,0.10054016,7.3597717

98874504747189,-0.44047546,0.26478577,6.9336853

98874514756955,-0.83799744,0.4433136,6.9860535

98874524766721,-1.0189056,0.5361481,6.148163

98874534135617,-1.1117401,0.5670929,4.872284

98874544816769,-1.2307587,0.6837311,3.7654114

98874554734982,-1.4021454,0.952713,2.839447

98874564714230,-1.5116425,1.5263824,2.4966736

98874574754514,-1.6520844,2.1833649,2.3443298

98874584123410,-1.7449188,2.7855988,2.108673

98874594713010,-1.6758881,3.2545319,1.6825867

98874589952267,-0.7417145,0.058288574,7.0183105

98874604692258,-1.5759125,3.723465,1.4183655

98874614732541,-1.4973602,4.328079,0.82089233

98874624742307,-1.5402069,5.1136017,0.190094

98874634172238,-1.7615814,5.9967194,-0.53829956

98874644700803,-2.2471771,6.751297,-1.3190613

98874654710568,-2.9755707,7.3130646,-1.6047058

98874664689816,-3.6396942,7.5249176,-1.9070129

98874674730100,-4.165756,7.789139,-2.4687805

98874684068478,-4.432358,7.6725006,-2.811554

98874694780148,-4.432358,7.4011383,-2.6925354

98874704667844,-4.215744,7.1273956,-2.2593079

98874714677609,-3.8801117,7.0512238,-2.2973938

98874724717892,-3.708725,7.2559357,-2.3188171

98874734056271,-3.830124,7.6153717,-2.4235535

98874744737424,-4.291916,8.024796,-2.702057

98874754655637,-4.8013153,8.343765,-2.8805847

98874764665402,-5.2321625,8.557999,-2.8139343

98874774675168,-5.301193,8.515152,-2.6473083

98874784044064,-5.1345673,8.334244,-2.1664734

98874794725217,-4.76799,7.9676666,-1.8117981

98874789964475,-3.671585,7.1203766,-1.7616882

98874804643430,-4.4442596,7.629654,-1.5642395

98874814653195,-4.3038177,7.2487946,-1.3262024

98874824693478,-4.313339,6.7751007,-0.8334656

98874834031857,-4.5585175,6.3680573,-0.52163696

98874844713010,-4.787033,5.9062653,-0.53829956

98874854631223,-5.02507,5.539688,-0.4692688

98874864610471,-5.08696,4.937454,-0.3621521

98874874650754,-5.0988617,4.3185577,0.2138977

98874884019650,-4.984604,3.7210846,1.0851135

98874894609250,-4.587082,3.2521515,2.0705872

98874904619016,-4.1490936,2.7594147,2.896576

98874914598264,-3.7944183,2.254776,3.2583923

98874924577512,-3.587326,1.747757,3.6202087

98874934007443,-3.6396942,1.3192902,3.7392273

98874944841183,-3.8325043,1.0312653,3.7844543

98874954606808,-4.0705414,1.0431671,4.274811

98874964586057,-4.0134125,0.91700745,5.2293396

98874974595822,-3.7182465,0.45759583,6.348114

98874983995236,-3.265976,-0.32792664,7.3335876

98874994584836,-2.6304169,-1.0967865,7.869171

98874989824094,-4.194565,3.2901154,2.3054047

98875004564084,-2.3709564,-1.818039,8.107208

98875014543332,-2.6399384,-2.3036346,8.421417

98875024583615,-3.0707855,-2.5868988,9.166473

98875033952512,-3.2350311,-2.8868256,10.085297

98875044450558,-2.9041595,-3.2581635,10.68515

98875054551877,-2.1281586,-3.9746552,10.680389

98875065019406,-1.3212128,-4.7982635,10.851776

98875075181760,-0.7570648,-5.80278,11.623016

98875083940305,-0.6118622,-6.3645477,12.556122

98875093828000,-0.8498993,-5.852768,14.003387

98875104539670,-1.2402802,-4.9529877,15.081696

98875114549435,-1.4021454,-4.3483734,15.695831

98875124559201,-1.4140472,-3.9722748,15.510162

98875133928098,-1.1902924,-4.2793427,15.138824

98875143815793,-1.0379486,-4.8815765,14.667511

98875154527463,-0.99272156,-5.4766693,14.498505

98875164537228,-1.123642,-5.731369,14.21286

98875174546994,-1.0522308,-5.7361298,14.310455

98875183915891,-0.9951019,-5.3576508,14.541351

98875193834103,-0.8903656,-4.7673187,14.460419

98875189073361,-1.5613861,-4.4575195,12.71489

98875204515256,-0.74516296,-4.153183,14.472321

98875214525021,-0.75468445,-3.608078,14.303314

98875224473752,-0.6832733,-3.1986542,13.920074

98875233903683,-0.7999115,-2.9011078,13.455902

98875244584836,-0.9332123,-2.7892303,13.020294

98875254503049,-1.0522308,-2.8630219,12.560883

98875264482297,-1.149826,-3.017746,12.3038025

98875274492062,-1.2259979,-3.0915375,11.891998

98875283891476,-1.2474213,-3.036789,11.661102

98875294542111,-1.2283783,-2.843979,11.420685

98875304490842,-1.2021942,-2.5773773,11.220734

98875314470090,-1.1379242,-2.4416962,11.027924

98875324449338,-1.0522308,-2.2584076,10.74942

98875333848752,-0.9951019,-2.1631927,10.520905

98875343736447,-0.9998627,-2.0727386,10.404266

98875354448117,-1.0070038,-2.0084686,10.220978

98875364427365,-1.0141449,-1.8418427,10.185272

98875374406613,-1.0308075,-1.6656952,10.166229

98875383836545,-1.0070038,-1.4919281,10.080536

98875393693723,-0.9974823,-1.2610321,10.063873

98875388932980,-1.0131989,-2.5642853,11.682526

98875404405392,-0.97843933,-1.1134491,9.985321

98875414415158,-0.9213104,-1.0587006,9.830597

98875424424924,-0.86180115,-1.0063324,9.863922

98875433793820,-0.8308563,-1.0920258,9.744904

98875443650998,-0.8403778,-1.1324921,9.65683

98875454545773,-0.72135925,-1.1277313,9.649689

98875464555539,-0.64756775,-1.1134491,9.716339

98875474534787,-0.5761566,-1.0658417,9.735382

98875483751096,-0.49284363,-1.0753632,9.842499

98875493638791,-0.4714203,-0.96824646,9.85202

98875504136838,-0.5285492,-0.82066345,9.799652

98875514543332,-0.56425476,-0.65641785,9.928192

98875524522580,-0.67137146,-0.6111908,9.935333

98875533738889,-0.6666107,-0.5850067,9.91629

98875543626584,-0.6190033,-0.6278534,9.811554

98875554521359,-0.59043884,-0.6683197,9.78537

98875564484373,-0.4380951,-0.7183075,9.816315

98875574494139,-0.411911,-0.8087616,9.761566

98875583710448,-0.4714203,-0.9134979,9.797272

98875593598143,-0.56663513,-0.9730072,9.780609

98875588837401,-0.64352417,-0.90682983,9.810486

98875604492918,-0.6190033,-0.95158386,9.780609

98875614472166,-0.63804626,-0.9968109,9.78537

98875624481932,-0.5761566,-0.97776794,9.7187195

98875633698241,-0.5380707,-0.9087372,9.623505

98875643555418,-0.495224,-0.84446716,9.702057

98875654450194,-0.6118622,-0.81114197,9.844879

98875664276854,-0.6785126,-0.81114197,9.942474

98875674286619,-0.72612,-0.9634857,9.885345

98875683686033,-0.7523041,-0.9801483,9.775848

98875693543211,-0.75468445,-0.97062683,9.799652

98875704285399,-0.60710144,-1.0277557,8.4166565

98875714264647,-0.49046326,-0.63023376,11.054108

98875724060789,-0.642807,-1.6894989,9.068878

98875733643309,-1.168869,-0.9492035,9.509247

98875743531004,-1.1403046,-1.337204,9.452118

98875754273192,-0.89512634,-1.6061859,9.480682

98875764252440,-0.70469666,-1.946579,9.65921

98875774262205,-0.5951996,-1.8608856,9.806793

98875783661619,0.04273987,-1.3871918,10.125763

98875793671385,0.261734,-0.86112976,10.423309

98875788910643,-0.61650085,-1.1255951,9.742767

