98746249841536,-1.3759613,0.7718048,10.147186

98746269067610,-0.61424255,-0.05418396,9.737762

98746279077376,-0.94511414,-0.111312866,9.6354065

98746289941634,-1.1403046,-0.027999878,9.644928

98746299066389,-0.9665375,-0.030380249,9.6354065

98746319238509,-0.8260956,-0.025619507,9.587799

98746329065169,-0.89512634,0.067214966,9.554474

98746339074934,-0.892746,0.12672424,9.671112

98746352441634,-0.9403534,0.14100647,9.583038

98746359063948,-0.9665375,0.064834595,9.568756

98746369775618,-0.97843933,-0.14225769,9.709198

98746379205550,-1.002243,-0.25175476,9.623505

98746390039290,-1.0379486,-0.37791443,9.654449

98746399957503,-1.0284271,-0.4302826,9.713959

98746409967268,-0.96891785,-0.35173035,9.797272

98746419946516,-0.81895447,-0.29936218,9.825836

98746429284895,-0.7404022,-0.22557068,9.880585

98746440179671,-0.71421814,-0.17320251,9.828217

98746449884260,-0.7570648,-0.23509216,9.91629

98746459832991,-0.892746,-0.22795105,9.904388

98746469873274,-0.91893005,-0.21128845,9.973419

98746479272688,-0.957016,-0.28507996,9.944855

98746489984358,-0.82133484,-0.28746033,9.994843

98746499902571,-0.7832489,-0.24461365,10.051971

98746509668196,-0.71421814,-0.0922699,10.063873

98746504907454,-0.88275146,-0.17308044,9.792389

98746520227278,-0.66423035,-0.025619507,10.101959

98746529290999,-0.6190033,-0.039901733,10.018646

98746544244612,-0.68089294,-0.085128784,10.004364

98746554895247,-0.6594696,-0.17082214,10.051971

98746564905012,-0.6190033,-0.1493988,9.925812

98746574914778,-0.59757996,-0.12083435,10.0971985

98746584314192,-0.48332214,-0.047042847,10.147186

98746594934309,-0.4880829,0.014846802,10.242401

98746604944075,-0.47618103,0.064834595,10.249542

98746614923323,-0.5618744,0.11482239,10.313812

98746624933089,-0.6166229,0.048171997,10.532806

98746634332503,-0.74516296,0.13148499,10.792267

98746644952620,-0.7689667,0.25050354,11.38974

98746654962385,-0.79515076,0.32191467,12.375214

98746664941634,-0.76182556,0.38142395,13.641571

98746674951399,-0.71183777,0.30525208,14.85318

98746684350813,-0.5095062,0.24098206,15.795807

98746694970930,-0.2881317,0.13624573,16.500397

98746704980696,-0.116744995,0.086257935,17.026459

98746714929426,0.19032288,0.0315094,17.773895

98746710168684,-0.5486603,0.07447815,12.091705

98746724969710,0.46644592,-0.19462585,18.366608

98746734430159,0.7711334,-0.42314148,18.76651

98746744989241,0.9520416,-0.80400085,19.066437

98746754968489,0.8972931,-1.2443695,19.116425

98746764978255,0.56404114,-1.3943329,18.654633

98746774988020,0.18080139,-1.6561737,18.076202

98746784356917,-0.2571869,-1.8489838,17.493011

98746795007551,-0.5547333,-2.0774994,16.705109

98746804986800,-0.60710144,-2.260788,15.791046

98746814996565,-0.55711365,-2.5202484,15.062653

98746825006331,-0.26908875,-2.8225555,14.572296

98746834375227,-0.06437683,-3.1962738,13.917694

98746844995344,0.09034729,-3.062973,12.696564

98746855005110,0.054641724,-2.9653778,11.742035

98746864984358,-0.15483093,-2.6559296,10.818451

98746875024641,-0.36192322,-2.279831,9.906769

98746884393538,-0.44285583,-1.8489838,9.418793

98746895013655,-0.45951843,-1.6061859,8.169098

98746905023421,-0.44047546,-1.6728363,6.9551086

98746915033186,-0.41667175,-1.5514374,5.772064

98746910272444,-0.030456543,-1.9043274,14.053375

98746925012434,-0.24528503,-1.7228241,4.8580017

98746934411848,-0.27146912,-1.2610321,3.24411

98746945031966,-0.37620544,-0.4040985,1.556427

98746955011214,-0.62138367,0.4099884,0.24960327

98746965143050,-0.9546356,1.3383331,-0.83584595

98746975030745,-1.2450409,2.1571808,-1.6546936

98746984399641,-1.5735321,2.659439,-1.9879456

98746995019759,-1.6425629,3.0188751,-2.8805847

98747004999007,-1.7187347,3.383072,-3.799408

98747015039290,-1.7996674,3.7091827,-4.832489

98747025049055,-1.9543915,4.1685944,-6.1440735

98747034417952,-2.323349,4.9588776,-7.2461853

98747045038069,-2.8470306,5.7729645,-8.30307

98747055017317,-3.5373383,6.637039,-9.364716

98747065057600,-4.2395477,7.4844513,-10.014557

98747075036848,-4.8489227,8.093826,-10.443024

98747084436262,-5.2964325,8.515152,-10.376373

98747095056380,-5.505905,8.415176,-10.021698

98747105035628,-5.5344696,8.12001,-9.65036

98747115045393,-5.401169,7.73201,-9.1909485

98747110284651,-2.5968475,4.159317,-4.8418884

98747125055159,-5.1821747,7.3321075,-8.469696

98747134424055,-5.036972,7.0893097,-7.746063

98747145074690,-4.8536835,7.008377,-6.6558533

98747155084456,-4.70372,6.970291,-5.627533

98747165063704,-4.496628,6.801285,-4.6372986

98747175042952,-4.280014,6.296646,-3.613739

98747184442366,-4.201462,5.5301666,-2.7520447

98747195093001,-4.049118,4.513748,-2.0950623

98747205072249,-4.015793,3.5235138,-1.4642639

98747215082014,-4.0205536,3.1093292,-0.45022583

98747225061262,-3.8848724,2.9141388,0.77804565

98747234460676,-3.6849213,2.5594635,2.0515442

98747245294417,-3.5778046,2.1500397,3.160797

98747255090559,-3.4611664,1.5001984,3.9248962

98747265100325,-3.568283,0.9122467,4.070099

98747275079573,-3.7491913,0.39094543,4.2295837

98747284478987,-4.037216,-0.006576538,4.736603

98747295190657,-4.2062225,0.1386261,6.1791077

98747305108870,-4.037216,0.3290558,7.9667664

98747315118635,-3.587326,0.19099426,9.483063

98747310357893,-4.131714,3.4626923,0.15344238

98747325128401,-3.0303192,-0.182724,10.511383

98747334527815,-2.451889,-0.75639343,10.6185

98747344903792,-2.1329193,-1.2134247,10.006744

98747355127180,-2.2709808,-1.5752411,9.385468

98747365136946,-2.5375824,-1.4871674,9.40213

98747374963606,-2.7256317,-0.6754608,10.6232605

98747385003889,-2.7161102,-0.07798767,12.337128

98747394464339,-2.2805023,-0.49217224,13.986725

98747405237044,-1.5330658,-1.4395599,14.53183

98747415155257,-0.77134705,-2.479782,13.960541

98747425165022,-0.24052429,-3.191513,13.286896

98747435235823,-0.20005798,-3.2010345,12.970306

98747444421614,-0.2976532,-2.2631683,13.151215

98747455255354,-0.45713806,-1.5776215,14.346161

98747465173567,-0.4618988,-1.1681976,15.103119

98747475183333,-0.14768982,-1.2300873,15.94339

98747485254134,0.3617096,-1.8370819,15.871979

98747494439925,0.83540344,-2.4416962,15.117401

98747505273665,0.9210968,-2.7773285,14.548492

98747515191878,0.71162415,-2.934433,14.360443

98747510431135,-1.0712738,-1.6501007,13.003159

98747525201643,0.30220032,-2.4607391,14.0867

98747535180891,-0.13578796,-1.8275604,13.941498

98747544458235,-0.36192322,-1.3610077,13.862946

98747555291975,-0.5047455,-1.2134247,13.465424

98747565210188,-0.5190277,-1.253891,12.979828

98747575219954,-0.36668396,-1.5561981,12.334747

98747585229719,-0.29527283,-1.8537445,11.801544

98747594476546,-0.30717468,-2.0156097,11.292145

98747605310286,-0.5356903,-2.1155853,10.906525

98747615228499,-0.75468445,-2.101303,10.847015

98747625238264,-0.9070282,-1.908493,10.658966

98747635248030,-0.892746,-1.7632904,10.504242

98747644494856,-0.76182556,-1.7537689,10.316193

98747655328596,-0.642807,-1.6466522,10.220978

98747665246809,-0.52378845,-1.5800018,10.075775

98747675256575,-0.5214081,-1.3776703,10.118622

98747685266341,-0.54997253,-1.215805,10.030548

98747694513167,-0.68803406,-1.0944061,10.063873

98747705346907,-0.74754333,-1.0325165,10.140045

98747715265120,-0.74754333,-1.0110931,10.021027

98747710504378,-0.5230713,-1.607132,11.383438

98747725274885,-0.6999359,-1.0467987,10.035309

98747735284651,-0.61424255,-1.1182098,9.909149

98747744531477,-0.5214081,-1.2277069,9.992462

98747755365217,-0.44047546,-1.3919525,10.130524

98747765313948,-0.3952484,-1.4633636,10.259064

98747775293196,-0.44047546,-1.5323944,10.330475

98747785302962,-0.40000916,-1.6990204,11.101715

98747794549788,-0.35954285,-1.4895477,11.370697

98747805383528,-0.2881317,-1.6466522,11.927704

98747815332259,-0.16435242,-2.101303,12.313324

98747825311507,-0.1000824,-2.446457,12.73465

98747835321272,0.035598755,-2.6868744,13.429718

98747844568098,0.17604065,-2.72258,14.353302

98747855401839,0.33314514,-2.3917084,14.672272

98747865320051,0.44026184,-1.9037323,14.900787

98747875329817,0.40931702,-1.4514618,15.407806

98747885339583,0.32600403,-0.7325897,15.907684

98747894586409,0.29267883,-0.3231659,16.45279

98747905420149,0.2879181,-0.066085815,16.921722

98747915338362,0.31410217,-0.07084656,17.1669

98747910577620,-0.09043884,-1.4756165,12.965897

98747925317610,0.28553772,-0.34220886,17.043121

98747935357893,0.15461731,-0.9896698,16.678925

98747944726790,-0.10960388,-1.7656708,15.971954

98747955438460,-0.5118866,-2.1274872,15.443512

98747965356673,-0.77848816,-2.5488129,15.386383

98747975366438,-0.91178894,-2.6321259,15.145966

98747985345686,-1.0474701,-2.4631195,14.910309

98747994745100,-1.0450897,-2.4059906,14.577057

98748005365217,-1.0260468,-2.1893768,14.134308

98748015374983,-0.91178894,-2.203659,14.096222

98748025384749,-0.84513855,-2.4607391,13.560638

98748035394514,-1.0141449,-2.4654999,12.834625

98748044763411,-1.1141205,-2.813034,12.099091

98748055414046,-1.1331635,-2.7392426,11.513519

98748065393294,-0.8332367,-3.0939178,11.246918

98748075403059,-0.49760437,-3.3414764,10.04245

98748085412825,-0.36668396,-3.1129608,8.69754

98748094781721,-0.40715027,-2.9439545,7.321686

98748105432356,-0.63804626,-2.4583588,6.186249

98748115411604,-1.0141449,-1.8846893,5.4602356

98748110650862,-0.6882782,-2.3491058,12.617538

98748125390852,-1.399765,-1.1491547,4.7937317

98748135400618,-1.6092377,-0.50645447,4.198639

98748144800032,-1.5782928,-0.17796326,3.210785

98748155420149,-1.4568939,0.25764465,1.889679

98748165429915,-1.3331146,0.4361725,0.75424194

98748175409163,-1.4402313,0.70277405,-0.40975952

98748185418928,-1.6854095,1.1121979,-1.5309143

98748194818342,-2.0686493,1.7906036,-2.240265

98748205438460,-2.4185638,2.678482,-2.323578

98748215448225,-2.5828094,3.5473175,-2.2450256

98748225427473,-2.5113983,4.2519073,-2.7044373

98748235437239,-2.4947357,5.0231476,-3.5708923

98748244836653,-2.5875702,5.7229767,-4.480194

98748255456770,-2.8970184,6.5180206,-5.3728333

98748265466536,-3.35643,7.432083,-6.232147

98748275445784,-3.9300995,8.524673,-6.577301

98748285455550,-4.4752045,9.417313,-6.5749207

98748294854964,-4.9060516,9.876724,-6.0917053

98748305475081,-5.0655365,9.886246,-5.9084167

98748315484846,-4.9488983,9.638687,-6.1369324

98748310724104,-2.7372894,4.249176,-2.3776093

98748325464094,-4.7394257,8.945999,-6.479706

98748335473860,-4.541855,8.293777,-6.5487366

98748344873274,-4.5704193,8.153336,-6.4249573

98748355493391,-4.7394257,8.079544,-5.972687

98748365503157,-4.9869843,8.143814,-5.5727844

98748375451887,-5.172653,7.9105377,-5.391876

98748385278548,-5.1940765,7.4273224,-5.325226

98748394861067,-5.1440887,6.610855,-5.294281

98748405511702,-5.010788,5.770584,-5.260956

98748415521467,-4.8917694,4.9779205,-4.9372253

98748425500716,-4.934616,4.385208,-3.5137634

98748435510481,-4.753708,3.794876,-1.9831848

98748444879378,-4.5132904,3.1450348,-0.9620056

98748455530012,-4.325241,2.3547516,-0.4454651

98748465539778,-4.118149,1.7358551,-0.11935425

98748475549544,-3.913437,1.0907745,-0.10031128

98748485528792,-3.9515228,0.8551178,0.09963989

98748494897688,-4.203842,1.0479279,1.4469299

98748505548323,-4.2704926,1.202652,3.9820251

98748515558089,-3.7230072,0.721817,7.207428

98748510797346,-4.5849457,4.7323914,-2.5798187

98748525567854,-2.7970428,-0.3636322,8.976044

98748535516585,-1.7377777,-1.7275848,8.990326

98748544915999,-1.1807709,-2.9487152,7.9739075

98748555566634,-1.0950775,-3.6842499,6.586151

98748565637434,-1.168869,-3.6961517,6.438568

98748575555647,-1.0831757,-3.5604706,8.069122

98748585565413,-0.8403778,-3.3224335,11.430206

98748594964827,-0.05961609,-3.7580414,14.505646

98748605584944,0.9282379,-4.679245,15.8815

98748615564192,1.83992,-5.717087,15.633942

98748625573958,2.2541046,-6.802536,15.253082

98748635553206,2.2993317,-7.604721,16.038605

98748644952620,1.8446808,-7.4214325,16.345673

98748655603255,1.1686554,-6.1884003,15.981476

98748665551985,0.7401886,-5.5171356,16.59085

98748675592268,0.5092926,-4.8863373,16.71939

98748685602034,0.26887512,-4.231735,16.240936

98748694970930,-0.0024871826,-3.6890106,15.819611

98748705591048,-0.34049988,-3.1082,15.322113

98748715600813,-0.70469666,-2.6440277,14.715118

98748710840071,0.042144775,-4.2775574,13.175613

98748725610579,-1.0070038,-2.4654999,14.438995

98748735620344,-1.0141449,-2.5964203,14.08194

98748744989241,-0.7689667,-2.7535248,13.593964

98748755639876,-0.45951843,-2.7725677,12.896515

98748765588606,-0.18101501,-2.5988007,12.370453

98748775628889,-0.16197205,-2.3179169,12.168121

98748785608137,-0.33335876,-1.8775482,12.253815

98748795007551,-0.5547333,-1.50383,12.1371765

98748805566634,-0.6118622,-1.3276825,12.056244

98748815606917,-0.707077,-1.3253021,11.668243

98748825616682,-0.707077,-1.4752655,11.215973

98748835595930,-0.7404022,-1.6942596,10.782745

98748845025862,-0.76182556,-1.965622,10.404266

98748855493391,-0.7832489,-2.1988983,10.278107

98748865655745,-0.7832489,-2.2131805,10.049591

98748875634993,-0.6927948,-2.094162,9.821075

98748885614241,-0.6999359,-1.7894745,9.97818

98748895654524,-0.7499237,-1.4776459,9.990082

98748904901350,-0.7594452,-1.1658173,9.937714

98748915704573,-0.79515076,-1.0372772,9.906769

98748910943831,-0.66363525,-1.9325409,11.501495

98748925622786,-0.80467224,-1.0015717,9.799652

98748935632551,-0.7665863,-1.1110687,9.799652

98748945672835,-0.6761322,-1.420517,9.749664

98748954919661,-0.63090515,-1.6085663,9.792511

98748965753401,-0.5118866,-1.8537445,9.940094

98748975671614,-0.47618103,-1.946579,9.909149

98748985681380,-0.4452362,-1.9584808,9.816315

98748995691145,-0.46665955,-1.8775482,9.780609

98749004907454,-0.5095062,-1.8513641,9.992462

98749015741194,-0.4452362,-2.0251312,10.051971

98749025689925,-0.4214325,-2.260788,10.351898

98749035669173,-0.54045105,-2.0513153,10.259064

98749045709456,-0.55711365,-1.9251556,10.0781555

98749054925764,-0.60710144,-2.0156097,9.844879

98749065759505,-0.59043884,-2.1108246,9.759186

98749075677717,-0.61424255,-2.2012787,9.683014

98749085687483,-0.5928192,-2.1608124,9.583038

98749095697249,-0.6118622,-2.1489105,9.735382

98749104944075,-0.69755554,-2.0536957,9.65921

98749115777815,-0.7523041,-1.9822845,9.91153

98749111017073,-0.58592224,-1.8782654,9.874878

98749125696028,-0.7499237,-1.9537201,10.187653

98749135705794,-0.6594696,-1.9061127,10.394745

98749145624007,-0.6023407,-1.8680267,10.547089

98749154962385,-0.46427917,-1.9203949,10.768463

98749165796126,-0.43333435,-2.0441742,10.775604

98749175744856,-0.36668396,-2.1822357,10.823212

98749185724104,-0.39762878,-2.2703094,11.161224

98749195733870,-0.42619324,-2.2322235,11.494476

98749204950178,-0.41429138,-2.2322235,12.0729065

98749215814436,-0.5214081,-2.1631927,12.34903

98749225702132,-0.7523041,-2.0513153,12.834625

98749235711897,-0.9498749,-2.0251312,13.70108

98749245721663,-1.0903168,-1.946579,14.412811

98749254968489,-1.1093597,-1.7656708,14.693695

98749265741194,-0.9665375,-1.6752167,14.843658

98749275720442,-0.81895447,-1.6014252,14.974579

98749285730208,-0.6689911,-1.587143,15.04361

98749295739973,-0.6832733,-1.63237,15.376862

98749304986800,-0.75468445,-1.7299652,15.836273

98749315728987,-0.7523041,-1.8846893,16.114777

98749310968245,-0.67910767,-1.933609,12.920319

98749325738753,-0.5523529,-2.037033,16.214752

98749335748518,-0.25480652,-2.1441498,16.083832

98749345697249,-0.0024871826,-2.2369843,15.852936

98749355005110,0.052261353,-2.5059662,15.679169

98749366144026,-0.09056091,-2.8487396,15.276886

98749375573958,-0.39762878,-2.9225311,14.669891

98749385553206,-0.68089294,-3.3414764,14.672272

98749395746077,-0.8260956,-3.5461884,14.21286

98749405145491,-0.79515076,-3.74852,13.479706

98749415765608,-0.6761322,-3.5390472,12.422821

98749425775374,-0.7570648,-3.2724457,11.565887

98749435754622,-0.9903412,-2.9177704,11.061249

98749445733870,-1.3259735,-2.4869232,10.36618

98749455163801,-1.668747,-2.1465302,9.65683

98749465783919,-1.8234711,-2.0251312,9.509247

98749475763167,-1.7377777,-1.7513885,8.578522

98749485772932,-1.5830536,-1.3776703,7.552582

98749495752180,-1.4759369,-1.4514618,6.624237

98749505151594,-1.5925751,-1.3205414,5.686371

98749515802229,-1.8782196,-0.79685974,5.091278

98749511041487,-0.95285034,-2.420868,11.712875

98749525811995,-2.0757904,-0.22080994,4.3938293

98749535791243,-2.3519135,0.5813751,4.174835

98749545801009,-2.4352264,1.1574249,3.7606506

98749555169905,-2.2876434,1.5001984,2.9441833

98749565820540,-2.1614838,1.9191437,1.7516174

98749576074446,-2.2114716,2.2214508,0.49716187

98749585809553,-2.5042572,2.4904327,-0.49783325

98749595788801,-2.8993988,2.7927399,-0.9477234

98749605188216,-3.2754974,2.973648,-1.3023987

98749615808333,-3.5468597,3.3307037,-1.6451721

98749625818098,-3.8158417,3.704422,-2.1236267

98749635797346,-3.8063202,4.1828766,-2.6092224

98749645837630,-3.8682098,4.8946075,-3.3328552

98749655206526,-3.9681854,5.8372345,-3.7327576

98749665826643,-4.158615,6.801285,-3.9588928

98749675836409,-4.349045,7.610611,-4.2897644

98749685815657,-4.791794,8.277115,-4.8681946

98749695825423,-5.3226166,8.600845,-5.5085144

98749705224837,-5.608261,8.460403,-5.903656

98749715844954,-5.696335,8.174759,-6.1893005

98749711084212,-3.5567322,4.2645264,-1.4693756

98749725824202,-5.779648,7.822464,-6.153595

98749735833967,-5.6439667,7.6320343,-5.7346497

98749745599592,-5.4106903,7.610611,-5.35141

98749755212630,-5.2916718,7.8319855,-4.9324646

98749765863264,-5.2202606,8.060501,-4.487335

98749775811995,-5.1821747,8.05336,-4.151703

98749785882796,-5.108383,7.810562,-3.927948

98749795831526,-5.082199,7.398758,-3.7637024

98749805230940,-5.1107635,6.7989044,-3.7779846

98749815881575,-5.1750336,6.282364,-3.4137878

98749825860823,-5.3416595,5.8515167,-2.799652

98749835840071,-5.4630585,5.48732,-1.8974915

98749845849837,-5.486862,5.0755157,-1.0786438

98749855340803,-5.434494,4.6875153,-0.45736694

98749865869368,-5.3154755,4.1614532,0.10916138

98749875848616,-5.189316,3.7187042,0.5590515

98749885858382,-5.0464935,3.133133,0.9803772

98749895868147,-4.9893646,2.523758,1.3659973

98749905267561,-5.0798187,2.1190948,1.8254089

98749915918196,-5.127426,1.7025299,2.6871033

98749911157454,-5.273941,5.6881104,-2.2200317

98749925866926,-5.0917206,1.2883453,3.9796448

98749935907210,-4.8608246,0.7718048,5.1960144

98749945886458,-4.4490204,0.05769348,6.105316

98749955255354,-3.920578,-0.72306824,6.290985

98749965905989,-3.4683075,-1.4609833,6.2433777

98749975915755,-3.0398407,-2.0346527,6.6670837

98749985925520,-2.7232513,-2.2298431,7.8858337

98749995904768,-2.3400116,-2.2750702,9.478302

98750005273665,-2.0329437,-2.184616,10.266205

98750015924300,-1.8258514,-2.1655731,11.020782

98750025903548,-1.7020721,-2.2560272,11.204071

98750035913313,-1.6330414,-2.4416962,11.185028

98750045892561,-1.6401825,-2.5583344,11.0065

98750055291975,-1.5878143,-2.5488129,11.7586975

98750065942610,-1.3093109,-2.215561,12.963165

98750075921858,-0.957016,-1.8846893,14.039093

98750085931624,-0.33573914,-1.965622,15.145966

98750095941389,0.23554993,-2.279831,15.310211

98750105310286,0.54499817,-2.4178925,14.627045

98750115960921,0.5021515,-2.4416962,14.098602

98750111200178,-2.0817413,-1.6983032,10.223602

98750125970686,0.09272766,-2.0203705,14.012909

98750135949934,-0.49760437,-1.3633881,14.198578

98750145959700,-1.0736542,-0.8016205,14.517548

98750155328596,-1.3402557,-0.46122742,14.965057

98750165948714,-1.1641083,-0.561203,14.810333

98750175958479,-0.8832245,-1.3229218,14.198578

98750185968245,-0.41667175,-2.0703583,13.3749695

98750195978010,-0.26670837,-2.6535492,12.54184

98750205346907,-0.35954285,-2.998703,11.90152

98750216211165,-0.7523041,-2.9463348,11.608734

98750225976790,-1.0974579,-2.5916595,11.603973

98750235956038,-1.3235931,-2.0322723,11.742035

98750245965803,-1.2450409,-1.4824066,11.7777405

98750255365217,-1.0284271,-1.0206146,11.927704

98750266107405,-0.82847595,-0.8587494,11.739655

98750275964583,-0.5999603,-0.6683197,11.565887

98750285974348,-0.4880829,-0.6040497,11.330231

98750295984114,-0.495224,-0.6754608,10.977936

98750305353010,-0.6190033,-0.6707001,10.780365

98750315728987,-0.6594696,-0.77067566,10.732758

98750310968245,-0.7523041,-1.4287262,12.515411

98750325982893,-0.67375183,-0.83732605,10.616119

98750335992659,-0.6285248,-0.9991913,10.55661

98750346002425,-0.5452118,-1.1800995,10.435211

98750355401839,-0.4857025,-1.3633881,10.3638

98750365259016,-0.3643036,-1.5847626,10.316193

98750375818098,-0.32383728,-1.7751923,10.180511

98750386010969,-0.30003357,-1.7632904,9.982941

98750396051253,-0.2809906,-1.7847137,10.032928

98750406061018,-0.33573914,-1.6418915,10.0138855

98750415277327,-0.35002136,-1.5323944,10.190033

98750426080550,-0.40000916,-1.4586029,10.251923

98750436029280,-0.33573914,-1.3752899,10.256683

98750446008528,-0.29289246,-1.5062103,10.332855

98750456109846,-0.29289246,-1.6395111,10.370941

98750465265120,-0.31193542,-1.7466278,10.290009

98750476098860,-0.32859802,-1.8775482,10.370941

98750486047591,-0.34526062,-1.9941864,10.5399475

98750496026839,-0.28575134,-2.037033,10.756561

98750506067122,-0.23576355,-2.0060883,11.156464

98750515283430,-0.3143158,-1.8751678,11.642059

98750510522688,-0.37156677,-1.5989227,10.432831

98750526117171,-0.40000916,-1.7133026,12.025299

98750536035384,-0.51664734,-1.6299896,12.603729

98750546045149,-0.4214325,-1.6109467,13.034576

98750556054915,-0.26670837,-1.5442963,13.341644

98750565301741,-0.18815613,-1.3610077,13.6701355

98750576135481,-0.16435242,-1.337204,14.177155

98750586053694,-0.13816833,-1.4514618,14.884125

98750596063460,-0.014389038,-1.7490082,15.526825

98750606073225,0.23078918,-2.3488617,16.1362

98750615320051,0.44026184,-2.934433,16.888397

98750626153792,0.7163849,-3.2343597,17.578705

98750636072005,0.9710846,-3.3224335,18.1857

98750646081770,1.1162872,-3.222458,18.138092

98750656091536,1.1734161,-2.8225555,17.74057

98750665338362,1.1686554,-2.5654755,17.447784

98750676172102,1.1139069,-2.363144,17.35971

98750686090315,0.9948883,-2.3583832,17.633453

98750696100081,0.9377594,-2.805893,18.735565

98750706109846,0.8639679,-3.1153412,18.83316

98750715356673,0.6354523,-2.889206,17.921478

98750710595930,0.41264343,-2.318985,16.09311

98750726190413,0.46406555,-2.094162,16.747955

98750736108626,0.5021515,-1.2277069,15.691071

98750746087874,0.787796,-0.5183563,14.134308

98750756128157,0.84968567,-0.25175476,12.487091

98750765344466,0.5664215,-0.63975525,10.675629

98750776117171,-0.04295349,-1.1158295,8.818939

98750786096419,-0.73088074,-1.337204,7.188385

98750796106184,-1.2259979,-1.6085663,6.1195984

98750806085432,-1.3759613,-1.7585297,4.853241

98750815362776,-1.2593231,-1.5704803,3.448822

98750826104964,-1.1141205,-1.1991425,2.146759

98750836084212,-1.0450897,-0.7159271,1.2850647

98750846093977,-1.0998383,-0.22080994,0.6257019

98750856134260,-1.3021698,0.5004425,-0.28598022

98750865442122,-1.5449677,1.2764435,-1.278595

98750876123274,-1.6592255,1.8786774,-2.2331238

98750886102522,-1.8068085,2.3238068,-2.754425

98750896112288,-1.7568207,2.478531,-3.0281677

98750906122053,-1.6735077,2.357132,-3.7256165

98750915521467,-1.7877655,2.4071198,-4.6492004

98750910760725,-0.8127594,-0.05180359,4.3133698

98750926141585,-2.0757904,2.928421,-5.3871155

98750936151350,-2.5018768,4.1233673,-5.3871155

98750946130598,-2.84227,5.6587067,-4.8491516

98750956109846,-3.29216,7.3392487,-4.287384

98750965539778,-3.6373138,8.755569,-3.7208557

98750976159895,-3.7753754,9.381607,-3.8660583

98750986169661,-3.8896332,9.543472,-4.549225

98750996148909,-4.0253143,9.312576,-5.5156555

98751006189192,-4.2181244,8.922195,-6.339264

98751015527571,-4.677536,8.577042,-7.065277

98751026178206,-5.3297577,8.486588,-7.136688

98751036157454,-5.755844,8.434219,-6.50589

98751046167219,-5.7844086,8.193802,-5.596588

98751056146467,-5.6439667,7.958145,-5.03244

98751065545882,-5.351181,7.689163,-4.7134705

98751076165999,-5.0345917,7.4344635,-4.3849792

98751086175764,-4.875107,7.296402,-4.0017395

98751096155012,-4.9369965,7.2297516,-3.704193

98751106164778,-5.094101,7.1345367,-3.4375916

98751115564192,-5.355942,6.867935,-3.254303

98751110803450,-4.4048615,7.5633545,-4.9367523

98751126184309,-5.5416107,6.5680084,-3.0257874

98751136194075,-5.7772675,6.084793,-2.4806824

98751146173323,-5.9248505,5.5492096,-1.914154

98751156183089,-5.9629364,4.8755646,-1.2619324

98751165582503,-5.910568,4.1638336,-0.6192322

98751176202620,-5.6677704,3.5592194,0.080596924

98751186212385,-5.3726044,3.011734,0.9541931

98751196222151,-4.984604,2.4690094,1.9420471

98751206231917,-4.646591,1.7453766,2.8180237

98751215600813,-4.4061737,1.2050323,3.096527

98751226251448,-4.522812,0.8551178,2.9894104

98751236230696,-4.889389,0.7456207,3.1203308

98751246606673,-5.332138,0.8694,4.3057556

98751256250227,-5.267868,0.58851624,6.014862

98751265619124,-4.663254,0.2124176,7.278839

98751276422346,-3.4944916,-0.5350189,8.181

98751286401594,-2.2543182,-1.5704803,8.042938

98751296411360,-1.4568939,-2.6511688,7.547821

98751306390608,-1.3069305,-3.2700653,7.0622253

98751315637434,-1.6830292,-3.1082,7.464508

98751310876692,-4.453308,1.5683899,3.0798645

98751326440657,-1.9186859,-2.4297943,9.875824

98751336419905,-1.6806488,-2.1869965,12.832245

98751346429671,-1.1641083,-2.5202484,13.986725

98751356439436,-0.44761658,-3.422409,14.550873

98751365655745,0.19508362,-4.32695,14.008148

98751376153792,0.39027405,-4.4459686,13.277374

98751386163557,0.25221252,-3.8603973,13.232147

98751396356428,-0.23100281,-2.7201996,13.967682

98751406396712,-0.6927948,-1.3419647,14.8246155

98751415643538,-0.9641571,-0.34220886,15.436371

98751426416243,-0.9808197,-0.16368103,15.593475

98751436395491,-0.7665863,-0.80400085,15.186432

98751446405257,-0.46427917,-1.613327,14.179535

98751456323469,-0.36192322,-2.3464813,13.351166

98751465692366,-0.43333435,-2.8487396,12.794159

98751476495589,-0.6023407,-3.1153412,12.472809

98751486474837,-0.7737274,-3.2843475,12.194305

98751496454085,-0.7237396,-3.2534027,12.103851

98751506494368,-0.5761566,-3.062973,11.994354

98751515710676,-0.4214325,-2.5916595,12.180023

98751510949934,-0.61828613,-2.5340576,13.4021

98751526483382,-0.33573914,-2.1655731,12.263336

98751536493147,-0.30241394,-1.7180634,12.263336

98751546502913,-0.40715027,-1.318161,11.941986

98751556482161,-0.5261688,-1.0539398,11.632538

98751565698469,-0.56425476,-0.9801483,11.423065

98751576349104,-0.5880585,-1.151535,11.239777

98751586358870,-0.5095062,-1.3300629,11.046967

98751596368635,-0.3381195,-1.5538177,10.985077

98751606347884,-0.2071991,-1.7585297,11.170746

98751615808333,-0.05961609,-2.0084686,11.123138

98751626367415,-0.092941284,-2.1251068,10.882721

98751636377180,-0.12388611,-2.2441254,10.616119

98751646356428,-0.21910095,-2.1750946,10.313812

98751656366194,-0.32621765,-1.9751434,10.17337

98751665735091,-0.38334656,-1.7680511,10.197174

98751676446760,-0.3809662,-1.6180878,10.49234

98751686395491,-0.27146912,-1.4966888,10.720856

98751696374739,-0.08580017,-1.5228729,10.589935

98751706384505,0.10700989,-1.7061615,10.944611

98751715753401,0.13319397,-1.5276337,11.151703

98751710992659,-0.27409363,-1.6598663,11.058624

98751726556624,0.38075256,-1.9561005,11.396881

98751736383284,0.19746399,-2.2726898,10.4756775

98751746393050,-0.3643036,-2.1631927,9.8663025

98751756372298,-0.71421814,-1.9227753,9.802032

98751765771712,-0.7761078,-1.6656952,9.7211

98751776269759,-0.5999603,-1.5442963,9.742523

98751786371077,-0.37858582,-1.798996,9.906769

98751796411360,-0.0834198,-2.0917816,10.059113

98751806390608,0.0046539307,-2.222702,10.209076

98751816400374,-0.07865906,-2.260788,10.335236

98751826471175,-0.24052429,-2.196518,10.48996

98751836389387,-0.32383728,-2.1917572,10.866058

98751846399153,-0.34288025,-2.1370087,11.265961

98751856408919,-0.21672058,-2.1703339,11.634918

98751866418684,-0.035812378,-2.4036102,12.194305

98751875665510,0.04988098,-2.479782,12.706085

98751886407698,0.102249146,-2.5583344,13.132172

98751896417464,0.030838013,-2.7797089,13.798676

98751906427229,-0.08103943,-2.8344574,14.567535

98751916436995,-0.12150574,-2.6559296,15.1197815

98751911676253,-0.17958069,-2.2153168,11.364502

98751925683821,-0.17625427,-2.6107025,15.526825

98751936487044,-0.0834198,-2.639267,15.674408

98751946435774,-0.0048675537,-2.767807,15.657745

98751956415022,0.2212677,-2.9320526,15.455414

98751966424788,0.37123108,-3.2081757,15.469696

98751975671614,0.4426422,-3.4652557,15.841034

98751986505354,0.4188385,-3.7461395,16.224274

98751996423567,0.38313293,-3.8603973,16.409943

98752006402815,0.49977112,-4.1317596,16.6456

98752016443098,0.6735382,-4.410263,16.405182

98752025689925,0.80921936,-4.7030487,15.767242

98752036523665,0.9068146,-4.981552,14.836517

98752046441878,0.93299866,-5.205307,14.1128845

98752056421126,0.8473053,-5.2671967,13.617767

98752066461409,0.65211487,-5.1005707,13.413055

98752075708235,0.3617096,-4.8054047,12.717987

98752086511458,0.13557434,-4.550705,12.080048

98752096460188,0.018936157,-4.293625,10.899384

98752106439436,-0.023910522,-3.800888,10.230499

98752116449202,0.021316528,-3.4462128,9.563995

98752111688460,0.37039185,-3.9963226,14.327469

98752125696028,-0.033432007,-3.3224335,8.685638

98752136529768,-0.31669617,-2.8177948,7.638275

98752146447981,-0.5832977,-2.3226776,6.476654

98752156457747,-0.80229187,-1.9513397,5.3626404

98752166467512,-1.0284271,-1.2110443,4.4723816

98752175683821,-1.1569672,-0.5207367,3.7868347

98752186548079,-1.1998138,0.23622131,2.8489685

98752196466292,-1.3664398,1.0503082,2.101532

98752206445540,-1.5306854,1.7572784,1.1374817

98752216455305,-1.6282806,2.1833649,0.21627808

98752225763167,-1.7639618,2.3999786,-0.6573181

98752236444319,-2.1162567,2.7260895,-1.3714294

98752246454085,-2.3923798,3.095047,-1.8522644

98752256463850,-2.592331,3.4378204,-2.2355042

98752266473616,-2.7256317,3.8567657,-2.6925354

98752275720442,-2.8898773,4.3804474,-3.3876038

98752286554182,-3.073166,5.1493073,-3.9446106

98752296472395,-3.2945404,6.134781,-4.4754333

98752306451643,-3.6920624,7.2345123,-4.987213

98752316461409,-4.0919647,8.277115,-4.9895935

98752311700667,-1.9139252,1.9886475,0.60665894

98752325708235,-4.3347626,9.222122,-4.96579

98752336480940,-4.5347137,9.731522,-5.199066

98752346490706,-4.7394257,9.831497,-5.4132996

98752356469954,-4.825119,9.681534,-5.6251526

98752366479719,-4.875107,9.26973,-5.729889

98752375848616,-4.9488983,8.734146,-5.4252014

98752386255110,-5.056015,8.400894,-5.244293

98752396447981,-5.196457,8.367569,-5.082428

98752406457747,-5.2178802,8.350906,-4.6063538

98752416467512,-5.1226654,8.365189,-4.061249

98752425866926,-5.010788,8.265213,-3.735138

98752436487044,-4.901291,7.9224396,-3.2662048

98752446435774,-4.856064,7.5677643,-2.478302

98752456506575,-4.7560883,7.0178986,-1.342865

98752466516341,-4.651352,6.0943146,-0.38357544

98752475885237,-4.665634,5.370682,-0.12649536

98752486505354,-4.7965546,4.7136993,-0.26455688

98752496484602,-5.0155487,3.9400787,-0.17410278

98752506494368,-5.382126,3.3997345,-0.16696167

98752516504134,-5.8343964,3.1378937,0.37576294

98752511743391,-4.9360504,7.3692474,-3.145752

98752525903548,-6.070053,2.8974762,1.6778259

98752536523665,-5.9891205,2.511856,3.5797424

98752546533430,-5.615402,1.9738922,5.219818

98752556543196,-4.9298553,1.0431671,6.271942

98752566522444,-4.1728973,-0.0922699,6.457611

98752575921858,-3.6039886,-1.170578,5.9529724

98752586541975,-3.4825897,-1.9941864,5.5245056

98752596551741,-3.6587372,-2.4297943,5.4911804

98752606530989,-3.830124,-2.286972,6.167206

98752616510237,-3.772995,-2.1036835,8.283356

98752625909651,-3.1469574,-2.4512177,9.778229

98752636560286,-2.2519379,-3.255783,10.175751

98752646539534,-1.4592743,-4.3888397,10.523285

98752656549300,-0.8427582,-5.379074,10.216217

98752666559065,-0.74754333,-5.5790253,9.568756

98752675958479,-1.1569672,-4.8101654,9.668732

98752686578596,-1.713974,-3.5390472,11.206451

98752696557844,-2.0210419,-2.267929,12.3038025

98752706567610,-1.925827,-1.5990448,13.141693

98752716546858,-1.2378998,-2.2393646,13.920074

98752711786116,-3.0814972,-1.8580322,8.256454

98752725976790,-0.31907654,-3.146286,14.089081

98752736596907,0.7140045,-4.2841034,13.834381

98752746576155,1.3638458,-4.929184,13.213104

98752756585921,1.5804596,-5.1815033,13.339264

98752766626204,1.3686066,-4.607834,13.5868225

98752775995100,0.806839,-3.3652802,14.258087

98752786615217,0.3117218,-2.1084442,15.219757

98752796624983,-0.009628296,-1.0253754,15.698212

98752806604231,0.028457642,-0.5112152,15.762482

98752816613997,0.33314514,-0.73973083,15.403046

98752826013411,0.6663971,-1.0063324,14.491364

98752836694563,0.806839,-1.1991425,13.63205

98752846612776,0.60450745,-1.3443451,13.003632

98752856622542,0.18080139,-1.4109955,12.458527

98752866632307,-0.26670837,-1.4943085,11.951508

98752876001204,-0.5523529,-1.7323456,11.687286

98752886651839,-0.5999603,-1.8704071,11.2612

98752896631087,-0.45237732,-2.113205,10.966034

98752906640852,-0.29051208,-2.3845673,10.668488

98752916650618,-0.14530945,-2.5702362,10.201935

98752911889876,0.30648804,-2.351242,13.236313

98752926019514,-0.09056091,-2.7344818,9.775848

98752936639632,-0.15959167,-2.8368378,9.661591

98752946649397,-0.24528503,-2.7273407,9.499725

98752956628645,-0.31193542,-2.434555,9.559235

98752966638411,-0.3714447,-2.0608368,9.773468

98752976037825,-0.32383728,-1.7061615,10.037689

98752986657942,-0.2476654,-1.4347992,10.3090515

98752996667708,-0.15959167,-1.3276825,10.351898

98753006646956,-0.07865906,-1.3633881,10.175751

98753016687239,0.033218384,-1.5204926,10.037689

98753026056135,0.016555786,-1.5728607,9.797272

98753036676253,-1.0681152E-4,-1.6228485,9.792511

98753046686018,0.04512024,-1.4895477,11.046967

98753056665266,0.36408997,-1.9180145,11.32785

98753066675032,0.32362366,-2.415512,10.668488

98753076074446,-0.08580017,-2.3679047,10.216217

98753086694563,-0.3809662,-1.9941864,10.1614685

98753096704329,-0.45713806,-1.6442719,10.175751

98753106683577,-0.35954285,-1.3610077,10.125763

98753116693342,-0.20005798,-1.3491058,10.1614685

98753111932600,-0.13447571,-1.8940887,10.132782

98753126062239,-0.095321655,-1.4633636,10.330475

98753136712874,0.08558655,-1.6418915,10.228119

98753146692122,0.17842102,-1.8323212,10.389984

98753156701887,0.059402466,-2.0513153,10.478058

98753166681135,-0.04057312,-2.094162,10.5399475

98753176080550,-0.116744995,-2.1703339,10.818451

98753186792219,-0.10722351,-2.1179657,11.137421

98753196710432,-0.06199646,-2.1251068,11.656342

98753206689680,0.102249146,-1.9513397,12.008636

98753216699446,0.3283844,-2.0084686,12.537079

98753226068342,0.7259064,-2.2322235,13.198822

98753236596907,0.90205383,-2.563095,13.715363

98753246728743,1.0115509,-2.8296967,14.305695

98753256707991,0.9806061,-3.1105804,14.965057

98753266717757,0.7401886,-2.9487152,15.683929

98753276086653,0.5926056,-2.748764,16.290924

98753286645735,0.48072815,-2.5511932,16.51706

98753296716536,0.45454407,-2.6511688,16.757477

98753306726301,0.56404114,-2.9701385,17.28592

98753316705550,0.73542786,-3.4771576,17.750092

98753311944807,0.37599182,-2.3769531,13.329742

98753326104964,0.935379,-4.0222626,17.692963

98753335992659,1.121048,-4.729233,17.283539

98753346704329,1.0543976,-5.217209,16.859833

98753356714094,0.7497101,-5.5218964,16.7789

98753366632307,0.3117218,-5.4195404,16.657501

98753376672591,0.07130432,-5.231491,16.32901

98753385980452,0.080825806,-5.148178,15.617279

98753396783675,0.29743958,-5.193405,14.450897

98753406701887,0.4188385,-5.3433685,13.424957

98753416711653,0.28077698,-5.3052826,12.334747

98753426812971,0.033218384,-5.0791473,11.118378

98753435968245,-0.23100281,-4.71019,9.804413

98753446771467,-0.56663513,-4.1317596,8.571381

98753456750716,-0.7332611,-3.6794891,7.726349

98753466729964,-0.8165741,-3.089157,6.5623474

98753476800764,-0.8570404,-2.382187,5.7673035

98753485986555,-0.8237152,-1.7252045,4.8294373

98753496698225,-0.75468445,-1.0658417,3.7844543

98753506738509,-0.8237152,-0.19224548,2.646637

98753516748274,-1.002243,0.721817,1.5469055

98753511987532,-0.06271362,-3.8232574,10.989365

98753526758040,-1.1760101,1.452591,0.6733093

98753535974348,-1.297409,1.8453522,-0.028900146

98753546808089,-1.5521088,2.3095245,-0.63113403

98753556726301,-1.7377777,2.7498932,-1.2357483

98753566705550,-1.7949066,3.056961,-1.676117

98753576745833,-1.8663177,3.6568146,-2.0641174

98753585992659,-1.8829803,4.249527,-2.7139587

98753596826399,-1.9591522,5.0493317,-2.9448547

98753606775130,-2.0972137,6.020523,-2.997223

98753616723860,-2.3376312,6.7727203,-3.3090515

98753626764143,-2.8184662,7.458267,-4.0707703

98753636010969,-3.3873749,8.039078,-4.930084

98753646814192,-3.9681854,8.517532,-5.4894714

98753656732405,-4.465683,8.8198395,-5.7584534

98753666711653,-4.665634,9.026932,-5.665619

98753676751936,-4.677536,9.138809,-5.7655945

98753685998762,-4.4823456,9.093582,-5.7203674

98753696740950,-4.2776337,8.715103,-5.2276306

98753706750716,-4.099106,8.434219,-4.9110413

98753716729964,-4.0776825,8.262833,-4.5587463

98753711969221,-2.9310608,6.1334686,-3.4512787

98753726739729,-4.1419525,8.05336,-3.8422546

98753735986555,-4.144333,7.901016,-3.4780579

98753746728743,-4.184799,7.758194,-3.190033

98753756738509,-4.2776337,7.501114,-2.8710632

98753766748274,-4.4418793,6.989334,-2.6044617

98753776727522,-4.691818,6.487076,-2.2616882

98753786004866,-5.0702972,5.820572,-1.4356995

98753796808089,-5.2321625,5.0088654,-0.03366089

98753806878889,-5.208359,4.128128,0.8994446

98753816888655,-4.977463,3.2116852,1.2636414

98753826898421,-4.787033,2.3071442,1.5992737

98753836114729,-4.646591,1.4573517,1.8254089

98753846917952,-4.665634,0.80989075,2.1324768

98753856897200,-4.8013153,0.48616028,2.6109314

98753866906966,-5.165512,0.45759583,3.1322327

98753876916731,-5.4582977,0.71229553,4.3676453

98753886102522,-5.4059296,0.83369446,6.2219543

98753896905745,-4.6799164,0.38380432,7.2359924

98753906915510,-3.8610687,-0.48503113,7.66922

98753916894759,-3.1136322,-1.4109955,7.809662

98753912134016,-4.6477814,3.4205627,1.3525543

98753926874007,-2.6232758,-2.4750214,7.952484

98753936120833,-2.4733124,-3.4819183,8.369049

98753946893538,-2.5113983,-4.0413055,9.3211975

98753956872786,-2.451889,-3.8508759,10.385223

98753966913069,-2.1876678,-3.581894,10.823212

98753976892317,-1.733017,-3.5152435,11.299286

98753986108626,-1.2474213,-3.4462128,11.542084

98753996911848,-0.8475189,-3.6033173,11.806305

98754006921614,-0.6356659,-3.5366669,12.332367

98754016748274,-0.6951752,-3.1367645,12.944122

98754026758040,-0.7927704,-2.6345062,13.708221

98754036126936,-0.7665863,-2.3393402,15.012665

98754046747053,-0.43095398,-2.4869232,15.533966

98754056817854,0.121292114,-2.9034882,15.619659

98754066736067,0.6068878,-3.320053,15.115021

98754076745833,0.9520416,-3.646164,14.603241

98754086145247,0.89967346,-3.7580414,14.14621

98754096765364,0.5235748,-3.5914154,14.001007

98754106744612,-0.021530151,-3.3081512,13.76535

98754116754378,-0.49760437,-3.0415497,13.482086

98754111993635,-0.84062195,-3.2849426,12.588135

98754126764143,-0.7499237,-2.9272919,13.084564

98754136133040,-0.76182556,-2.8630219,12.920319

98754146783675,-0.63090515,-2.8177948,12.456146

98754156762923,-0.36906433,-2.8606415,11.853912

98754166772688,-0.19767761,-2.7011566,11.330231

98754176751936,-0.06913757,-2.5083466,11.044586

98754186151350,-0.12388611,-2.215561,10.830353

98754196771467,-0.32383728,-1.965622,10.756561

98754206781233,-0.46903992,-1.8656464,10.830353

98754216760481,-0.46665955,-1.8513641,10.897003

98754226770247,-0.22624207,-2.0227509,11.046967

98754236169661,0.0022735596,-2.139389,10.908905

98754246576155,0.14033508,-2.2703094,10.718475

98754256799544,0.2712555,-2.2393646,10.661346

98754266809309,0.3212433,-2.0536957,10.470917

98754276758040,0.26887512,-1.8704071,10.549469

98754286157454,0.27363586,-1.6252289,10.568512

98754296777571,0.06892395,-1.4609833,10.775604

98754306787337,-0.052474976,-1.4038544,10.885101

98754316797102,-0.092941284,-1.3776703,10.851776

98754312036360,-0.15934753,-2.152008,11.172058

98754326776350,0.0070343018,-1.4062347,10.399506

98754336175764,0.099868774,-1.5847626,10.720856

98754346795882,0.25697327,-1.7299652,11.699188

98754356805647,0.53785706,-2.332199,11.320709

98754366815413,0.17366028,-2.7844696,10.956512

98754376794661,-0.30955505,-2.4416962,10.256683

98754386194075,-0.60710144,-2.203659,10.311432

98754396386946,-0.51664734,-1.8466034,10.290009

98754406793440,-0.2571869,-1.6061859,10.051971

98754416803206,-0.12388611,-1.7204437,9.821075

98754426782454,-0.035812378,-1.9180145,9.6354065

98754436181868,-0.12626648,-2.0965424,9.625885

98754446801985,-0.22862244,-2.332199,9.640167

98754456811751,-0.31907654,-2.4559784,9.992462

98754466821516,-0.25480652,-2.5868988,10.223358

98754476831282,-0.1000824,-2.6249847,10.404266

98754486200178,0.07130432,-2.4964447,10.573273

98754496820296,0.14509583,-2.3155365,10.616119

98754506830061,0.18080139,-2.2512665,10.675629

98754516809309,0.11177063,-2.2655487,10.9374695

98754512048567,-0.06472778,-2.1499786,10.407593

98754526819075,0.123672485,-2.5202484,11.165985

98754536187971,0.10700989,-2.7797089,11.558746

98754546838606,0.21888733,-2.8987274,12.494232

98754556817854,0.40693665,-2.6249847,13.31546

98754566797102,0.5354767,-2.3583832,14.041473

98754576806868,0.57832336,-2.306015,14.867462

98754586206282,0.61164856,-2.665451,15.719635

98754597162092,0.659256,-3.358139,16.624176

98754606836165,0.8877716,-4.415024,18.166656

98754616815413,1.4852448,-5.386215,18.887909

98754626825178,2.1898346,-6.390732,18.945038

98754636194075,2.596878,-6.8810883,18.466583

98754646905745,2.3755035,-7.0429535,18.388031

98754656823958,1.7804108,-6.752548,18.56894

98754666864241,1.0448761,-6.102707,18.485626

98754676843489,0.39265442,-5.909897,18.209503

98754686212385,-0.092941284,-5.4909515,17.190704

98754696618880,-0.31193542,-5.4076385,16.252838

98754706842268,-0.43095398,-5.3766937,15.393524

98754716821516,-0.5380707,-5.2481537,14.062897

98754712060774,0.73101807,-4.59581,16.040268

98754726831282,-0.6332855,-4.9696503,12.594208

98754736841048,-0.62138367,-4.864914,11.346893

98754746118391,-0.63090515,-4.2650604,9.759186

98754756921614,-0.5856781,-3.581894,8.402374

98754766839827,-0.5095062,-3.024887,7.2812195

98754776849592,-0.6023407,-2.4416962,6.0053406

98754786218489,-0.79515076,-1.8799286,4.8437195

98754796075667,-0.9641571,-1.4609833,3.622589

98754806909407,-1.1093597,-0.9896698,2.3728943

98754816827620,-1.1284027,-0.38981628,1.4992981

98754826837385,-1.0760345,0.3195343,0.71377563

98754836206282,-1.0117645,0.97413635,-0.0050964355

98754846063460,-0.9308319,1.3835602,-0.67160034

98754856897200,-1.0450897,1.6477814,-1.3976135

98754866845930,-1.1355438,1.8048859,-1.9212952

98754876825178,-1.297409,1.9358063,-2.4378357

98754886743391,-1.4783173,2.4118805,-2.8615417

98754896081770,-1.6449432,3.0141144,-3.1471863

98754906915510,-1.7187347,3.8662872,-3.6994324

98754916833723,-2.00914,5.1445465,-4.363556

98754912072981,-1.046402,-0.2682953,2.39682

98754926843489,-2.3471527,6.6703644,-4.865814

98754936853255,-2.913681,8.200943,-4.8372498

98754946100081,-3.4254608,9.40065,-4.673004

98754956842268,-3.9062958,10.214737,-4.7206116

98754966852034,-4.2562103,10.517044,-4.6253967

98754976831282,-4.2585907,10.138565,-4.7206116

98754986871565,-3.984848,9.422073,-4.8872375

98754996087874,-3.7825165,8.82222,-5.013397

98755006921614,-3.8467865,8.384232,-4.953888

98755016839827,-4.0443573,8.234268,-4.71109

98755026849592,-4.394272,8.18428,-4.2778625

98755036859358,-4.708481,8.112869,-3.9065247

98755046106184,-4.844162,7.9033966,-3.5256653

98755056817854,-4.817978,7.5249176,-3.0376892

98755066858137,-4.7513275,6.917923,-2.1236267

98755076837385,-4.582321,6.1371613,-1.1333923

98755086847151,-4.401413,5.3611603,-0.38119507

98755096093977,-4.3157196,4.5613556,0.13296509

98755106836165,-4.408554,3.8639069,0.26864624

98755116845930,-4.658493,3.2830963,0.09249878

98755112085188,-4.132431,7.592758,-3.2950134

98755126855696,-5.0155487,2.8950958,0.14962769

98755136865462,-5.4392548,2.6380157,0.799469

98755146112288,-5.741562,2.6213531,2.2514954

98755156884993,-5.53685,2.1738434,3.8891907

98755166864241,-4.9965057,1.5454254,4.9270325

98755176874007,-4.4490204,0.8789215,5.2483826

98755186883772,-3.9253387,0.14338684,5.3769226

98755196130598,-3.5301971,-0.70402527,5.269806

98755206872786,-3.4802094,-1.4109955,5.2864685

98755216882551,-3.670639,-1.7847137,6.2029114

98755226861800,-3.7015839,-2.1679535,7.7501526

98755236871565,-3.4207,-2.6892548,9.299774

98755246270979,-2.8922577,-3.2438812,10.290009

98755256891096,-2.2828827,-3.672348,10.394745

98755266870344,-1.8734589,-3.6866302,10.268585

98755276910628,-1.7520599,-3.4842987,10.589935

98755286889876,-1.9186859,-2.8725433,11.094574

98755296258772,-2.232895,-2.132248,11.8420105

98755306878889,-2.2900238,-1.5014496,12.077667

98755316888655,-1.94487,-1.7133026,12.403778

98755312127913,-3.5047302,-0.90838623,7.27063

98755326867903,-1.2664642,-2.7178192,12.60611

98755336877669,-0.45237732,-3.9365692,12.963165

98755346277083,0.30220032,-4.653061,13.372589

98755356897200,0.54499817,-4.505478,13.6058655

98755366906966,0.3283844,-3.7723236,14.136688

98755376916731,-0.14768982,-2.6725922,15.060272

98755386895979,-0.5047455,-1.7966156,15.619659

98755396264876,-0.4880829,-1.3657684,15.705353

98755406946028,-0.20481873,-1.7823334,15.312592

98755416894759,0.21412659,-2.3798065,14.515167

98755426904524,0.5283356,-2.8915863,13.582062

98755436883772,0.6092682,-3.293869,12.879852

98755446283186,0.5402374,-3.3081512,12.203827

98755456903303,0.34980774,-3.2653046,12.110992

98755466882551,0.057022095,-2.9820404,12.279999

98755476922835,-0.18815613,-2.6987762,12.648956

98755486902083,-0.23338318,-2.3607635,12.758453

98755496301497,-0.15245056,-2.2584076,12.47995

98755506921614,-0.031051636,-2.4012299,11.961029

98755516931380,0.08320618,-2.4512177,11.32547

98755512170637,-0.005584717,-2.8746796,13.3564

98755526910628,0.11891174,-2.408371,10.887482

98755536889876,0.08320618,-2.3464813,10.642303

98755546303918,-0.04057312,-2.196518,10.437592

98755556954553,-0.23100281,-1.9822845,10.092438

98755566933801,-0.18101501,-2.1346283,11.19455

98755576943566,0.57118225,-2.7844696,13.703461

98755586953332,0.6425934,-2.9487152,12.125275

98755596322228,-0.17863464,-1.9799042,11.630157

98755606942345,-0.6785126,-1.420517,10.842255

98755616952111,-0.95939636,-1.2372284,10.611359

98755626931359,-0.8975067,-1.0063324,10.256683

98755636941125,-0.6999359,-0.9420624,9.752045

98755646310021,-0.39762878,-1.2872162,9.383087

98755656960656,-0.24528503,-1.844223,9.309296

98755666939904,-0.16673279,-2.1370087,9.149811

98755676949670,-0.1905365,-2.2845917,9.230743

98755686928918,-0.08103943,-2.3607635,9.518768

98755696328332,0.009414673,-2.3012543,9.771088

98755706948449,0.009414673,-2.1370087,9.875824

98755716927697,0.052261353,-2.0227509,10.009125

98755712166955,-0.17303467,-1.9881134,10.421173

98755726937463,0.02607727,-2.010849,10.082916

98755736947228,-0.06199646,-2.0870209,9.985321

98755746316125,-0.17625427,-2.003708,9.968658

98755756966760,-0.22148132,-1.9680023,10.213837

98755766946008,-0.19767761,-1.8608856,10.387604

98755776955773,-0.10722351,-1.8013763,10.466156

98755786935021,-0.0024871826,-1.7870941,10.751801

98755796334435,0.011795044,-1.7775726,10.911285

98755806954553,-0.01676941,-1.6680756,11.046967

98755816933801,-0.15959167,-1.5895233,11.244537

98755826943566,-0.26670837,-1.5966644,11.601593

98755836922814,-0.28337097,-1.651413,12.189545

98755846322228,-0.116744995,-1.6680756,12.496613

98755856972863,0.1712799,-1.9608612,12.491852

98755866952111,0.50453186,-2.4512177,12.758453

98755876961877,0.8544464,-2.9582367,12.827484

98755887002160,0.8877716,-3.3057709,13.18454

98755896340539,0.76161194,-3.589035,13.974823

98755906960656,0.38075256,-3.441452,14.655609

98755916970422,0.021316528,-3.3271942,15.376862

98755912209679,0.10046387,-2.2252045,11.830826

98755926919152,-0.18815613,-3.248642,15.783905

98755936959435,-0.14530945,-3.2986298,15.931488

98755946328332,-0.052474976,-3.6485443,15.824371

98755956948449,0.059402466,-3.9770355,15.643463

98755966958215,0.08796692,-4.372177,15.450653

98755976967980,0.04750061,-4.903,15.62442

98755986947228,-0.18101501,-5.198166,15.614899

98755996346642,-0.5118866,-5.281479,15.652985

98756006966760,-0.7237396,-5.0934296,15.424469

98756016946008,-0.8498993,-4.7387543,15.143585

98756026955773,-0.7165985,-4.467392,14.969818

98756036965539,-0.3881073,-4.1055756,14.334259

98756046334435,-0.25956726,-3.8104095,13.858185

98756056985070,-0.23338318,-3.6675873,13.175018

98756066964318,-0.31907654,-3.4652557,12.432343

98756076943566,-0.3714447,-3.5580902,11.987213

98756086953332,-0.3809662,-3.5200043,11.137421

98756096352746,-0.3714447,-3.339096,10.254303

98756106881310,-0.2571869,-3.1700897,9.364044

98756116952111,-0.23338318,-2.6321259,8.211945

98756112191369,-0.29943848,-3.9747772,13.790939

98756126961877,-0.36668396,-2.1417694,7.3264465

98756136941125,-0.56663513,-1.5276337,6.290985

98756146310021,-0.75468445,-0.9634857,5.5173645

98756156838586,-0.96891785,-0.5278778,4.7104187

98756166939904,-1.0498505,-0.12797546,3.7035217

98756176949670,-1.085556,0.2862091,2.5966492

98756186959435,-1.1307831,0.6813507,1.723053

98756196969201,-1.3045502,1.1050568,1.2993469

98756206216027,-1.502121,1.6858673,0.7256775

98756217019250,-1.6901703,2.2381134,0.09725952

98756226937463,-2.0186615,2.659439,-0.34310913

98756236947228,-2.3090668,3.204544,-0.8477478

98756246956994,-2.5018768,3.8282013,-1.2547913

98756256203820,-2.6732635,4.447098,-1.7427673

98756267037560,-2.7708588,5.0041046,-2.0641174

98756276925256,-2.9184418,5.2849884,-2.7187195

98756286965539,-3.0707855,5.6396637,-3.3971252

98756296975304,-3.4825897,6.0538483,-4.1993103

98756306191613,-3.9443817,6.57753,-4.8729553

98756317025353,-4.3181,7.2749786,-4.984833

98756312264611,-2.0213928,2.5341187,0.37826538

98756326943566,-4.5537567,7.7605743,-4.825348

98756336953332,-4.710861,8.072403,-4.7705994

98756346322228,-4.7370453,8.234268,-4.9443665

98756356209924,-4.772751,8.277115,-5.180023

98756366982629,-4.8036957,8.212845,-5.09671

98756376900842,-4.817978,8.169998,-5.1181335

98756386971642,-4.9322357,8.11763,-5.049103

98756396920373,-5.0964813,7.9938507,-4.5968323

98756406197717,-5.0726776,7.9152985,-4.0802917

98756417061974,-4.9298553,7.5558624,-3.4994812

98756427041222,-4.858444,7.0940704,-3.0210266

98756437081506,-4.89653,6.596573,-2.568756

98756446999719,-5.0726776,5.8896027,-2.1022034

98756456216027,-5.177414,5.0874176,-1.4476013

98756467141320,-5.229782,4.0043488,-0.64779663

98756477059533,-5.0655365,2.9903107,0.013946533

98756487130334,-4.8846283,2.2857208,0.63998413

98756497140099,-4.625168,1.8072662,1.5611877

98756506234338,-4.1681366,1.2145538,2.6228333

98756517220666,-3.6920624,0.73609924,3.448822

98756512459924,-4.804886,5.9007874,-2.433075

98756527138879,-3.368332,0.38380432,4.0605774

98756537118127,-3.1755219,-0.34220886,4.6437683

98756547158410,-3.0398407,-0.939682,5.576874

98756556222131,-2.9351044,-1.6276093,6.6861267

98756567116906,-2.6494598,-2.177475,7.976288

98756577157189,-2.1876678,-2.7701874,8.992706

98756587136437,-1.7758636,-3.5533295,10.061493

98756597146203,-1.547348,-4.398361,10.401886

98756606240441,-1.5330658,-4.826828,10.478058

98756616982629,-1.759201,-4.7720795,11.101715

98756626992394,-1.8091888,-4.6435394,12.087189

98756637002160,-1.7830048,-4.4245453,12.853668

98756646981408,-1.7544403,-3.9936981,13.489227

98756656228234,-1.5568695,-3.7342377,14.012909

98756666970422,-1.4521332,-3.6699677,14.155731

98756677010705,-1.4211884,-3.4914398,14.229523

98756686989953,-1.4473724,-3.4081268,14.372345

98756696999719,-1.3640594,-3.4390717,14.97934

98756706368615,-1.0760345,-3.350998,15.526825

98756716988732,-0.6761322,-3.4105072,15.693451

98756712227990,-1.9155884,-3.1295013,11.068985

98756726998498,-0.264328,-3.5747528,15.438751

98756737008263,0.021316528,-3.479538,14.679413

98756747018029,0.10462952,-3.4366913,14.072418

98756756386926,-0.023910522,-3.2129364,13.70108

98756767068078,-0.3047943,-3.005844,13.784393

98756777016808,-0.56663513,-2.8725433,13.755829

98756786996056,-0.64042664,-2.7178192,13.679657

98756797005822,-0.6689911,-2.7201996,13.191681

98756806374719,-0.5761566,-2.9225311,12.644196

98756817025353,-0.54045105,-3.139145,11.920563

98756827004601,-0.56663513,-3.210556,11.465912

98756836983849,-0.559494,-3.0296478,10.970795

98756847024133,-0.5928192,-2.7154388,10.689911

98756856393029,-0.67375183,-2.363144,10.454254

98756867013146,-0.707077,-2.184616,10.382843

98756877022912,-0.6594696,-2.0894012,10.444733

98756887002160,-0.5761566,-2.056076,10.466156

98756897011926,-0.44047546,-2.0227509,10.473297

98756906411340,-0.25956726,-1.9537201,10.285248

98756917031457,-0.20243835,-1.8370819,10.16861

98756912270715,-0.4348755,-2.7272186,12.133484

98756927010705,-0.12626648,-1.8704071,10.739899

98756937020470,0.20222473,-2.7987518,10.718475

98756947030236,0.078445435,-3.370041,11.046967

98756956399133,-0.23576355,-2.5654755,11.016022

98756967049767,-0.3714447,-1.106308,12.689423

98756977029015,-0.4214325,0.54566956,12.339508

98756987008263,-0.47618103,1.0526886,11.396881

98756997018029,-0.66423035,0.52900696,10.658966

98757006386926,-0.6356659,-0.30888367,10.082916

98757017037560,-0.47380066,-0.97776794,9.583038

98757027047326,-0.32383728,-1.4490814,9.228363

98757037026574,-0.20005798,-1.69664,9.01413

98757047036340,-0.22624207,-1.8489838,9.092682

98757056405236,-0.22862244,-1.9441986,9.40213

98757067025353,-0.30003357,-1.82518,9.537811

98757077035119,-0.25242615,-1.6371307,9.702057

98757087044885,-0.12864685,-1.3990936,9.830597

98757097024133,-0.114364624,-1.1800995,9.959137

98757106484582,-0.12864685,-0.96110535,9.944855

98757117043664,-0.26670837,-0.8420868,10.054352

98757112282922,-0.26467896,-1.2826996,10.30191

98757127022912,-0.32383728,-0.8968353,10.004364

98757137032678,-0.3809662,-0.9634857,10.0138855

98757147042443,-0.45951843,-1.1777191,9.804413

98757156411340,-0.5713959,-1.4228973,9.692535

98757167031457,-0.5452118,-1.5204926,9.687775

98757177010705,-0.46903992,-1.5323944,9.618744

98757187020470,-0.44999695,-1.4919281,9.744904

98757197030236,-0.4547577,-1.2634125,9.816315

98757206429650,-0.34288025,-1.1634369,9.837738

98757217049767,-0.3214569,-1.1372528,9.780609

98757227029015,-0.3047943,-1.0587006,9.91629

98757237038781,-0.23100281,-1.1729584,9.680634

98757247018029,0.15699768,0.85035706,11.661102

98757256417443,-0.057235718,-2.7630463,8.207184

98757267068078,-0.60710144,-1.5109711,9.704437

98757276742150,-0.8070526,-1.3848114,9.9305725

98757286812951,-0.72612,-1.7728119,10.268585

98757296792199,-0.6761322,-1.5538177,10.180511

98757306435754,-0.18101501,-1.9394379,10.128143

98757317086388,0.3855133,-2.2084198,9.666351

98757312325646,-0.36834717,-1.3542175,9.867249

98757327035119,-0.007247925,-1.446701,9.878204

