96558227460818,0.06892395,0.026748657,9.880585

96558235273318,0.67115784,0.026748657,10.1614685

96558250898318,0.8568268,0.16957092,9.642548

96558258710818,-0.37382507,0.9765167,9.906769

96558266523318,-0.5380707,0.6551666,10.016266

96558274335818,-0.033432007,0.4504547,10.10434

96558289777712,0.42359924,0.5813751,10.001984

96558314344362,-0.028671265,0.09339905,10.275726

96558324262575,0.08796692,0.10054016,9.935333

96558336835818,-0.0834198,0.34095764,9.521149

96558344282107,-0.2476654,0.3290558,10.0781555

96558364301638,0.17842102,0.048171997,10.378082

96558374341921,0.18318176,0.19813538,10.223358

96558385206179,0.3117218,0.1719513,10.389984

96558391523318,0.23316956,0.35523987,10.17337

96558404371218,-0.16673279,1.1145782,10.230499

96558414380984,0.26649475,0.9051056,10.632782

96558424940066,0.42121887,-0.5373993,10.6232605

96558435132937,-0.007247925,-0.83732605,10.597076

96558445173220,-0.1905365,-0.6587982,10.613739

96558454420046,-0.07865906,-0.8492279,10.773224

96558465284304,0.11177063,-1.1586761,10.573273

96558475233034,0.1641388,-1.4419403,10.0971985

96558485242800,-0.04295349,-1.882309,9.571136

96558495252566,-0.35954285,-2.5892792,9.616364

96558504499392,-0.5547333,-2.8463593,9.604462

96558515363650,-0.6666107,-3.0344086,9.583038

96558525281862,-0.66185,-3.2081757,9.602081

96558535352663,-0.6332855,-3.4366913,9.580658

96558545392946,-0.63090515,-3.5985565,9.252167

96558554578737,-0.7094574,-3.6604462,8.857025

96558549817995,-0.14161682,-1.3473206,10.048645

96558565412478,-0.8308563,-3.8175507,8.388092

96558574750857,-0.8975067,-4.0460663,8.316681

96558589643435,-0.937973,-3.8413544,8.352386

96558599805788,-1.1117401,-3.2510223,8.161957

96558610486941,-1.1617279,-2.91539,7.790619

96558620405153,-1.1569672,-3.2200775,7.600189

96558630445437,-1.0093842,-3.9722748,7.450226

96558640455202,-0.85227966,-5.0815277,7.033661

96558649854616,-0.7499237,-6.1003265,7.264557

96558660505251,-0.73088074,-6.6597137,7.8215637

96558670484499,-0.7594452,-6.1884003,8.040558

96558680524782,-0.7427826,-5.243393,8.226227

96558690534548,-0.67375183,-4.379318,8.464264

96558699933962,-0.6523285,-3.8556366,8.668976

96558710554079,-0.68803406,-3.6771088,8.4999695

96558720594362,-0.7023163,-4.012741,8.319061

96558730573610,-0.67137146,-4.6197357,8.114349

96558740613894,-0.6166229,-4.9648895,7.978668

96558750013308,-0.4857025,-5.281479,8.326202

96558760633425,-0.37858582,-5.3171844,8.545197

96558755872683,-0.7905121,-4.5222626,8.068176

96558770643191,-0.26908875,-5.005356,8.809418

96558780652956,-0.27861023,-4.4269257,8.783234

96558790662722,-0.18577576,-4.1817474,8.840363

96558800092653,-0.20005798,-4.0674896,9.085541

96558810712771,-0.20481873,-4.3102875,8.980804

96558820722536,-0.24528503,-4.4888153,8.985565

96558830732302,-0.23814392,-4.679245,9.033173

96558840711550,-0.007247925,-4.9268036,9.295013

96558850141482,0.06654358,-4.814926,9.266449

96558860761599,0.080825806,-4.5030975,8.933197

96558870832400,0.06654358,-4.7601776,8.75943

96558880781130,-0.01676941,-4.986313,8.561859

96558890790896,0.021316528,-5.1434174,8.678497

96558900220827,0.10462952,-4.898239,8.842743

96558910840944,0.25697327,-4.8101654,9.01889

96558920850710,0.33076477,-4.7268524,8.833221

96558930829958,0.3688507,-4.9506073,8.654694

96558940839724,0.44026184,-5.198166,8.657074

96558950269655,0.71162415,-5.1505585,8.6285095

96558960859255,0.38789368,-4.7839813,8.559479

96558956098513,0.059524536,-4.7406616,8.860352

96558970899538,0.6568756,-4.7673187,8.7118225

96558980878786,0.54737854,-4.96727,8.666595

96558990949587,0.58784485,-5.302902,8.580902

96559000349001,0.5164337,-5.5457,8.495209

96559011213259,0.5283356,-5.6242523,8.44046

96559020978884,0.5354767,-5.648056,8.347626

96559030988650,0.49501038,-5.3433685,8.345245

96559040998415,0.47834778,-5.0410614,8.399994

96559050397829,0.49977112,-4.9958344,8.490448

96559060926394,0.54499817,-5.243393,8.473785

96559071058230,0.5092926,-5.3933563,8.388092

96559081067995,0.47120667,-5.7527924,8.18338

96559091077761,0.44740295,-5.969406,8.031036

96559100477175,0.42121887,-5.917038,8.135773

96559110944704,0.5330963,-5.9217987,8.599945

96559121107058,0.0046539307,-4.7911224,8.876068

96559131116823,0.46168518,-4.5221405,9.149811

96559141157107,0.5402374,-4.384079,8.95462

96559151197390,0.6735382,-4.312668,9.813934

96559160474734,0.8377838,-3.165329,9.806793

96559155713991,0.51452637,-5.1304474,8.644577

96559171277956,1.0448761,-2.4393158,9.299774

96559181196169,0.9520416,-2.741623,9.154572

96559191205935,0.6092682,-3.653305,9.092682

96559201276735,0.34266663,-4.5554657,8.652313

96559210523562,0.24269104,-5.2029266,8.411896

96559221357302,0.24031067,-5.269577,8.454742

96559231275515,0.30934143,-4.960129,8.635651

96559241315798,0.49739075,-4.6578217,8.638031

96559251386599,0.66877747,-4.610214,8.614227

96559260572390,0.7140045,-4.4840546,8.659454

96559271436648,0.6235504,-4.493576,8.709442

96559281354860,0.46644592,-4.5483246,9.175995

96559291395144,0.4259796,-4.5530853,9.311676

96559301404909,0.41407776,-4.4126434,8.785614

96559310651735,0.5569,-4.481674,8.866547

96559321515993,0.66163635,-4.3555145,8.8594055

96559331403689,0.5854645,-4.06987,8.745148

96559341443972,0.55451965,-4.2769623,9.006989

96559351453737,0.575943,-4.096054,8.645172

96559360731081,0.6330719,-4.172226,9.175995

96559355970339,0.555954,-4.301712,8.844772

96559371473269,0.52119446,-3.838974,8.783234

96559381513552,0.47120667,-3.960373,8.978424

96559391492800,0.39027405,-4.043686,8.718964

96559401533083,0.4688263,-3.9746552,8.818939

96559410779909,0.5235748,-4.0603485,8.609467

96559421461062,0.5497589,-4.436447,8.63089

96559431379275,0.48310852,-4.922043,8.6285095

96559441602663,0.3855133,-5.3314667,8.473785

96559451551394,0.33076477,-5.629013,8.626129

96559460859255,0.22364807,-4.8244476,9.154572

96559471692995,0.41407776,-3.5771332,8.902252

96559481702761,0.66163635,-3.865158,9.118866

96559491651491,0.6473541,-4.4911957,9.092682

96559501600222,0.5164337,-4.879196,8.714203

96559510938601,0.4521637,-4.872055,8.271454

96559521741823,0.38789368,-5.121994,8.88797

96559531690554,0.4355011,-4.9839325,8.973663

96559541700319,0.4521637,-4.3674164,9.123627

96559551649050,0.46406555,-3.6628265,9.118866

96559560987429,0.47834778,-3.2438812,9.509247

96559556226687,0.46287537,-4.404312,8.856781

96559571607546,0.5164337,-2.7844696,9.433075

96559581525759,0.4854889,-2.6630707,9.561615

96559591566042,0.5330963,-2.8273163,9.4687805

96559601575808,0.4688263,-2.9201508,9.133148

96559611066775,0.49263,-3.2510223,9.0260315

96559621564821,0.46644592,-3.838974,9.01651

96559631574587,0.4521637,-4.4769135,8.659454

96559641614870,0.49263,-5.1838837,8.549957

96559651624636,0.38075256,-5.386215,8.471405

96559661115603,0.2379303,-4.9720306,8.818939

96559671644167,0.15699768,-4.441208,8.883209

96559681653933,0.2379303,-4.4126434,8.69278

96559691663698,0.28315735,-4.8220673,8.576141

96559701673464,0.36647034,-5.450485,8.407135

96559711194948,0.35694885,-6.1003265,8.378571

96559721692995,0.34266663,-6.2598114,8.207184

96559731733278,0.34742737,-5.871811,8.214325

96559741743044,0.5688019,-5.698044,8.595184

96559751752810,0.60450745,-4.5602264,9.9758

96559761304812,0.9401398,-2.0322723,9.297394

96559756544069,0.4365692,-4.397644,8.868332

96559771772341,1.0210724,-1.2895966,9.2117

96559781751589,0.91871643,-2.0251312,10.192413

96559791761355,0.7735138,-2.6154633,9.033173

96559801801638,0.66163635,-3.229599,9.475922

96559811445193,0.52119446,-3.3724213,8.904633

96559821821169,0.42121887,-3.7628021,8.699921

96559831861452,0.4259796,-4.4507294,8.776093

96559841840700,0.39979553,-4.9387054,8.530914

96559851880984,0.24031067,-5.088669,8.671356

96559861494021,0.09034729,-4.7530365,8.907013

96559872175173,0.21412659,-4.4055023,8.842743

96559882154421,0.3617096,-4.4578705,8.899872

96559892133669,0.47834778,-4.800644,9.126007

96559902173952,0.5092926,-5.0553436,9.052216

96559911573366,0.37361145,-4.8506317,8.661835

96559922193484,0.36647034,-5.2338715,8.69516

96559932203249,0.34266663,-4.988693,9.342621

96559942213015,0.41407776,-3.203415,9.492584

96559952222780,0.40455627,-2.2060394,9.085541

96559961622194,0.45454407,-2.6345062,9.514008

96559956861452,0.46966553,-3.8681335,9.055786

96559972272829,0.37599182,-3.222458,9.128387

96559982252077,0.29743958,-3.6747284,8.921295

96559992261843,0.26411438,-4.281723,8.668976

96560002302126,0.3950348,-4.986313,8.497589

96560011671023,0.49501038,-5.152939,8.397614

96560022321657,0.56166077,-4.910141,8.535675

96560032331423,0.43074036,-4.6006927,9.045074

96560042341189,0.3688507,-4.122238,9.230743

96560052350954,0.58070374,-3.9460907,9.433075

96560061719851,0.4259796,-3.7128143,9.5520935

96560072370485,0.66163635,-3.781845,9.230743

96560082380251,0.1879425,-3.1938934,9.547333

96560092451052,0.23316956,-2.9820404,9.152191

96560102399782,0.30934143,-3.1867523,9.278351

96560111799196,0.4021759,-3.5200043,8.966522

96560122449831,0.3212433,-3.6699677,9.002228

96560132459597,0.33314514,-3.7247162,9.20932

96560142469362,0.40931702,-3.7628021,8.861786

96560152479128,0.50691223,-4.331711,9.106964

96560161848025,0.5688019,-4.486435,9.128387

96560157087282,0.40646362,-3.9625092,9.0447235

96560172498659,0.5402374,-4.2007904,9.366425

96560182508425,0.4759674,-3.248642,10.030548

96560192518191,0.7306671,-2.363144,10.059113

96560202527956,0.9306183,-2.389328,9.802032

96560211927370,0.73542786,-2.8796844,8.873688

96560222578005,0.31886292,-3.6414032,8.702301

96560232557253,0.011795044,-4.403122,8.380951

96560242567019,0.0236969,-5.636154,8.161957

96560252607302,0.08558655,-6.6906586,7.7620544

96560261976198,-0.16911316,-6.3812103,7.714447

96560272626833,-0.21910095,-5.8956146,7.9596252

96560282606081,-0.29527283,-5.602829,7.99057

96560292646364,-0.40238953,-5.7408905,7.6454163

96560302656130,-1.085556,-6.666855,7.931061

96560312055544,-0.14530945,-7.2809906,7.683502

96560322675661,0.1308136,-6.276474,8.088165

96560332654909,0.15699768,-4.955368,8.433319

96560342695193,0.0022735596,-4.415024,8.740387

96560352704958,0.033218384,-4.5411835,8.849884

96560362104372,0.13795471,-4.6506805,8.8784485

96560357343630,0.099868774,-4.8930054,8.552689

96560372755007,0.24269104,-4.3555145,9.0260315

96560382734255,0.26411438,-4.031784,9.028412

96560392744021,0.23078918,-4.0865326,8.997467

96560402784304,0.20222473,-4.3602753,8.909393

96560412183718,0.16175842,-4.588791,8.790375

96560422590212,0.16651917,-4.693527,8.626129

96560432661013,0.14033508,-4.974411,8.561859

96560442945437,0.15937805,-5.2648163,8.421417

96560452955202,0.033218384,-5.500473,8.18338

96560462232546,0.04273987,-5.6194916,8.214325

96560473005251,0.07606506,-5.550461,8.24527

96560482709841,0.06654358,-5.405258,8.302399

96560492902712,0.1641388,-5.2648163,8.364288

96560502851443,0.17366028,-5.091049,8.485687

96560512281374,0.36647034,-5.110092,9.156952

96560522901491,0.3950348,-4.4316864,9.509247

96560532911257,0.4188385,-2.8535004,8.940338

96560542921023,0.30220032,-2.665451,9.27359

96560552930788,0.25697327,-3.710434,9.3402405

96560562360720,0.21650696,-4.545944,8.768951

96560557599978,0.20401001,-4.6052094,8.757294

96560572980837,0.09034729,-4.9982147,8.671356

96560582990603,0.08558655,-5.121994,8.602325

96560592969851,0.054641724,-4.9053802,8.492828

96560603010134,0.15699768,-4.7601776,8.957001

96560612409548,0.2379303,-4.603073,8.776093

96560623029665,0.2545929,-4.77446,8.773712

96560633039431,0.15223694,-4.7458954,8.778473

96560643049196,0.06416321,-4.1746063,8.678497

96560653058962,0.12605286,-3.7342377,9.006989

96560662458376,0.12843323,-3.6794891,8.94986

96560673109011,0.15937805,-4.2602997,8.864166

96560683088259,0.15699768,-4.857773,8.790375

96560693098025,0.10462952,-5.050583,8.6285095

96560703199343,0.08796692,-4.8292084,8.764191

96560712507204,0.07130432,-4.338852,8.8237

96560723096804,0.15699768,-4.0746307,8.914154

96560733167605,0.1879425,-4.055588,8.957001

96560743146853,0.25935364,-4.13414,9.033173

96560753187136,0.2783966,-4.167465,9.033173

96560762556032,0.25697327,-4.1769867,8.816559

96560757795290,0.1535492,-4.4721527,8.815613

96560773267702,0.27601624,-4.3293304,8.683258

96560783185915,0.20222473,-4.550705,8.818939

96560793195681,0.21412659,-4.610214,8.611847

96560803205446,0.20698547,-4.9125214,8.740387

96560812635378,0.1879425,-4.903,8.738007

96560822950319,0.1712799,-4.5602264,8.897491

96560833021120,0.13557434,-4.172226,8.999847

96560843000368,0.15461731,-4.122238,8.95462

96560853040651,0.13795471,-4.4245453,8.842743

96560863080935,0.13319397,-4.800644,8.621368

96560873151735,0.061782837,-5.255295,8.4809265

96560883069948,0.018936157,-5.217209,8.514252

96560893049196,0.0070343018,-5.076767,8.497589

96560903089480,0.114151,-5.22435,8.407135

96560913129763,0.1879425,-5.3671722,8.300018

96560922590212,0.18556213,-5.48143,8.347626

96560933179812,0.26649475,-5.48143,8.773712

96560943098025,0.3283844,-4.781601,8.918915

96560953138308,0.40455627,-3.634262,8.871307

96560963178591,0.37123108,-3.3462372,9.202179

96560958417849,0.18829346,-4.71257,8.711105

96560972639040,0.37599182,-3.562851,9.304535

96560983137087,0.33790588,-3.9199066,9.042694

96560993177370,0.22364807,-4.4697723,9.028412

96561003187136,0.09034729,-4.58403,8.704681

96561013257937,0.16889954,-4.64592,8.921295

96561022687868,0.07606506,-4.365036,8.716583

96561033307985,0.14985657,-4.2531586,8.776093

96561043226198,0.16175842,-4.081772,8.673737

96561053235964,0.11653137,-3.8699188,8.987946

96561063276247,0.13557434,-3.5414276,8.904633

96561072736696,0.16175842,-3.5461884,9.085541

96561083326296,0.21888733,-3.755661,8.847504

96561093275026,0.30220032,-4.4245453,8.790375

96561103284792,0.2046051,-5.238632,8.614227

96561113233523,0.057022095,-5.569504,8.414276

96561122785525,-0.057235718,-5.652817,8.276215

96561133375124,-0.052474976,-5.6766205,8.492828

96561143293337,0.1474762,-5.4195404,8.657074

96561153303103,0.25935364,-5.4266815,8.307159

96561163282351,0.28315735,-5.8361053,8.278595

96561158521609,0.1680603,-4.5920105,8.741226

96561172803835,0.38075256,-6.0693817,8.69516

96561183423952,0.33790588,-5.198166,9.064117

96561193342165,0.25935364,-3.191513,9.045074

96561203351931,0.28315735,-2.4012299,9.4664

96561213392214,0.27363586,-2.3798065,9.318817

96561222852663,0.30696106,-2.2703094,9.2378845

96561233594851,0.2379303,-2.7797089,9.20932

96561243635134,0.21174622,-3.4914398,9.004608

96561253644900,0.24031067,-4.307907,9.106964

96561263715700,0.1308136,-5.0815277,8.69516

96561272932009,0.02607727,-5.6575775,8.433319

96561283643679,-0.033432007,-5.9717865,8.278595

96561293683962,-0.10960388,-5.8432465,8.252411

96561303693728,-0.045333862,-5.371933,8.402374

96561313764528,0.11891174,-5.193405,8.4999695

96561322950319,0.2379303,-5.314804,8.457123

96561333784060,0.38075256,-5.236252,8.807037

96561343732790,0.31410217,-4.288864,9.347382

96561353742556,0.25697327,-2.972519,9.004608

96561363752321,0.21650696,-3.255783,9.292633

96561358991579,0.20127869,-4.313858,8.880951

96561372999148,0.27363586,-4.2007904,9.095062

96561383771853,0.33076477,-4.686386,8.968903

96561393781618,0.2879181,-4.903,8.704681

96561403760866,0.28553772,-4.562607,8.683258

96561413770632,0.1474762,-4.481674,8.680878

96561423047976,0.09272766,-4.3555145,8.814178

96561433790163,0.14033508,-4.217453,8.947479

96561443616823,0.17604065,-4.043686,8.557098

96561453962282,0.13557434,-4.126999,9.140289

96561463972048,0.080825806,-3.9437103,8.75943

96561473218874,0.054641724,-3.9437103,8.837982

96561483991579,0.1474762,-4.1698456,8.854645

96561494001345,0.25697327,-4.481674,8.828461

96561504011110,0.28553772,-4.7387543,8.907013

96561514142946,0.3117218,-4.6697235,8.809418

96561523267702,0.22602844,-4.71019,8.749908

96561533887819,0.099868774,-4.7649384,8.783234

96561543897585,0.11653137,-4.7863617,8.680878

96561553876833,0.10700989,-4.762558,8.571381

96561563917116,0.1474762,-5.1648407,8.397614

96561559156374,0.18521118,-4.485718,8.7885895

96561573316530,0.07606506,-5.598068,8.397614

96561583936648,0.18080139,-5.762314,8.473785

96561593915896,0.39741516,-5.9003754,8.597565

96561603956179,0.5188141,-5.2671967,9.290253

96561613965944,0.37123108,-3.9008636,8.818939

96561623365359,0.13557434,-3.2319794,9.2117

96561633771853,0.121292114,-3.370041,9.171234

96561643751101,0.114151,-3.710434,8.902252

96561653760866,0.07606506,-4.217453,8.766571

96561663770632,0.035598755,-4.5530853,8.423798

96561673383669,-0.06199646,-4.9458466,8.040558

96561683790163,0.0070343018,-5.314804,8.449982

96561693799929,0.07368469,-5.1434174,8.614227

96561703779177,0.054641724,-4.6578217,8.421417

96561713819460,0.028457642,-4.6959076,8.4999695

96561723432497,0.15223694,-4.626877,8.776093

96561733838991,0.345047,-4.255539,9.411652

96561743818239,0.5402374,-3.87706,9.252167

96561753828005,0.39265442,-3.8294525,8.8237

96561763898806,0.38075256,-4.4007416,9.14267

96561759138064,0.19699097,-4.562958,8.774307

96561773481325,0.24745178,-4.622116,8.44046

96561783979372,0.22364807,-4.9339447,8.845123

96561793928103,0.23078918,-4.8696747,8.7118225

96561803937868,0.17366028,-4.5340424,8.783234

96561813978151,0.11653137,-4.2150726,9.066498

96561823530153,0.09272766,-4.422165,8.657074

96561834028200,0.037979126,-4.6959076,8.721344

96561844190554,-0.031051636,-4.626877,8.4999695

96561854200319,0.018936157,-5.0291595,8.576141

96561864179568,0.24507141,-5.667099,8.649933

96561873578982,0.39027405,-6.045578,8.718964

96561884199099,0.23078918,-4.660202,8.82608

96561894178347,0.09510803,-3.2534027,8.937958

96561904188112,0.17842102,-3.0986786,9.333099

96561914197878,0.34742737,-3.082016,9.285492

96561923688845,0.46168518,-3.3343353,9.030792

96561934308962,0.43788147,-3.6580658,9.166473

96561944227175,0.30220032,-3.8532562,8.968903

96561954236941,0.19984436,-3.929428,8.421417

96561964246706,0.16175842,-4.800644,8.552338

96561959485964,0.20805359,-4.366577,8.809662

96561973646120,0.10939026,-5.614731,8.547577

96561984266237,0.06654358,-5.5599823,8.559479

96561994306521,-1.0681152E-4,-5.026779,8.640411

96562004285769,-0.07865906,-4.486435,8.728485

96562014326052,-0.071517944,-4.3293304,8.554718

96562023694948,-0.04295349,-4.7792206,8.604706

96562034376101,0.09510803,-5.300522,8.764191

96562044080691,0.14985657,-5.1767426,8.668976

96562054090456,0.22840881,-5.038681,8.659454

96562064130739,0.4854889,-5.3481293,8.902252

96562073743776,0.52119446,-4.569748,9.087921

96562084150271,0.3950348,-3.4438324,8.833221

96562094129519,0.31648254,-3.7151947,9.254547

96562104139284,0.38789368,-4.2007904,9.130768

96562114149050,0.2950592,-4.13414,9.056976

96562123762087,0.2712555,-4.172226,9.175995

96562134199099,0.2379303,-3.8151703,8.811798

96562144178347,0.1712799,-3.627121,8.88797

96562154188112,0.08796692,-3.8437347,9.028412

96562164167360,0.04512024,-4.2126923,8.690399

96562159406618,0.18353271,-4.51976,8.829407

96562173810915,0.06892395,-4.7411346,8.535675

96562184247927,0.06654358,-4.731613,8.342865

96562194227175,0.0236969,-4.83873,8.673737

96562204236941,0.07130432,-5.2219696,8.402374

96562214246706,0.16889954,-5.193405,8.569

96562223859743,0.29743958,-4.974411,8.654694

96562234266237,0.30934143,-4.755417,8.640411

96562244245485,0.39979553,-4.872055,8.828461

96562254285769,0.24269104,-4.724472,8.785614

96562264265017,0.35694885,-4.9458466,9.304535

96562273908571,0.35694885,-4.653061,8.369049

96562284315066,0.35694885,-5.000595,8.987946

96562294294314,0.24269104,-4.7411346,8.685638

96562304334597,0.09510803,-3.8484955,8.709442

96562314313845,0.07606506,-3.0415497,9.354523

96562323957400,0.04512024,-2.7059174,9.216461

96562334333376,0.26887512,-3.3081512,9.14505

96562344343142,0.31410217,-4.410263,8.990326

96562354383425,0.19032288,-4.8696747,8.790375

96562364576296,0.033218384,-4.7149506,8.657074

96562359815554,0.19924927,-4.5146484,8.782166

96562373975710,-0.047714233,-4.9268036,8.428558

96562384809450,0.037979126,-5.4314423,8.233368

96562394605593,0.06416321,-5.705185,8.254791

96562404615359,0.15223694,-5.519516,8.4999695

96562414625124,0.22602844,-5.2457733,8.721344

96562424024538,0.43312073,-4.83873,9.087921

96562434431032,0.3855133,-3.5366669,8.992706

96562444684939,0.3045807,-3.2462616,9.175995

96562454633669,0.22364807,-3.9817963,9.292633

96562464673952,0.28315735,-4.4459686,9.0903015

96562474744753,0.25697327,-4.6506805,9.171234

96562484724001,0.22840881,-4.422165,9.285492

96562494703249,0.10462952,-3.6699677,8.319061

96562504896120,0.19746399,-3.5937958,9.087921

96562514722780,0.21174622,-3.6961517,8.959381

96562524793581,0.27363586,-3.967514,8.771332

96562534070925,0.21174622,-4.395981,8.585663

96562544813112,0.04273987,-4.941086,8.2690735

96562554731325,-0.14768982,-5.3957367,8.421417

96562564741091,-0.05961609,-5.629013,8.347626

96562559980349,0.16914368,-4.5620117,8.749786

96562574781374,-0.012008667,-5.8123016,8.228607

96562584028200,0.07606506,-5.583786,8.56662

96562594800905,0.18080139,-5.338608,8.726105

96562604780153,0.3355255,-5.107712,8.935577

96562614820437,0.32362366,-4.6840057,8.776093

96562624189333,0.2545929,-4.3293304,8.904633

96562634077028,0.1474762,-4.0079803,9.066498

96562644910769,0.22364807,-3.350998,9.195038

96562654828982,0.16651917,-2.2703094,9.287872

96562664838747,0.26411438,-2.0965424,9.53067

96562674817995,0.38313293,-3.403366,9.023651

96562684125857,0.3688507,-4.153183,9.08078

96562694959597,0.26649475,-4.3293304,8.923676

96562704877810,0.19984436,-5.340988,8.464264

96562714612917,0.16175842,-6.540695,8.040558

96562724622683,-0.009628296,-6.431198,8.161957

96562734144167,-0.045333862,-5.421921,8.3333435

96562744764284,0.0022735596,-5.1767426,8.485687

96562754713015,0.19984436,-5.360031,8.399994

96562764692263,0.47358704,-5.8004,9.033173

96562759931521,0.19805908,-4.7269745,8.75824

96562774671511,0.44978333,-4.8672943,9.195038

96562784192995,0.09034729,-3.396225,8.754669

96562794721560,-0.04295349,-3.2819672,9.354523

96562804731325,0.061782837,-3.5985565,9.104584

96562814741091,0.099868774,-3.9508514,8.6285095

96562824781374,-0.03819275,-4.4126434,8.452362

96562834241823,-0.012008667,-4.9268036,8.059601

96562844770388,0.033218384,-5.4838104,8.088165

96562854780153,0.29029846,-5.390976,8.597565

96562864789919,0.15223694,-4.5292816,8.395233

96562874799685,0.059402466,-4.603073,8.559479

96562884290651,0.18080139,-4.6197357,8.816559

96562894819216,0.3355255,-4.0746307,9.323578

96562904828982,0.48786926,-3.7675629,9.306915

96562914838747,0.39741516,-3.9889374,8.776093

96562924848513,0.19746399,-4.7720795,8.690399

96562934339480,0.18080139,-5.488571,8.699921

96562945264773,0.14509583,-5.1243744,8.690399

96562955152468,0.20698547,-4.417404,9.021271

96562965101198,0.11653137,-4.0984344,8.802277

96562960340456,0.1696167,-4.4396667,8.765854

96562975110964,-0.007247925,-4.610214,8.709442

96562984388308,-0.08580017,-4.781601,8.645172

96562995130495,-0.03819275,-4.96727,8.204803

96563005140261,0.02607727,-5.602829,8.254791

96563015150026,0.27363586,-6.2598114,8.449982

96563025159792,0.40693665,-6.290756,8.814178

96563034437136,0.32362366,-4.0936737,8.804657

96563045179323,0.12605286,-3.1082,9.059357

96563055189089,0.261734,-3.634262,9.385468

96563065198855,0.3617096,-3.781845,9.045074

96563075208620,0.33076477,-3.653305,9.111725

96563084608034,0.21174622,-3.4890594,9.223602

96563095228151,0.3617096,-3.7009125,9.459259

96563105237917,0.28077698,-3.5390472,8.419037

96563115217165,0.19270325,-4.203171,8.902252

96563125226931,0.1474762,-4.8482513,8.595184

96563134656862,0.20936584,-5.2671967,8.495209

96563145338015,0.23078918,-5.1696014,8.642792

96563155256228,0.10700989,-4.8482513,8.792755

96563165265993,-0.054855347,-4.417404,8.776093

96563160505251,0.18330383,-4.513336,8.7895355

96563175275759,-0.10484314,-4.2841034,8.668976

96563184675173,-0.116744995,-4.498337,8.614227

96563195295290,-0.033432007,-5.0482025,8.466644

96563205305056,0.0070343018,-5.462387,8.316681

96563215314821,0.052261353,-5.962265,8.011993

96563225324587,0.15223694,-6.481186,8.000092

96563234693484,0.37123108,-6.521652,8.733246

96563245344118,0.46168518,-5.102951,8.95224

96563255323366,0.345047,-3.8627777,8.330963

96563265333132,0.1879425,-4.031784,9.166473

96563275342898,0.21650696,-4.422165,9.01889

96563284742312,0.2879181,-4.081772,8.983185

96563295392946,0.31648254,-3.4485931,9.421173

96563305372194,0.25697327,-3.2843475,9.085541

96563315381960,0.21174622,-4.3412323,8.914154

96563325391726,0.18080139,-5.1243744,8.8594055

96563334791140,0.14033508,-4.538803,8.690399

96563345411257,0.19270325,-4.795883,8.597565

96563355421023,0.10700989,-4.7577972,8.680878

96563365430788,-0.0667572,-4.160324,8.69278

96563360670046,0.15830994,-4.710541,8.710281

96563375410036,-0.19291687,-3.8437347,8.514252

96563384839968,-0.1572113,-4.672104,8.516632

96563395460085,0.11891174,-4.8434906,8.6285095

96563405439333,0.11177063,-5.1457977,8.350006

96563415449099,0.15937805,-5.2981415,8.488068

96563425214724,0.07606506,-4.5673676,8.497589

96563434858278,0.3117218,-4.557846,9.004608

96563445356325,0.48310852,-4.5221405,9.028412

96563455305056,0.51405334,-4.0056,8.937958

96563465314821,0.39741516,-3.8722992,9.033173

96563475324587,0.27601624,-4.2531586,8.961761

96563484876589,0.24031067,-4.6625824,8.864166

96563495374636,0.24745178,-4.58165,8.880829

96563505353884,0.1879425,-4.762558,8.659454

96563515333132,0.06892395,-4.833969,8.580902

96563525312380,0.018936157,-4.8292084,8.721344

96563534955935,0.052261353,-4.943466,8.530914

96563545362429,0.011795044,-5.148178,8.492828

96563555341677,0.014175415,-5.1505585,8.316681

96563565351443,0.08320618,-5.295761,8.383331

96563560590700,0.15116882,-4.6894836,8.669571

96563575361208,0.3950348,-5.8741913,8.864166

96563584974245,0.4521637,-4.814926,8.902252

96563595380739,0.18318176,-3.6175995,8.69516

96563605390505,0.20222473,-3.8032684,9.268829

96563615400271,0.345047,-4.1127167,9.08316

96563625410036,0.33076477,-4.165085,9.235504

96563635053591,0.2046051,-4.0984344,9.152191

96563645704226,0.0236969,-4.0460663,9.183136

96563655683474,0.26411438,-4.210312,9.297394

96563665662722,0.23316956,-4.13414,8.014374

96563675672487,0.28315735,-4.6887665,8.909393

96563685071901,0.114151,-4.924423,8.604706

96563695692019,-0.023910522,-4.7792206,8.197662

96563705701784,-0.0024871826,-5.0815277,8.549957

96563715711550,-0.03819275,-5.1005707,8.190521

96563725690798,0.15937805,-5.281479,8.602325

96563735120730,0.22364807,-4.6744843,8.766571

96563745740847,0.22602844,-4.274582,8.790375

96563755567507,0.09034729,-4.231735,8.709442

96563765729860,0.121292114,-4.395981,9.259308

96563760969118,0.18937683,-4.5154724,8.8138275

96563775739626,0.13319397,-4.3483734,8.95224

96563785169558,0.31886292,-4.179367,9.178375

96563795789675,0.33076477,-4.384079,8.714203

96563805799441,0.2950592,-4.9125214,8.702301

96563815809206,0.261734,-4.9149017,8.592804

96563825788454,0.24983215,-4.7387543,8.569

96563835218386,0.23554993,-4.7792206,8.716583

96563845838503,0.22602844,-4.5554657,8.842743

96563855848269,0.22840881,-4.269821,9.035553

96563865827517,0.14985657,-4.107956,9.114105

96563875867800,0.15223694,-4.0603485,8.995087

96563885267214,0.08796692,-4.3031464,8.933197

96563895887331,0.09034729,-4.493576,9.002228

96563905866579,0.31886292,-4.96727,9.126007

96563915906862,0.27363586,-4.4650116,8.335724

96563925886110,0.18318176,-4.77446,8.873688

96563935316042,0.14509583,-4.7030487,8.4809265

96563946058230,0.099868774,-4.165085,8.707062

96563955945925,0.14033508,-4.000839,8.995087

96563965925173,0.1879425,-3.608078,8.457123

96563961164431,0.20544434,-4.436569,8.816208

96563975934939,0.12843323,-3.5985565,8.842743

96563985334353,0.26411438,-3.8246918,8.914154

96563996137575,0.25221252,-4.2222137,8.89035

96564005964235,0.2950592,-4.77446,8.897491

96564015943484,0.17842102,-5.019638,8.835602

96564025983767,0.14033508,-4.988693,8.792755

96564035383181,-0.014389038,-4.8553925,8.718964

96564045881228,-0.026290894,-4.9458466,8.469025

96564056013064,-0.0024871826,-5.1957855,8.414276

96564066022829,0.07606506,-5.4076385,8.445221

96564076032595,0.10939026,-5.493332,8.654694

96564086103396,0.21412659,-5.2981415,8.840363

96564096143679,0.261734,-4.898239,8.842743

96564106031374,0.20222473,-4.5483246,9.023651

96564116041140,0.23316956,-4.2579193,9.14505

96564126050905,0.261734,-4.084152,8.714203

96564136091189,0.10700989,-4.229355,8.535675

96564145368532,0.052261353,-4.307907,8.833221

96564156171755,-0.0048675537,-4.243637,8.211945

96564166059450,0.02607727,-4.6316376,8.392853

96564161298708,0.13771057,-4.641281,8.720749

96564176099734,0.11653137,-5.038681,8.37619

96564186109499,0.19270325,-5.1172333,8.640411

96564195386843,0.078445435,-4.64592,8.497589

96564206190066,-0.052474976,-4.4911957,8.547577

96564216138796,-0.07865906,-4.5102386,8.933197

96564226148562,0.20698547,-4.2650604,9.411652

96564235547976,0.29981995,-4.096054,9.221222

96564245435671,0.16651917,-3.8175507,8.880829

96564256238894,0.15937805,-4.0912933,9.133148

96564266157107,0.2212677,-4.2722015,8.830841

96564276197390,0.30220032,-4.6006927,8.828461

96564285566286,0.24983215,-4.924423,8.666595

96564295453982,0.13795471,-5.0601044,8.542816

96564306287722,0.17366028,-5.0934296,8.783234

96564316205935,0.17604065,-4.762558,8.652313

96564326215700,0.033218384,-4.4126434,8.657074

96564336164431,-0.15483093,-4.6244965,8.454742

96564345502810,-0.14768982,-5.4266815,8.338104

96564356336550,-0.045333862,-6.226486,8.150055

96564366315798,0.014175415,-5.7670746,8.135773

96564361555056,0.102493286,-4.762207,8.684097

96564376234011,0.0974884,-5.379074,8.457123

96564386304812,0.58784485,-5.7742157,9.437836

96564395551638,0.44502258,-3.453354,9.128387

96564406293825,0.32362366,-1.8942108,9.4664

96564416303591,0.15937805,-3.184372,9.297394

96564426374392,0.30696106,-3.8484955,8.978424

96564436170534,0.2950592,-4.0413055,9.123627

96564445600466,0.11653137,-4.312668,8.82132

96564456373171,0.0974884,-4.2222137,8.830841

96564466352419,0.1474762,-4.205551,8.735626

96564476362185,0.3521881,-4.7792206,8.828461

96564486432985,0.36408997,-5.2648163,8.683258

96564495618776,0.3045807,-4.3483734,8.892731

96564506360964,0.15461731,-4.448349,8.845123

96564516370730,0.06654358,-4.8625336,8.569

96564526380495,0.040359497,-4.5602264,8.82608

96564536390261,0.07368469,-4.4316864,8.649933

96564545667605,0.13795471,-4.891098,8.614227

96564556409792,0.16651917,-5.0934296,8.659454

96564566419558,0.13557434,-5.1172333,8.533295

96564561658816,0.21864319,-4.4056244,8.868927

96564576429323,0.2046051,-5.0220184,8.764191

96564586439089,0.18556213,-4.7911224,8.618988

96564595716433,0.2783966,-4.595932,8.7951355

96564606458620,0.2379303,-4.4126434,8.69278

96564616468386,0.24983215,-4.077011,8.923676

96564626478151,0.2950592,-3.9746552,9.006989

96564636487917,0.34742737,-3.896103,8.961761

96564645765261,0.078445435,-3.9984589,8.88797

96564656507448,0.0974884,-4.288864,9.118866

96564666517214,0.13795471,-4.1317596,8.818939

96564676496462,0.24983215,-4.3888397,8.7951355

96564686506228,0.14509583,-4.6006927,8.657074

96564695905642,0.14509583,-4.641159,8.718964

96564706556276,0.11653137,-4.4578705,8.75943

96564716535525,0.102249146,-4.1508026,8.857025

96564726545290,0.19984436,-4.3864594,8.776093

96564736555056,0.14509583,-4.729233,8.69516

96564745954470,0.09034729,-4.7577972,8.840363

96564756360964,0.04512024,-4.7482758,8.768951

96564766553835,0.04512024,-4.853012,8.635651

96564761793093,0.16984558,-4.4451294,8.804657

96564776563601,0.07130432,-5.2267303,8.604706

96564786573366,0.19746399,-5.4719086,8.552338

96564795972780,0.2783966,-5.2529144,8.714203

96564806592898,0.23316956,-4.467392,8.866547

96564816602663,0.1474762,-4.334091,8.911774

96564826612429,0.14509583,-4.0484467,9.290253

96564836591677,0.33314514,-3.358139,9.185516

96564846021609,0.23078918,-2.8820648,9.278351

96564856641726,0.31648254,-2.5892792,9.235504

96564866620974,0.15223694,-3.7604218,8.835602

96564876630739,0.24269104,-4.4911957,8.926056

96564886640505,0.13319397,-4.793503,8.426178

96564896039919,0.1712799,-5.7456512,8.338104

96564906660036,0.18318176,-6.1645966,8.4809265

96564916669802,0.2545929,-5.069626,8.666595

96564926679568,0.16651917,-4.634018,8.723724

96564936689333,0.15223694,-4.3293304,9.056976

96564946088747,0.07606506,-3.9175262,9.033173

96564956708864,0.114151,-3.6890106,9.192657

96564966718630,0.20936584,-4.1484222,8.909393

96564961957888,0.19044495,-4.4187164,8.861435

96564976789431,0.21174622,-4.186508,8.88797

96564986707644,0.15461731,-4.4531097,8.649933

96564996137575,0.21174622,-4.4650116,8.7308655

96565006757693,0.21650696,-4.3031464,8.82132

96565016736941,0.19270325,-4.077011,8.873688

96565026746706,0.23078918,-4.550705,8.714203

96565036756472,0.2212677,-4.9196625,8.688019

96565046186403,0.21888733,-4.8101654,8.807037

96565056776003,0.2545929,-4.5721283,8.82132

96565066785769,0.2712555,-4.3626556,8.780853

96565076795534,0.23078918,-4.3412323,8.899872

96565086805300,0.16175842,-4.4078827,9.023651

96565096204714,0.11177063,-4.203171,9.021271

96565106824831,0.09272766,-4.334091,8.8784485

96565116834597,0.12843323,-4.4197845,8.828461

96565126844362,0.15937805,-4.5149994,8.897491

96565136854128,0.32362366,-4.5554657,8.995087

96565146253542,0.3355255,-4.903,8.602325

96565156873659,0.38075256,-4.250778,9.121246

96565166852907,0.16175842,-4.2460175,8.928436

96565162092165,0.2135315,-4.4438324,8.848572

96565176893191,0.18080139,-3.9889374,8.8594055

96565186872439,0.22364807,-3.8080292,8.835602

96565196271853,0.1474762,-4.1127167,8.883209

96565206922487,0.14985657,-4.3555145,9.006989

96565216901735,0.17604065,-4.050827,8.895111

96565226911501,0.15461731,-3.9080048,8.771332

96565236921267,0.061782837,-4.0032196,8.9427185

96565246320681,0.17604065,-3.9746552,9.040314

96565256940798,0.18080139,-3.979416,8.799896

96565266950564,0.09272766,-4.4959564,8.63327

96565276960329,0.02607727,-5.1243744,8.56662

96565286939577,-0.009628296,-5.3433685,8.471405

96565296369509,-0.021530151,-5.22435,8.526154

96565306989626,-0.10484314,-5.007736,8.495209

96565316999392,-0.050094604,-4.729233,8.6285095

96565326978640,0.12605286,-5.274338,8.519012

96565336988405,0.32600403,-5.8194427,8.752289

96565346418337,0.261734,-4.879196,8.840363

96565357038454,0.102249146,-4.1293793,8.88559

96565367017702,0.1474762,-4.891098,8.557098

96565362256960,0.117370605,-4.5549927,8.745499

96565376996950,0.22602844,-5.171982,8.8237

96565387037234,0.10700989,-4.1293793,8.864166

96565396436648,0.08558655,-4.1627045,8.935577

96565407056765,0.08320618,-4.0936737,8.733246

96565417066530,0.11177063,-4.081772,8.807037

96565427076296,0.11653137,-4.4007416,8.814178

96565437055544,0.12843323,-3.858017,9.023651

96565446454958,0.18318176,-3.8532562,9.033173

96565457105593,0.2712555,-5.069626,8.588043

96565467084841,0.31410217,-4.607834,9.056976

96565477094607,0.102249146,-3.9984589,9.030792

96565487104372,0.09034729,-4.545944,8.590424

96565496503786,0.14509583,-5.3695526,8.559479

96565507123903,0.014175415,-5.2267303,8.473785

96565517133669,-0.01914978,-5.102951,8.514252

96565527143435,0.057022095,-4.917282,8.50473

96565537153200,0.18080139,-4.603073,8.402374

96565546522097,0.18556213,-4.686386,8.714203

96565557111696,0.19508362,-3.8223114,9.0903015

96565567151980,0.19746399,-2.7797089,9.268829

96565562391237,0.13879395,-4.4240723,8.791443

96565577161745,0.2046051,-3.6056976,9.306915

96565587232546,0.23078918,-4.2769623,9.040314

96565596570925,0.37123108,-4.4435883,9.223602

96565607282595,0.34028625,-4.6625824,9.316437

96565617200808,-0.57377625,-3.9365692,9.599701

96565627180056,1.4471588,-4.6125946,8.747528

96565637189821,0.04273987,-3.4962006,9.554474

96565646619753,-0.07865906,-4.229355,9.264069

96565656995730,0.58784485,-5.072006,8.852264

96565667219118,1.2948151,-5.7932587,9.049835

96565677198366,0.61164856,-4.8292084,8.818939

96565687238650,0.44026184,-4.8220673,8.868927

96565697248415,0.2950592,-4.879196,9.068878

96565707441286,0.32362366,-5.1434174,9.199799

96565717267946,0.34028625,-5.364792,8.971283

96565727277712,0.08320618,-4.9839325,8.837982

96565737256960,-0.045333862,-4.9577484,8.749908

96565747297243,-0.20005798,-4.860153,8.530914

96565756544069,-0.23576355,-4.77684,8.635651

96565767377671,-0.16197205,-4.955368,8.95462

96565762616929,0.26589966,-4.685074,9.029602

96565777295884,-0.16673279,-5.0291595,8.980804

96565787305649,-0.21434021,-5.205307,8.640411

96565796705063,-0.26194763,-5.3481293,8.385712

96565806592759,-0.36906433,-5.436203,7.8644104

96565817395981,-0.54045105,-5.4123993,7.1526794

96565827314194,-0.79515076,-5.614731,6.7170715

96565837323960,-0.8427582,-6.1384125,6.809906

96565846723374,-0.82133484,-6.5811615,7.0812683

96565856611069,-0.7689667,-6.609726,6.83609

96565867414292,-0.6594696,-6.493088,6.624237

96565877363022,-0.51426697,-6.4288177,6.6147156

96565887372788,-0.5618744,-6.1003265,6.8527527

96565897291001,-0.6118622,-5.7742157,7.040802

96565906629380,-0.64042664,-5.7218475,7.4026184

96565917463120,-0.6451874,-6.1003265,7.5716248

96565927381333,-0.6666107,-6.4978485,7.3978577

96565937391098,-0.578537,-6.8263397,7.343109

96565947339829,-0.5261688,-6.6454315,7.419281

96565956678208,-0.4618988,-6.1241302,7.3193054

96565967481430,-0.28575134,-6.007492,7.5240173

96565962720688,-0.5466461,-6.0047607,7.378937

96565977430161,-0.3309784,-5.852768,7.721588

96565987409409,-0.44999695,-5.783737,7.6668396

96565997449692,-0.47380066,-5.8551483,7.8977356

96566006696518,-0.4880829,-5.640915,7.931061

96566017225083,-0.51664734,-5.4576263,8.016754

96566027234848,-0.5095062,-5.4838104,8.100067

96566037244614,-0.5928192,-5.6313934,8.033417

96566047284897,-0.5761566,-5.8099213,7.6549377

96566056745346,-0.69755554,-6.128891,7.7572937

96566067334946,-0.7356415,-6.1312714,8.1024475

96566077283677,-0.7237396,-5.9979706,8.226227

96566087293442,-0.6451874,-6.1907806,8.414276

96566097303208,-0.49760437,-6.1003265,8.264313

96566106794175,-0.41667175,-5.550461,8.042938

96566117292221,-0.45713806,-5.3552704,7.7810974

96566127301987,-0.54997253,-5.5790253,8.000092

96566137342270,-0.5928192,-5.652817,8.221466

96566147321518,-0.50712585,-5.3243256,8.478546

96566156812485,-0.14530945,-4.8506317,8.764191

96566167341050,0.3688507,-4.595932,9.01889

96566162580307,-0.4768982,-5.648651,8.104706

96566177350815,0.77827454,-4.729233,8.940338

96566187360581,0.5283356,-4.9910736,8.623749

96566197461899,0.31648254,-5.6575775,8.511871

96566206861313,0.17842102,-5.92894,8.535675

96566217450913,0.13795471,-5.474289,8.673737

96566227399643,0.3521881,-4.898239,8.990326

96566237409409,0.44740295,-4.462631,8.897491

96566247693833,0.47120667,-4.3436127,8.749908

96566257001694,0.38313293,-4.319809,8.704681

96566267652329,0.28315735,-4.4126434,8.745148

96566277662095,0.1641388,-4.6506805,8.621368

96566287671860,0.09272766,-4.929184,8.607086

96566297681626,0.057022095,-5.2410126,8.514252

96566307081040,0.016555786,-5.3671722,8.300018

96566317701157,-0.03819275,-5.505234,8.181

96566327710923,-0.045333862,-5.48143,8.071503

96566337690171,-0.021530151,-5.0482025,8.157196

96566347730454,0.061782837,-4.9839325,8.588043

96566357129868,0.18318176,-4.9982147,8.683258

96566367749985,0.4688263,-5.8242035,8.314301

96566362989243,0.24078369,-5.0623627,8.570541

96566377729233,0.47358704,-6.8120575,8.571381

96566387738999,0.4593048,-5.8575287,9.314056

96566397748764,0.26887512,-3.5366669,9.068878

96566407148179,0.71162415,-2.3583832,8.045319

96566417585190,0.40693665,-2.889206,9.604462

96566427778061,0.5259552,-3.3724213,9.533051

96566437574204,0.48310852,-3.6675873,9.152191

96566447583970,0.2783966,-3.8937225,8.959381

96566457166489,0.07368469,-3.6818695,8.590424

96566467817124,-0.10722351,-4.0103607,8.50473

96566477796372,0.037979126,-4.917282,8.561859

96566487806137,0.15461731,-5.4385834,8.283356

96566497815903,0.18556213,-5.8123016,7.895355

96566507215317,0.06654358,-6.212204,7.919159

96566517835434,-0.15483093,-6.3193207,8.1214905

96566527845200,-0.17149353,-6.019394,8.300018

96566537854966,0.009414673,-5.519516,8.154816

96566547834214,0.16175842,-5.4600067,8.380951

96566557233628,0.29743958,-5.5361786,8.340485

96566567884262,0.5521393,-6.019394,8.664215

96566563123520,0.235672,-4.866699,8.598282

96566577863511,0.48310852,-5.3100433,9.33548

96566587873276,0.39979553,-3.165329,8.6285095

96566597883042,0.3855133,-2.8296967,9.052216

96566607282456,0.43312073,-3.755661,9.342621

96566617902573,0.39027405,-4.410263,8.871307

96566627881821,0.080825806,-4.6363983,8.864166

96566637891587,-0.04295349,-4.698288,8.497589

96566647901352,-0.1334076,-4.7601776,8.492828

96566657300766,0.014175415,-4.6506805,8.830841

96566667920884,0.2046051,-4.736374,8.664215

96566677900132,0.27601624,-5.133896,8.476166

96566687940415,0.18318176,-5.2719574,8.528534

96566697919663,0.0974884,-4.8863373,8.6285095

96566707349595,0.02607727,-4.312668,8.733246

96566717939194,0.14985657,-4.043686,8.7951355

96566727948960,0.33790588,-3.9341888,8.778473

96566737958725,0.3617096,-3.858017,8.947479

96566747968491,0.39027405,-4.012741,9.059357

96566757367905,0.4021759,-4.3364716,8.623749

96566767988022,0.35932922,-5.0743866,8.390472

96566763227280,0.23995972,-4.390869,8.777039

96566777967270,0.21888733,-5.878952,8.364288

96566787977036,0.021316528,-6.012253,8.37619

96566797986802,-0.114364624,-5.4980927,8.495209

96566807477768,-0.054855347,-5.1196136,8.5642395

96566818036850,0.10939026,-5.3124237,8.321442

96566828016098,0.13795471,-5.602829,8.202423

96566838025864,0.14985657,-5.7742157,8.316681

96566848035630,0.33076477,-6.0217743,9.140289

96566857465561,0.2712555,-4.2531586,9.27121

96566868055161,0.14271545,-2.2393646,8.680878

96566878064927,0.26887512,-2.4845428,9.39975

96566888074692,0.4521637,-3.5961761,9.152191

96566898053940,0.44740295,-4.236496,8.738007

96566907483872,0.3521881,-4.5602264,8.597565

96566918103989,0.23554993,-5.043442,8.266693

96566928083237,0.15223694,-5.883713,8.138153

96566938093003,0.0236969,-6.4478607,7.8834534

96566948072251,-0.08580017,-6.4192963,7.881073

96566957502182,-0.06437683,-6.064621,8.181

96566968122300,0.14509583,-5.7408905,8.478546

96566963361557,0.15699768,-5.109497,8.522461

96566978132065,0.2879181,-5.250534,9.064117

96566988111313,0.34742737,-4.0936737,9.116486

96566998121079,0.25935364,-3.2914886,9.0260315

96567007520493,0.3045807,-3.4700165,9.135529

96567018140610,0.3117218,-4.2650604,8.790375

96567028150376,0.28077698,-5.007736,8.668976

96567038160141,0.19508362,-5.4600067,8.571381

96567048169907,0.114151,-5.276718,8.404755

96567057569321,0.15223694,-4.7673187,8.676117

96567068189438,0.24983215,-4.06987,8.473785

96567078168686,0.35694885,-4.115097,8.426178

96567088178452,0.4521637,-4.653061,8.657074

96567098188218,0.43788147,-4.6840057,8.471405

96567107618149,0.34266663,-4.693527,8.707062

96567118360337,0.21412659,-4.743515,8.673737

96567128217514,0.1474762,-4.9125214,8.63327

96567138227280,0.09272766,-4.569748,8.557098

96567148237046,0.20222473,-4.800644,8.652313

96567157636460,0.14271545,-5.450485,8.4166565

96567168439682,0.09272766,-5.486191,8.340485

96567163678940,0.24923706,-4.653061,8.6731415

96567178266343,-0.0048675537,-5.4123993,8.304779

96567188276108,-0.021530151,-5.629013,8.214325

96567198255356,0.102249146,-5.9670258,8.292877

96567207685288,0.261734,-6.0693817,8.11673

96567218183335,0.26649475,-5.7480316,8.2690735

96567228315171,0.40693665,-5.576645,9.33786

96567238294419,0.40455627,-3.627121,9.364044

96567248334702,0.3617096,-2.1941376,8.816559

96567257734116,0.4116974,-3.062973,9.40213

96567268293198,0.35694885,-4.3245697,8.864166

96567278333481,0.14509583,-4.9458466,8.745148

96567288312729,0.099868774,-5.091049,8.476166

96567298353012,0.080825806,-5.114853,8.114349

96567307782944,0.14271545,-5.4528656,8.378571

96567317640122,0.06654358,-5.4123993,8.195282

96567328382309,0.02607727,-5.2457733,8.457123

96567338361557,0.052261353,-4.929184,8.521393

96567348401841,0.14509583,-4.45549,8.545197

96567358411606,0.15699768,-4.281723,8.740387

96567367688950,0.27601624,-4.576889,8.590424

96567362928208,0.18687439,-4.8558655,8.587326

96567378400620,0.26411438,-4.7649384,8.773712

96567388440903,0.21174622,-4.545944,9.0260315

96567398450669,0.20936584,-4.531662,8.983185

96567407819565,0.21174622,-4.493576,8.521393

96567417768296,0.26887512,-5.262436,8.75705

96567428541001,0.27601624,-5.3957367,8.783234

96567438367661,0.23316956,-4.595932,8.807037

96567448499497,0.24983215,-4.210312,8.787994

96567457868393,0.29267883,-4.6697235,8.778473

96567467756089,0.27601624,-5.0529633,8.547577

96567478589829,0.16889954,-5.0672455,8.5642395

96567488508042,0.121292114,-4.924423,8.657074

96567498517807,0.19032288,-4.955368,8.538055

96567508558091,0.3783722,-4.9577484,8.654694

96567517804917,0.35932922,-4.955368,8.554718

96567528577622,0.19746399,-5.088669,8.321442

96567538312729,0.06416321,-5.0553436,8.435699

96567548322495,0.04512024,-4.5911713,8.4999695

96567558271225,0.10462952,-4.6768646,8.511871

96567567823227,0.22364807,-4.84111,8.592804

96567563062485,0.21734619,-4.831833,8.654816

96567578412827,0.21888733,-4.486435,8.728485

96567588361557,0.22602844,-3.896103,8.966522

96567598340805,0.29981995,-3.7199554,8.940338

96567608381089,0.32362366,-4.26268,8.816559

96567617872055,0.3283844,-4.743515,8.69516

96567628370102,0.16175842,-5.057724,8.585663

96567638410386,0.10462952,-5.3505096,8.433319

96567648389634,-0.014389038,-5.467148,8.319061

96567658429917,0.054641724,-5.5623627,8.230988

96567667890366,0.11891174,-5.526657,8.390472

96567678418930,0.15461731,-5.2338715,8.519012

96567688428696,0.20222473,-5.205307,8.442841

96567698438462,0.2212677,-5.526657,8.200043

96567708448227,0.34980774,-6.0027313,8.30954

96567717939194,0.3521881,-5.8004,8.918915

96567728467759,0.26411438,-4.0936737,8.678497

96567738447007,0.25221252,-3.441452,8.964142

96567748456772,0.35694885,-3.8151703,9.064117

96567758466538,0.2379303,-4.269821,8.811798

96567767957505,0.14985657,-4.467392,8.88559

96567763196762,0.21817017,-4.7964783,8.64505

96567778486069,0.12843323,-4.410263,8.999847

96567788495835,0.14271545,-3.838974,8.678497

96567798475083,0.18318176,-3.8175507,9.097443

96567808515366,0.20698547,-4.081772,8.702301

96567818006333,0.2545929,-4.4507294,8.699921

96567828534897,0.21174622,-4.6506805,8.538055

96567838544663,0.26411438,-5.045822,8.390472

96567848523911,0.20698547,-5.41716,8.476166

96567858564194,0.16889954,-5.48143,8.240509

96567868177231,0.12605286,-5.590927,8.254791

96567878583725,0.099868774,-5.731369,8.007233

96567888562973,0.102249146,-5.871811,8.378571

96567898816880,0.15699768,-5.7099457,8.476166

96567908826645,0.21412659,-5.1838837,8.707062

96567918226059,0.18556213,-5.0410614,8.618988

96567928846177,0.3521881,-4.941086,8.607086

96567938855942,0.34028625,-5.2219696,9.118866

96567948835190,0.2212677,-4.379318,8.552338

96567958844956,0.078445435,-3.8508759,8.699921

96567968274887,0.12843323,-3.8151703,8.835602

96567963514145,0.18865967,-4.826584,8.603989

96567978895005,0.17604065,-3.9817963,8.704681

96567988874253,0.21174622,-4.6697235,8.995087

96567998884018,0.11891174,-4.2793427,8.778473

96568008893784,0.0236969,-3.7675629,8.978424

96568018293198,0.13557434,-3.9532318,8.937958

96568028974350,0.26649475,-4.2793427,8.785614

96568038923081,0.23078918,-4.2841034,8.82132

96568048932846,0.11891174,-4.429306,8.678497

96568058942612,0.17366028,-5.064865,8.266693

96568068342026,0.21174622,-6.1503143,8.24765

96568078962143,0.14509583,-6.3954926,8.021515

96568088971909,0.14033508,-5.955124,8.342865

96568098951157,0.09034729,-5.129135,8.433319

96568108960923,0.19032288,-4.8553925,8.635651

96568118360337,0.29743958,-5.2219696,8.590424

96568128980454,0.29029846,-5.6075897,8.635651

96568138990220,0.19984436,-5.4409637,8.409515

96568148999985,0.3117218,-5.505234,8.837982

96568159009751,0.23316956,-3.9984589,9.437836

96568168409165,0.14033508,-2.4321747,8.897491

96568163648423,0.185318,-4.77005,8.671829

96568179029282,0.2712555,-3.1129608,9.0260315

96568189008530,0.4259796,-5.0339203,8.738007

96568199018296,0.15223694,-5.4790497,8.390472

96568209058579,-0.116744995,-5.340988,8.609467

96568218427475,-0.12388611,-5.2219696,8.50235

96568229047593,0.22840881,-4.434067,8.75943

96568239057358,0.4426422,-4.2150726,8.554718

96568249067124,0.51405334,-3.9532318,8.849884

96568259076889,0.2879181,-3.055832,9.20694

96568268506821,0.21174622,-3.717575,9.059357

96568279096421,0.16651917,-4.660202,8.818939

96568289075669,0.2046051,-4.557846,8.976044

96568299115952,0.24031067,-4.7649384,8.728485

96568309125718,0.25697327,-4.6363983,8.63089

96568318525132,0.1474762,-4.4959564,8.733246

96568329145249,0.09272766,-4.5364227,8.707062

96568339124497,0.080825806,-4.8506317,8.614227

96568349134262,0.10462952,-5.114853,8.654694

96568359144028,0.08796692,-5.0601044,8.419037

96568368543442,0.123672485,-4.9458466,8.378571

96568363782700,0.18997192,-4.559387,8.7178955

96568379163559,0.13795471,-5.22435,8.3333435

96568389173325,0.14509583,-5.2981415,8.240509

96568399183091,0.14033508,-5.379074,8.216705

96568409162339,0.19032288,-5.6123505,8.18338

96568418592270,0.261734,-5.3671722,8.366669

96568429212387,0.19746399,-5.2838593,8.319061

96568438978012,0.24031067,-5.469528,8.278595

96568449048813,0.2379303,-5.4838104,8.380951

96568459028061,0.29743958,-5.1576996,8.595184

96568468610581,0.39741516,-5.007736,8.533295

96568479047593,0.13795471,-4.917282,6.9670105

96568489057358,0.63783264,-5.826584,10.635162

96568499067124,0.5283356,-3.87706,8.535675

96568509015854,-0.17625427,-4.331711,8.347626

96568518628891,-0.411911,-5.09581,8.557098

96568529035386,-0.16911316,-5.9146576,8.295258

96568539045151,0.23078918,-5.845627,8.742767

96568549024399,0.07606506,-5.114853,9.583038

96568559034165,0.16889954,-4.7030487,8.6475525

96568568647202,-0.23576355,-4.8292084,8.421417

96568563886460,0.15164185,-5.186981,8.509018

96568579053696,-0.15959167,-4.9529877,8.44046

96568589063462,-0.06437683,-4.64592,8.880829

96568599073227,0.018936157,-4.096054,9.197418

96568609052475,0.061782837,-3.5414276,9.366425

96568618696030,0.07606506,-3.1367645,9.516388

96568629102524,-0.007247925,-3.0463104,9.261688

96568639142807,-0.0834198,-3.2724457,9.421173

96568649335679,0.04750061,-3.2248383,9.373566

96568659345444,0.13795471,-3.1534271,9.328339

96568668744858,0.18318176,-3.0962982,9.140289

96568679364975,-0.092941284,-3.3986053,9.264069

96568689344223,-0.15245056,-3.87706,9.185516

96568699353989,-0.08103943,-3.8294525,9.2117

96568709363755,-0.07627869,-3.8104095,9.149811

96568718793686,-0.25956726,-3.7866058,8.94986

96568729535874,-0.3643036,-3.8746796,9.042694

96568739393052,-0.42381287,-3.9746552,9.049835

96568749402817,-0.46427917,-3.9698944,8.923676

96568759382065,-0.38572693,-3.7628021,8.997467

96568768811997,-0.35954285,-3.6223602,9.197418

96568764051255,-0.12245178,-3.7036438,9.144928

96568779401596,-0.29051208,-3.524765,9.168854

96568789411362,-0.24052429,-3.5866547,9.299774

96568799390610,-0.24052429,-3.4462128,9.297394

96568809430893,-0.30003357,-3.165329,9.306915

96568818830307,-0.3547821,-3.2129364,9.261688

96568829236802,-0.23100281,-3.4176483,9.371185

96568839460190,-0.14292908,-3.8294525,9.430695

96568849439438,-0.33573914,-3.9318085,9.233124

96568859449204,-0.13816833,-3.8818207,9.171234

96568868879136,-0.15483093,-3.8294525,9.106964

96568878766831,-0.27146912,-3.8675385,9.061737

96568889478501,-0.44761658,-3.9889374,8.964142

96568899457749,-0.5285492,-4.0674896,8.937958

96568909498032,-0.46903992,-4.0056,8.973663

96568919568833,-0.4214325,-4.0984344,8.940338

96568928785141,-0.38572693,-4.2531586,8.926056

96568939588364,-0.3381195,-4.2960052,8.88559

96568949506577,-0.37858582,-4.3364716,8.797516

96568959516343,-0.2881317,-4.3602753,8.771332

96568969556626,-0.09770203,-4.3936005,8.818939

96568964795884,-0.3027649,-3.8746796,9.086258

96568978803452,-0.3881073,-4.5483246,8.790375

96568989545639,-0.60710144,-4.4959564,8.766571

96568999555405,-0.2238617,-2.498825,6.8384705

96569009565171,0.6425934,-5.0743866,10.273346

96569019513901,-1.1188812,-3.9627533,8.557098

96569028821762,-0.34526062,-4.6054535,9.356903

96569039411362,-0.14292908,-4.422165,9.39975

96569049390610,-0.31907654,-4.191269,9.164093

96569059644516,-0.31907654,-4.3031464,8.987946

96569069684800,-0.17863464,-4.3412323,8.94986

96569078870591,-0.33335876,-4.2650604,8.945099

96569089734848,-0.27146912,-4.103195,8.876068

96569099622544,-0.15007019,-3.9817963,8.864166

96569109632309,0.1712799,-3.9437103,8.804657

96569119550522,-0.44285583,-3.736618,8.957001

