9494543056878,-0.95225525,0.7480011,9.261688

9494552822503,-0.7832489,0.7051544,9.46402

9494562588128,-0.8475189,-0.12321472,9.98056

9494573482903,-1.1260223,-0.8420868,9.694916

9494598293694,-1.9972382,-1.0658417,9.14505

9494608181389,-1.8472748,-0.90159607,9.268829

9494618252190,-1.4283295,-0.958725,9.521149

9494628200920,-1.1545868,-1.2491302,9.951996

9494648495110,-1.4473724,-1.8204193,10.4566345

9494658291253,-1.8686981,-1.9822845,10.48996

9494668850335,-2.1781464,-2.094162,10.718475

9494678432854,-2.1400604,-1.9489594,10.723236

9494688564690,-1.8115692,-1.651413,10.570892

9494698391350,-1.4283295,-1.3919525,10.132904

9494708980950,-1.0712738,-1.3514862,9.97818

9494718960198,-0.9641571,-1.5752411,10.011505

9494729000481,-0.99272156,-1.9156342,9.925812

9494738521965,-1.2236176,-2.1608124,9.840118

9494749081047,-1.4283295,-2.1227264,9.716339

9494759121331,-1.4211884,-1.8061371,9.609222

9494769131096,-1.3378754,-1.299118,9.633026

9494779171379,-1.2426605,-1.0515594,9.892487

9494788631829,-1.1855316,-1.2181854,10.025787

9494799221428,-1.1188812,-1.530014,9.728241

9494809231194,-1.0617523,-1.5276337,9.509247

9494819271477,-1.0665131,-1.4324188,9.409271

9494829281243,-1.0046234,-1.5085907,9.525909

9494838863762,-0.7761078,-1.5514374,9.587799

9494834103020,-1.3384705,-1.6470032,9.974258

9494849361809,-0.62138367,-1.4990692,9.52829

9494858944329,-0.6190033,-1.3752899,9.763947

9494873867424,-0.7737274,-1.7704315,9.804413

9494883999260,-1.1831512,-2.1536713,9.823456

9494894466790,-1.4235687,-2.351242,9.856781

9494904476555,-1.528305,-2.453598,9.994843

9494914455803,-1.4116669,-2.5988007,9.994843

9494924465569,-1.2664642,-2.7654266,9.899628

9494934139641,-1.2188568,-2.9249115,9.937714

9494944546135,-1.3902435,-3.024887,9.91153

9494954555901,-1.6187592,-3.127243,9.778229

9494964596184,-1.8496552,-3.2819672,9.611603

9494974605950,-2.001999,-3.4105072,9.27597

9494984310540,-1.9044037,-3.4581146,8.864166

9494994686516,-1.7901459,-3.3986053,8.690399

9495004696282,-1.6663666,-3.1629486,8.342865

9495014706047,-1.5735321,-2.7630463,8.11673

9495024746331,-1.4592743,-2.306015,8.228607

9495034389885,-1.3759613,-1.7228241,8.257172

9495044979485,-1.0807953,-1.1301117,8.135773

9495040218743,-1.3878632,-2.5339355,9.290848

9495054806145,-0.9046478,-0.3969574,8.035797

9495064846428,-0.85227966,0.24336243,7.9358215

9495074825676,-0.8403778,0.40522766,7.7929993

9495084499749,-0.71421814,0.5670929,7.404999

9495094845208,-0.6118622,0.657547,6.924164

9495105007561,-0.559494,0.4028473,6.878937

9495114956292,-0.72612,-0.018478394,6.7313538

9495124966057,-0.88560486,-0.939682,7.207428

9495135036858,-1.1641083,-2.370285,7.8453674

9495145168694,-1.8258514,-3.3343353,7.99057

9495155056389,-2.5399628,-3.8056488,8.404755

9495165066155,-2.939865,-4.462631,8.830841

9495175106438,-3.1612396,-5.1005707,9.437836

9495185177239,-3.03508,-6.0408173,10.454254

9495194668206,-2.6685028,-7.7880096,11.765839

9495205257805,-2.5185394,-9.685165,12.903656

9495215664299,-2.7684784,-11.625168,13.810577

9495225460442,-3.4992523,-13.581833,14.053375

9495235561760,-3.9515228,-15.612289,13.198822

9495244778069,-3.8396454,-17.661789,11.77298

9495240017327,-2.0003357,-5.0073853,9.469025

9495255520256,-3.1136322,-19.423264,10.3923645

9495265530022,-2.118637,-19.423264,9.3211975

9495275631340,-1.1736298,-19.423264,8.621368

9495284969719,-0.3547821,-19.423264,8.002472

9495294887932,0.14033508,-18.961472,6.7170715

9495305508049,0.77589417,-17.997421,5.641144

9495315426262,1.666153,-17.647507,4.1438904

9495325466545,2.430252,-17.645126,2.358612

9495335445794,3.1443634,-17.228561,1.2207947

9495344967278,2.987259,-16.552536,0.025848389

9495355617913,3.0943756,-15.471848,-0.7073059

9495365566643,2.9824982,-13.677048,-1.5380554

9495375576409,2.8944244,-11.986984,-1.4618835

9495385555657,2.8325348,-9.985092,-1.5809021

9495395107659,2.9158478,-8.264084,-2.3330994

9495405727776,3.2990875,-8.283127,-4.3849792

9495415676506,3.9965363,-8.475937,-4.949127

9495425686272,3.6656647,-7.1786346,-3.9160461

9495435635003,3.9917755,-5.6694794,-3.325714

9495445217522,4.560684,-5.000595,-2.894867

9495440456780,1.9308472,-13.885925,1.4676361

9495534267815,1.5709381,3.7591705,2.3562317

9495547207268,1.5756989,6.4466095,5.1198425

9495563564690,-0.13578796,10.664627,8.892731

9495580562981,-1.316452,10.512283,10.17337

9495590694817,-1.9972382,9.9362335,10.946991

9495601192864,-2.1876678,10.212357,12.039581

9495611202629,-2.3257294,11.204971,12.844147

9495621151360,-2.1019745,12.242813,13.177399

9495631191643,-1.7472992,12.745071,12.910797

9495640835198,-1.5568695,12.059525,12.120514

9495651241692,-1.2831268,10.212357,10.716095

9495661251458,-0.7999115,8.2747345,9.102203

9495671291741,-0.26908875,6.5108795,7.6549377

9495681301506,0.25935364,5.0231476,6.6337585

9495686184319,-0.03189087,6.262375,6.3450165

9495690945061,0.87586975,3.6925201,5.7792053

9495701382073,1.3495636,2.7451324,4.6961365

9495711361321,1.7518463,1.7429962,3.8296814

9495721493157,2.1112823,0.95033264,2.8489685

9495731686028,2.3755035,0.3695221,1.6516418

9495741054924,2.5302277,-0.106552124,1.0279846

9495751583489,2.3112335,-0.7254486,0.735199

9495761562737,2.0089264,-1.1372528,0.4043274

9495771572503,1.8208771,-1.6704559,0.26864624

9495781612786,1.6709137,-2.2131805,-0.42404175

9495791195305,1.4685822,-2.7773285,-1.3738098

9495801540764,1.378128,-3.5081024,-3.0733948

9495811611565,1.3090973,-4.6244965,-6.017914

9495821621331,1.0805817,-6.231247,-10.202606

9495831661614,0.85206604,-8.2379,-10.055023

9495841305169,0.6759186,-9.068649,-7.160492

9495851742180,0.5997467,-9.080551,-7.2985535

9495861721428,0.5354767,-8.340256,-5.596588

9495871761711,0.1712799,-7.9998627,-5.763214

9495881801995,-0.24290466,-8.264084,-7.096222

9495886654290,1.2427979,-3.8275452,-2.9047394

9495891415032,-0.90226746,-8.373581,-9.495636

9495901852044,-1.2450409,-8.259323,-11.242828

9495911861809,-1.4330902,-7.990341,-12.033112

9495921871575,-1.9424896,-8.585434,-13.354218

9495931911858,-2.413803,-10.139816,-13.844574

9495941524895,-2.6351776,-11.491867,-14.089752

9495951961907,-2.3923798,-11.787033,-13.996918

9496041103753,0.29743958,-7.72612,-11.95694

9496051205071,0.89967346,-8.211716,-12.123566

9496061184319,1.6161652,-8.830612,-12.821014

9496081753167,2.5207062,-9.489975,-13.896942

9496091854485,2.642105,-9.151962,-13.49942

9496102413567,2.6897125,-8.823471,-13.082855

9496112331780,2.634964,-8.590195,-12.5972595

9496117611321,0.03036499,-9.019608,-12.900284

9496122372063,2.5111847,-8.1783905,-12.371124

9496132351311,2.3040924,-7.7499237,-11.983124

9496141994866,1.9732208,-7.4666595,-11.718903

9496152370842,1.6185455,-7.14769,-11.590363

9496162441643,1.4423981,-6.7930145,-11.140472

9496172481926,1.3067169,-6.4454803,-10.6405945

9496182491692,1.1686554,-6.1955414,-10.331146

9496192562493,0.9282379,-6.1312714,-10.071686

9496202480706,0.6640167,-5.93132,-9.8003235

9496212551506,0.62117004,-5.5099945,-9.300446

9496222561272,0.6235504,-5.2148285,-8.783905

9496232601555,0.5997467,-4.929184,-8.467316

9496242641838,0.53785706,-4.6816254,-8.057892

9496252895745,0.44026184,-4.5792694,-7.667511

9496262661370,0.30934143,-4.26268,-7.2104797

9496272701653,0.14033508,-4.1055756,-6.924835

9496282711419,-0.119125366,-3.9746552,-6.6653748

9496292782219,-0.27861023,-3.903244,-6.3868713

9496302273186,-0.27622986,-3.9080048,-6.436859

9496312771233,-0.3214569,-3.9008636,-6.5154114

9496318050774,0.66674805,-5.339447,-8.819138

9496322811516,-0.347641,-3.9579926,-6.6891785

9496332851799,-0.36906433,-4.000839,-6.9700623

9496342464836,-0.4618988,-4.0032196,-7.1176453

9496352383049,-0.5690155,-3.9984589,-7.0486145

9496363003167,-0.65708923,-4.081772,-6.986725

9496372921379,-0.7237396,-4.243637,-6.8296204

9496382961663,-0.642807,-4.365036,-6.7677307

9496393001946,-0.3643036,-4.629257,-6.8677063

9496402492913,-0.20481873,-5.0339203,-6.7724915

9496413113030,0.02607727,-5.3885956,-7.269989

9496423061760,0.14985657,-5.681381,-7.9079285

9496433041008,0.09510803,-5.698044,-8.065033

9496443111809,-0.0048675537,-5.6456757,-8.23642

9496452602776,0.0022735596,-5.486191,-8.214996

9496463192376,0.2046051,-5.5218964,-8.231659

9496473171624,0.575943,-5.6504364,-8.441132

9496483181389,0.9615631,-5.9670258,-8.719635

9496493221672,1.2067413,-6.2360077,-9.129059

9496502712639,1.1900787,-6.7549286,-10.057404

9496513332756,1.0401154,-7.252426,-11.009552

9496518490227,0.114746094,-5.3687134,-8.106567

9496523250969,0.8401642,-7.7356415,-11.488007

9496533291253,0.8615875,-8.092697,-11.464203

9496543423088,1.1091461,-8.309311,-11.590363

9496552822503,1.5614166,-8.278366,-11.802216

9496563442620,1.9256134,-8.36644,-11.909332

9496573391350,2.2064972,-8.502121,-12.323517

9496583401116,2.320755,-8.94725,-13.282806

9496593441399,2.2398224,-9.309067,-14.118317

9496602932366,1.9446564,-9.375717,-14.661041

9496613552483,1.8280182,-9.173386,-14.918121

9496623501213,1.6709137,-8.997238,-14.418243

9496633510979,1.6851959,-8.873459,-14.0659485

9496643551262,1.942276,-8.428329,-13.906464

9496653042229,2.082718,-7.861801,-14.280182

9496663662346,2.0612946,-7.392868,-14.4444275

9496673611077,1.6804352,-7.1762543,-14.482513

9496683651360,1.1829376,-6.9548798,-14.934784

9496693691643,0.84968567,-6.7739716,-15.215668

9496703152092,0.7330475,-6.578781,-14.91098

9496713772210,0.80921936,-6.295517,-14.446808

9496719051751,1.5825958,-7.98201,-13.745316

9496723812493,0.95680237,-5.9527435,-13.730316

9496733761223,1.1281891,-5.5409393,-13.518463

9496743801506,1.0282135,-4.9791718,-13.758881

9496753292473,0.66877747,-4.3816986,-13.573212

9496763851555,0.021316528,-3.94133,-13.623199

9496773861321,-0.5618744,-3.3628998,-12.492523

9496783901604,-1.0974579,-3.210556,-11.590363

9496793880852,-0.97605896,-3.0391693,-9.626556

9496803402336,-0.98558044,-2.97966,-8.100739

9496813930901,-0.39762878,-2.6416473,-7.815094

9496823940667,-0.05961609,-2.0394135,-5.748932

9496833980950,-0.59043884,-1.8799286,-4.673004

9496843990715,-0.8308563,-1.6228485,-4.6420593

9496853512200,-1.1117401,-0.6778412,-3.606598

9496864040764,-1.7234955,0.42427063,-0.8977356

9496874050530,-2.5375824,1.0907745,2.4704895

9496884060295,-2.6994476,1.4692535,5.212677

9496894100579,-1.9091644,1.3050079,7.881073

9496903622063,-1.4545135,1.1931305,10.532806

9496914150628,-0.8975067,0.30763245,12.756073

9496919399651,-0.8009796,-1.7610321,-3.4930573

9496924160393,-1.0331879,-0.71354675,14.9531555

9496934200676,-1.8877411,-2.048935,17.297821

9496944485100,-2.9470062,-2.5035858,19.004547

9496953762444,-3.9491425,-2.215561,19.073578

9496964657219,-4.408554,-1.0610809,17.900055

9496974270256,-4.1276703,0.7884674,16.129059

9496984310540,-3.0255585,2.4428253,14.622284

9496994320305,-1.5354462,2.9950714,13.57016

9497003963860,-0.32383728,2.5737457,12.082428

9497014370354,0.5521393,1.5478058,10.230499

9497024380120,1.0067902,0.39808655,8.397614

9497034420403,1.1496124,-0.727829,6.90036

9497044430169,1.0758209,-1.5466766,5.3769226

9497054104241,0.806839,-2.1084442,3.4726257

9497064480217,0.8782501,-2.0536957,2.5038147

9497074520501,1.0686798,-1.6061859,1.7492371

9497084530266,1.3638458,-1.2253265,0.6899719

9497094570549,1.4400177,-1.7656708,-0.8882141

9497104183586,1.1805573,-2.4036102,-2.5473328

9497114620598,0.5402374,-2.9487152,-4.165985

9497119839104,-0.5503235,-0.8516083,7.8135834

9497124599846,0.13557434,-3.562851,-5.127655

9497134643474,-0.054855347,-4.9315643,-5.2657166

9497144683758,0.080825806,-6.540695,-5.8108215

9497154357830,0.011795044,-7.892746,-7.7151184

9497164733806,-0.21910095,-8.573532,-8.898163

9497174743572,-0.9665375,-8.637802,-11.328522

9497184753338,-1.9948578,-9.301926,-14.499176

9497194763103,-2.8922577,-9.825607,-16.455841

9497204437176,-2.811325,-9.216232,-15.075226

9497215057293,-2.4923553,-8.618759,-13.887421

9497225006023,-1.7211151,-8.861557,-14.096893

9497234863201,-1.233139,-9.549484,-14.318268

9497244872967,-0.7404022,-10.335007,-15.16568

9497254516521,-0.14530945,-10.511154,-15.03952

9497264953533,0.3688507,-9.830368,-14.637238

9497274963299,0.67829895,-8.863937,-14.818146

9497340057293,-0.4759369,-8.476059,-12.715088

9497363372723,1.3424225,-7.8070526,-12.173553

9497373138348,0.94966125,-7.40477,-11.652252

9497383361736,0.7996979,-7.071518,-11.271393

9497409728924,0.67115784,-6.476425,-10.128815

9497420349041,0.65449524,-6.469284,-9.809845

9497430267254,0.6663971,-6.393112,-9.4861145

9497440307537,0.61164856,-6.3240814,-9.417084

9497450347820,0.5521393,-6.1884003,-9.214752

9497459838787,0.41645813,-6.097946,-8.993378

9497470458904,0.3521881,-5.969406,-8.94577

9497480377117,0.25935364,-5.80278,-8.669647

9497490417400,0.07130432,-5.681381,-8.36972

9497500457683,-0.08818054,-5.6194916,-8.138824

9497509948650,-0.10484314,-5.371933,-7.974579

9497520538250,-0.22148132,-5.2671967,-7.7984314

9497530486980,-0.08818054,-5.231491,-7.879364

9497540527264,0.014175415,-5.276718,-7.8627014

9497550567547,0.16651917,-5.3505096,-7.681793

9497555297771,0.43359375,-6.1844788,-9.304962

9497560058514,0.26887512,-5.505234,-7.777008

9497570587078,0.41407776,-5.6456757,-7.6889343

9497580596844,0.37599182,-5.7908783,-7.693695

9497590606609,0.19508362,-5.769455,-7.8627014

9497600585857,-0.16911316,-5.705185,-8.079315

9497610137859,-0.4452362,-5.5171356,-8.30545

9497620757976,-0.6356659,-5.3290863,-8.360199

9497630798260,-0.72850037,-5.186264,-8.586334

9497640930096,-0.76182556,-5.2219696,-8.614899

9497650939861,-0.72612,-5.314804,-8.450653

9497660247723,-0.60710144,-5.436203,-8.272125

9497671081463,-0.5690155,-5.595688,-8.457794

9497681030193,-0.4880829,-5.474289,-8.512543

9497691070476,-0.4785614,-5.2671967,-8.424469

9497700866619,-0.4785614,-5.1576996,-8.231659

9497710357586,-0.34526062,-5.2529144,-7.9841003

9497720947185,-0.08103943,-5.2862396,-7.822235

9497730895916,0.31410217,-5.321945,-7.7103577

9497740966717,0.575943,-5.405258,-7.5818176

9497751037517,0.81874084,-5.629013,-7.615143

9497755676189,-0.14221191,-5.4570312,-8.090271

9497760436931,0.97584534,-5.833725,-7.550873

9497771026531,0.94966125,-5.9337006,-7.5246887

9497781127849,0.9068146,-6.0027313,-7.3699646

9497791076580,0.7735138,-5.9670258,-7.4151917

9497800994793,0.67829895,-5.821823,-7.3104553

9497810546795,0.5235748,-5.667099,-7.2652283

9497821075359,0.44978333,-5.4528656,-7.1271667

9497831115642,0.3283844,-5.345749,-7.089081

9497841125408,0.21174622,-5.2862396,-7.1390686

9497851165691,0.12605286,-5.2410126,-7.239044

9497860656658,0.040359497,-5.2005463,-7.1700134

9497871185223,0.011795044,-5.243393,-7.1890564

9497881194988,0.02607727,-5.2457733,-7.2533264

9497891357342,0.04988098,-5.2267303,-7.3437805

9497901275555,0.04512024,-5.2671967,-7.53183

9497910766521,0.121292114,-5.410019,-7.6627502

9497921295086,0.31410217,-5.5480804,-7.969818

9497931304851,0.58784485,-5.781357,-8.372101

9497941314617,0.7830353,-5.9670258,-8.660126

9497951354900,0.9472809,-6.2550507,-9.098114

9497956085125,0.4487152,-5.6263885,-7.6633453

9497960845867,1.0996246,-6.6644745,-9.536102

9497971404949,1.3924103,-7.08342,-9.938385

9497981414715,1.6732941,-7.6594696,-10.602509

9497991424480,1.83992,-8.271225,-10.9357605

9498001434246,1.7423248,-8.642563,-11.226166

9498011077801,1.6328278,-8.992477,-11.975983

9498021514812,1.435257,-8.952011,-12.575836

9498031494060,1.3757477,-8.863937,-13.156647

9498041534344,1.2900543,-8.811569,-13.554169

9498051544109,1.3852692,-8.873459,-14.0112

9498061187664,1.5209503,-8.892502,-14.1302185

9498071594158,1.6542511,-8.7877655,-14.004059

9498081603924,1.7542267,-8.7044525,-14.33493

9498091613689,1.8042145,-8.659225,-14.649139

9498101653973,1.7994537,-8.499741,-14.882416

9498111297527,1.749466,-8.794907,-15.67984

9498121948162,1.6613922,-8.797287,-16.348724

9498131957928,1.563797,-8.292648,-16.12735

9498141967693,1.3281403,-7.6642303,-15.779816

9498151977459,1.378128,-7.507126,-15.2846985

9498156616131,1.5820007,-8.417862,-13.700806

9498161376873,1.6590118,-7.6071014,-14.818146

9498172027508,2.089859,-7.3500214,-13.511322

9498182037273,2.3516998,-7.2429047,-13.020966

9498192077556,2.5349884,-7.102463,-12.397308

9498202087322,2.3183746,-6.7858734,-11.4618225

9498211486736,1.8280182,-6.347885,-10.297821

9498222137371,1.1876984,-5.6385345,-9.664642

9498232147137,0.80207825,-4.679245,-8.291168

9498242156902,0.3950348,-3.8080292,-6.3106995

9498252166668,0.35932922,-3.2605438,-5.018158

9498261596599,0.6330719,-2.9653778,-3.3638

9498272247234,0.6663971,-2.6702118,-3.1043396

9498282257000,0.94966125,-1.9703827,-2.8091736

9498292266765,0.84254456,-1.5538177,-1.6713562

9498302276531,0.16889954,-1.0706024,-0.95010376

9498311706463,-0.4880829,-0.42790222,1.0684509

9498322326580,-1.0879364,0.67658997,3.8487244

9498332336346,-1.4497528,1.9572296,5.8696594

9498342346111,-1.0784149,3.3687897,7.8191833

9498352142254,-0.47380066,4.2899933,9.694916

9498356994549,0.63319397,-2.4163513,-3.1124268

9498361755291,0.114151,4.2542877,11.32309

9498372375408,0.20222473,3.4044952,8.24765

9498382202068,0.39027405,1.7453766,16.00766

9498392272869,-0.5547333,1.2312164,11.737274

9498402221599,-0.68089294,0.12434387,13.258331

9498411865154,-0.8808441,0.25050354,13.270233

9498422271648,-0.47618103,1.5025787,12.772736

9498432281414,0.04750061,2.5927887,12.318085

9498442321697,0.7639923,3.3402252,11.530182

9498452331463,1.3471832,3.2331085,10.263824

9498461944500,1.9994049,2.6856232,9.068878

9498472381512,2.506424,2.081009,8.0191345

9498482360760,2.8991852,1.4192657,6.7099304

9498492431560,3.3300323,0.82655334,5.7482605

9498502441326,3.7275543,0.27668762,4.9341736

9498512084881,4.058426,-0.07322693,4.193878

9498522491375,4.3821564,-0.25413513,3.2536316

9498532501140,4.489273,-0.41600037,2.3038635

9498542541424,4.4845123,-0.5754852,1.4017029

9498552551189,4.3012238,-0.7659149,0.9779968

9498557434002,2.0198822,1.0889893,7.8196564

9498562194744,4.0608063,-0.8492279,0.37576294

9498572601238,4.0631866,-1.1681976,0.190094

9498582611004,4.1917267,-1.8037567,-0.15029907

9498592620769,4.1393585,-2.4940643,-1.0072327

9498602630535,3.7989655,-3.2391205,-1.8641663

9498612274090,3.1824493,-3.9556122,-3.587555

9498622711101,2.7063751,-4.84111,-4.6301575

9498632720867,2.525467,-5.371933,-4.9396057

9498642730633,2.2588654,-5.386215,-5.472809

9498652740398,1.961319,-5.2029266,-4.658722

9498662383953,1.351944,-5.0791473,-3.6661072

9498673187176,0.30696106,-5.5457,-4.0088806

9498683044353,-0.8903656,-6.178879,-7.450897

9498693054119,-1.8520355,-6.264572,-11.63559

9498703094402,-2.6470795,-6.2931366,-13.485138

9498712524334,-3.3254852,-6.673996,-16.346344

9498723113933,-2.868454,-8.733017,-18.702911

9498732940594,-1.4164276,-11.506149,-18.764801

9498743041912,0.34742737,-12.748703,-17.465118

9498753204265,1.8065948,-12.565414,-16.305878

9498757842937,1.1070099,-6.3189697,-8.461838

9498762603680,2.4992828,-11.327621,-15.2846985

9498855560223,2.4730988,-8.011765,-10.454926

9498868133465,2.0731964,-7.842758,-9.945526

9498892730633,1.6042633,-7.1453094,-9.060028

9498902862469,1.609024,-6.995346,-8.567291

9498912872234,1.6447296,-6.923935,-8.3506775

9498923309246,1.6756744,-6.89299,-8.274506

9499036346355,1.686142,-6.649002,-9.668335

9499149627605,1.0056,-5.635803,-8.408997

9499238494793,0.844574,-5.0876007,-8.145248

9499439666668,0.73161316,-5.0347595,-8.570984

9499639861980,0.9150238,-5.3315887,-8.579193

9499840057293,1.8183746,-6.674469,-12.045486

9499349822918,0.7851715,-4.924774,-8.090622

9499549041668,0.953949,-5.2527924,-8.777832

9499750213543,1.1763916,-5.860626,-9.518723

9499950408855,2.4055023,-6.008209,-11.845779

9500040252605,2.757553,-3.2272186,-5.4780426

9500240447918,2.570694,0.86047363,8.074478

9500441619793,-1.642807,-4.1627045,-4.8405457

9500641815105,-0.90834045,-8.443329,-14.135574

9500842010418,-0.835495,-5.6763763,-7.860199

9501043182293,-0.9415436,-5.192459,-7.6066895

9501242401043,-0.4091797,-6.572708,-9.814255

9501443572918,-0.33680725,-7.250168,-13.278992

9501643768230,0.8444519,1.242279,5.714813

9501844940105,2.3406372,-1.9785919,0.5501251

9502045135418,0.4015808,-9.071869,-13.050873

9502245330730,2.0411835,-6.4202423,-7.6333466

9502445526043,1.3638458,-5.134964,-7.2332153

9502645721355,1.492981,-5.8133698,-7.974457

9502846893230,1.1330719,-6.2086334,-8.538849

9503046111980,2.1228333,-7.0158234,-12.402908

9503247283855,0.37812805,-0.51145935,2.511795

9503447479168,3.0941315,-1.7939911,1.8956299

9503647674480,-1.6285248,-8.374298,-13.738083

9500151580730,2.216858,0.2646637,5.283371

9500351776043,2.4187012,-1.4133759,2.2776794

9500551971355,-3.3153687,-7.7221985,-13.728256

9500752166668,-0.35014343,-6.699234,-9.1015625

9500952361980,-1.0230713,-5.0102386,-7.6748962

9501153533855,-0.74980164,-5.666626,-8.138229

9501353729168,-0.40263367,-7.7726593,-13.371475

9501553924480,0.5770111,-3.3304138,-4.619919

9501754119793,2.2525635,2.1421814,7.741699

9501954315105,-0.64863586,-7.9970093,-9.449844

9502155486980,2.7664795,-7.339905,-9.970764

9502354705730,1.1496124,-5.1945953,-6.838791

9502555877605,1.7708893,-5.7158966,-8.03421

9502756072918,1.1798401,-5.7914734,-7.8704376

9502956268230,1.4391785,-7.16745,-10.71843

9503156463543,2.7469635,-4.7592316,-8.715469

9503357635418,1.0352325,0.98568726,7.7353973

9503557830730,-0.71040344,-6.0959167,-7.158493

9503758026043,0.8318329,-7.4080963,-12.034546

9503847869793,0.9595337,-6.3966827,-8.64418

9503958221355,0.1847229,-5.468216,-7.7660522

9504048065105,0.3229065,-5.2737427,-7.608124

9504158416668,0.7030487,-5.430374,-8.040512

9504249236980,1.1304474,-5.4272766,-7.931381

9504358611980,1.0603485,-5.41716,-7.5751495

9504449432293,0.9339447,-5.6336517,-7.700714

9504559783855,1.2210236,-5.930603,-7.6566772

9504649627605,1.428833,-6.0862885,-7.643585

9504759979168,1.5789185,-6.540695,-8.24118

9504850799480,1.2793427,-7.3081207,-10.271881

9504960174480,1.7991028,-7.340973,-12.079178

9505050994793,3.0252228,-5.5222473,-7.968033

9505160369793,1.8252869,-1.6903381,4.238388

9505251190105,1.0176239,-0.111312866,9.264908

9505361541668,0.6818695,-1.7150879,3.7524414

9505450408855,-1.8095398,-6.6634064,-7.3712463

9505651580730,1.9791718,-7.033783,-10.89946

9505852752605,0.94859314,-5.8559875,-7.290573

9506051971355,0.18199158,-5.261963,-6.910431

9506252166668,-0.6078186,-6.0177307,-9.819122

9506453338543,0.55178833,-6.6111603,-13.105942

9506653533855,0.7041321,-2.6390228,-1.7637177

9506853729168,1.365982,-0.33779907,5.0855713

9507053924480,-1.23349,-6.3820496,-12.366241

9505561713110,-0.60043335,-9.015091,-14.703735

9505761908423,1.692215,-6.4542847,-7.615738

9505962103735,0.48298645,-5.604965,-7.230118

9506162299048,-0.4897461,-5.2789764,-7.842224

9506362494360,-0.19207764,-6.7430267,-11.945877

9506562689673,1.8501587,-5.378952,-11.247833

9506763861548,-0.39143372,0.34358215,8.458435

9506964056860,0.6778259,-3.826004,-5.0395813

9507164252173,-0.035690308,-7.019745,-14.422165

9507254095923,1.1925812,-6.4482117,-10.947418

9507455267798,-0.13995361,-4.6755524,-7.7666473

9507654486548,0.2905426,-5.1693573,-8.251892

9507855658423,0.22042847,-5.127823,-8.513489

9508054877173,0.38278198,-6.0753326,-10.649872

9508256049048,1.8865814,-6.335266,-10.63678

9508455267798,1.1850739,1.9414062,7.623642

9508656439673,0.41633606,-4.639374,-5.861496

9508856634985,1.8251648,-6.5158234,-12.94342

9509056830298,0.9789429,-5.070694,-8.418869

9509257025610,0.9404907,-4.8743134,-7.852112

9509457220923,0.97525024,-5.1843567,-8.428986

9509658392798,0.95692444,-6.0561676,-8.828293

9509858588110,2.7031555,-7.3314514,-13.164978

9510059759985,-0.08984375,-1.1040497,1.3574219

9510259955298,2.1168823,-0.29103088,6.5803223

9510459174048,-1.4301147,-6.3068237,-13.339615

9510660345923,2.9196625,-6.6405487,-9.481827

9510860541235,0.89823914,-5.3055267,-7.81485

9511059759985,1.1184235,-6.506775,-8.410782

9511260931860,1.8227844,-5.2666016,-7.1972656

9507364447485,0.4871521,-5.3824005,-8.276413

9507564642798,-0.11602783,-4.704483,-7.659775

9507764838110,0.4454956,-5.364197,-8.680237

9507966009985,0.108078,-5.180069,-8.634781

9508166205298,1.287323,-7.1278076,-13.999054

9508366400610,0.9465637,-1.1490326,2.2159119

9508566595923,2.3330078,-0.59321594,2.595108

9508766791235,-0.014144897,-7.14888,-14.14299

9508966986548,1.7843323,-5.6381836,-9.041702

9509167181860,0.71435547,-4.7349396,-7.9770813

9509367377173,1.1361694,-5.0346375,-8.165482

9509567572485,0.65437317,-5.661621,-8.41304

9509768744360,2.0915222,-7.1529236,-11.514435

9509968939673,2.0630798,-4.8165894,-8.806046

9510169134985,-0.2094574,1.1681366,9.516037

9510369330298,0.27435303,-3.730545,-3.863678

9510569525610,1.6071167,-6.970108,-14.118347

9510769720923,1.4446564,-5.7485046,-7.7994995

9510970892798,0.9871521,-6.0992584,-8.0499115

9511171088110,1.660202,-6.101639,-8.0559845

9511371283423,1.5603485,-4.5172577,-7.4860077

9511461127173,1.6551971,-4.960602,-9.461472

9511662299048,4.0747375,-5.115326,-11.579056

9511862494360,1.3758698,-0.24247742,5.3633575

9512062689673,3.749817,-0.01979065,2.2220917

9512261908423,1.7807617,-5.6509094,-11.871719

9512462103735,2.1178284,-5.5940247,-10.881607

9512662299048,1.3344421,-3.9908447,-7.8513947

9512863470923,1.9722748,-4.320404,-8.416611

9513063666235,1.6227112,-4.3602753,-8.427444

9513264838110,2.0097656,-5.3632507,-10.8396

9513465033423,3.628769,-4.429779,-10.473129

9511571478735,2.8511047,-5.6518707,-11.918976

9511771674048,4.013321,-3.2376862,-5.2470245

9511971869360,1.5172577,1.8941498,9.151123

9512173041235,2.8641968,-3.9566803,-6.802124

9512373236548,1.8965759,-5.790039,-12.710449

9512573431860,1.5711823,-4.633667,-8.498505

9512773627173,1.5756989,-4.178055,-8.403168

9512973822485,1.942627,-4.402527,-8.131439

9513174017798,1.6659088,-4.540344,-9.065628

9513374213110,2.7874298,-5.5359344,-12.92099

9513575384985,3.53891,-2.5325012,-1.7907257

9513665228735,2.2623138,-0.9911041,6.4066772

9513865424048,3.9528503,-1.374939,1.3144684

9513775580298,3.0930634,-0.21629333,7.479141

9513975775610,1.524765,-5.1062775,-7.681671

9514065619360,0.24031067,-6.7038727,-11.981689

9514265814673,1.3049316,-7.0615234,-10.407318

9514466009985,0.21556091,-4.731018,-7.220352

9514667181860,0.84516907,-5.904541,-8.537888

9514867377173,1.5515442,-6.400009,-10.995621

9515065619360,3.9741669,-3.8876495,-8.128357

9514175970923,0.8718262,-6.968689,-12.329117

9514376166235,0.69828796,-5.461075,-7.096222

9514576361548,0.50250244,-5.1900787,-8.180481

9514776556860,1.1229553,-6.5124817,-9.769501

9514976752173,2.8551483,-5.2719574,-10.841736

9515177924048,4.2856293,-2.4380035,-0.6591034

9515267767798,3.732071,-0.7299652,6.726349

9515467963110,4.641968,-0.37303162,1.0013275

9515669134985,0.5808258,-6.629837,-12.359695

9515869330298,1.8499146,-6.833481,-9.502655

9516069525610,0.70936584,-5.1250916,-7.302002

9516269720923,1.263031,-6.3559723,-9.608231

9516469916235,2.8488464,-6.7362366,-11.395767

9515378119360,4.495697,0.7374115,6.913803

9515578314673,1.704361,-4.320404,-7.314621

9515778509985,1.692215,-7.1525726,-11.941711

9515978705298,0.9168091,-5.506302,-7.551117

9516179877173,0.99560547,-5.514038,-8.130249

9516380072485,1.819931,-7.226715,-11.77829

9516580267798,3.6957703,-4.3820496,-6.071823

9516670111548,3.0307007,-2.0683289,2.1297455

9516866400610,3.7364807,0.021987915,4.9270325

9517071478735,2.109024,-5.6397247,-10.77092

9517271680902,2.0208282,-5.7235107,-10.665939

9517471876214,1.326477,-4.832901,-7.790451

9517672071527,1.5608215,-5.7350616,-8.484451

9517872266839,2.544754,-6.345627,-12.432068

9518072462152,3.7813568,-2.7429352,-2.305008

9518271680902,3.1644745,0.27919006,7.657318

9518472852777,1.2836304,-5.040222,-7.493622

9518673048089,0.89585876,-7.059265,-12.211044

9516780469964,2.7918243,0.056381226,8.061035

9516978712152,3.2767181,-2.998581,-3.70372

9517180860589,2.012848,-6.3321686,-13.283646

9517381055902,1.5798645,-5.193054,-8.329849

9517582227777,1.2932739,-4.9585876,-7.6077576

9517782423089,2.03833,-6.732315,-11.16571

9517982618402,3.4607086,-4.6741333,-8.893051

9518182813714,2.8095703,-0.41766357,6.6735077

9518383009027,3.3630066,-1.4334869,0.14355469

9518583204339,0.390625,-7.2549286,-12.353516

9518783399652,0.73721313,-6.681259,-10.33757

9518874219964,0.3777771,-5.6632843,-8.078369

9519073438714,0.1968689,-5.2336273,-7.425659

9519275587152,0.9487152,-7.4148865,-11.933609

9519474805902,2.7637482,-4.736496,-8.050156

9519675977777,3.0026093,0.25204468,6.611496

9519875196527,3.86026,-2.2024689,-0.6846924

9520076368402,0.16770935,-6.4977264,-11.859695

9520276563714,0.2639923,-7.1644745,-10.326141

9520475782464,-0.56484985,-4.851349,-7.290573

9520675977777,0.14199829,-6.309204,-9.7881775

9520878126214,2.66745,-7.040695,-11.153687

9521078321527,1.890152,-0.046447754,2.8903809

9521278516839,3.2584991,0.16230774,3.737091

9521478712152,-0.17779541,-7.234329,-10.82341

9521678907464,0.40740967,-8.008667,-11.244492

9521880079339,-0.43511963,-5.0991364,-7.499939

9522075391839,0.35932922,-5.73053,-8.9283905

9522280469964,2.3330078,-5.6838837,-12.152008

9522480665277,3.2156525,-2.825882,-2.2378845

9522680860589,2.3112335,-0.7837677,6.2890778

9522881055902,0.1834259,-5.6453247,-9.719742

9523081251214,-0.4197693,-7.057953,-11.629166

9518983594964,-0.011062622,-4.9077606,-6.966614

9519183790277,0.8749237,-6.527008,-9.291046

9519384962152,1.6322327,-6.65007,-12.176285

9519585157464,3.1668549,-1.3338776,0.32969666

9519786329339,3.955124,-0.41362,5.8574066

9519985548089,1.4102631,-5.3232574,-8.73082

9520186719964,0.20246887,-7.0060577,-11.509186

9520386915277,-0.26159668,-5.9725037,-8.579071

9520587110589,-0.2815857,-4.8124237,-7.257736

9520787305902,1.3217163,-7.8141937,-13.085587

9520987501214,3.1618652,-4.313263,-4.941986

9521187696527,1.9842834,2.5801697,8.070435

9521388868402,1.7981415,-4.449417,-5.2536926

9521589063714,-0.31478882,-8.236237,-12.6358185

9521789259027,0.034057617,-6.507614,-8.751892

9521989454339,-0.20446777,-4.832779,-7.2685547

9522188673089,1.3749084,-6.532486,-12.172119

9522390821527,3.718155,-4.0021515,-8.990997

9522591016839,1.3555145,-0.9946747,7.3056183

9522791212152,2.743744,-3.1825867,-2.5337677

9522991407464,-1.027832,-7.114609,-13.9122925

9523191602777,-0.5685425,-6.464279,-8.088242

9523281446527,-0.87013245,-5.8002777,-7.404129

9523477735589,-0.3591919,-6.5703278,-8.847702

9523681837152,1.7899323,-6.7494507,-12.950867

9523883009027,1.3020782,-2.139145,-1.8826141

9524083204339,0.99453735,-0.077041626,7.7162323

9524283399652,-0.4452362,-5.141281,-10.77092

9524484571527,0.9601288,-7.0994873,-12.034653

9524684766839,-0.39167786,-4.99559,-8.004456

9524884962152,0.043685913,-5.211609,-8.147278

9525085157464,1.14711,-6.5553284,-11.803757

9525285352777,2.6529388,-4.9512024,-10.001816

9525485548089,0.58070374,1.1611176,8.447006

9525685743402,2.781952,-2.5943909,-1.1695709

9525886915277,0.5221405,-7.5999603,-13.442413

9526087110589,1.0873718,-6.558548,-8.98172

9526287305902,0.08023071,-4.936569,-6.942093

9523391798089,-0.8760834,-5.659012,-7.418289

9523591016839,0.50964355,-7.501053,-11.425522

9523792188714,2.5343933,-4.730896,-10.049194

9523993360589,-0.1699524,0.09434509,8.056976

9524193555902,1.4068146,-1.9819336,-1.9753265

9524393751214,-0.11054993,-7.3891754,-14.692581

9524593946527,0.32803345,-5.8959656,-9.1137085

9524794141839,-0.35632324,-4.8771667,-7.5758667

9524995313714,0.5495148,-5.9640503,-9.837692

9525195509027,2.3123016,-6.2282715,-12.825424

9525395704339,1.4175262,-1.3952789,0.8582611

9525595899652,2.2481537,0.42617798,5.963928

9525796094964,0.5941467,-6.809799,-10.286636

9525996290277,1.6360474,-6.9722595,-11.114639

9526196485589,0.13890076,-5.30719,-7.5223083

9526397657464,0.61724854,-5.8741913,-8.067169

9526487501214,0.86694336,-6.840744,-10.603226

9526682813714,2.9907074,-5.5670013,-11.358627

9526888868402,1.7931519,-0.8304291,3.5660553

9527088087152,3.8303833,-0.106903076,4.418106

9527289259027,-0.11341858,-6.0048676,-10.773178

9527489454339,1.4084778,-7.1528015,-11.378387

9527688673082,0.123916626,-5.03154,-7.2479706

9527888868395,0.3355255,-5.3570557,-8.393051

9528090040270,0.7993469,-6.931793,-13.263412

9528290235582,1.5783234,-3.6241455,-5.416031

9528489454332,1.4509735,2.3215485,8.829651

9526597852770,1.7869568,-6.648758,-12.726639

9526796094957,3.4448853,-3.4646606,-5.872116

9526998243395,1.8530121,1.0517426,9.208252

9527198438707,2.134613,-3.319809,-3.4780579

9527398634020,0.41812134,-7.2618256,-13.908005

9527598829332,0.7534027,-6.270767,-8.659882

9527799024645,0.019882202,-4.530945,-6.8563995

9527999219957,0.5389252,-6.8681183,-11.512527

9528199415270,1.5974731,-5.8449097,-11.466583

9528399610582,0.78601074,1.144928,5.8456116

9528600782457,-0.27789307,-1.7441254,0.1878357

9528690626207,-3.1742096,-6.7811127,-10.543808

9528891798082,1.2546997,-8.104477,-11.64119

9529091993395,-0.90618896,-5.0815277,-7.4826813

9529292188707,-0.06581116,-5.7143555,-7.795105

9529492384020,-0.37156677,-7.771347,-12.095245

9529692579332,2.115921,-5.4845276,-8.233322

9529892774645,0.5504761,0.30418396,6.2595673

9530091993395,-0.6710205,-1.3779144,1.095108

9530293165270,-2.5050964,-9.858215,-15.291962

9530494337145,-0.9415436,-7.442505,-8.334732

9530694532457,-1.9633179,-5.366928,-6.2860565

9528800977770,-0.7399292,-9.168274,-15.182785

9529001173082,-0.043899536,-6.5892487,-8.8063965

9529202344957,-0.7426605,-4.839325,-7.1844177

9529401563707,-0.116744995,-7.103531,-9.725586

9529602735582,0.65104675,-6.880371,-11.817444

9529802930895,2.9923706,-2.8338623,-2.285965

9530003126207,-0.809906,1.3677368,9.214798

9530203321520,-3.1855164,-7.2745667,-11.083099

9530403516832,-0.5080719,-9.147079,-11.49324

9530603712145,-1.9072571,-5.2093506,-6.448166

9530804884020,-1.6996918,-6.4161987,-7.0373077

9530893751207,-1.5722198,-7.6584015,-9.000046

9531090040270,-0.39894104,-7.78598,-13.097488

9531295118395,0.49536133,-2.689972,-2.9816284

9531495313707,1.4154968,0.042099,9.069

9531696485582,0.8395691,-4.7592316,-6.988388

9531895704332,0.45310974,-7.676605,-14.188187

9532095899645,-0.15066528,-4.8374176,-6.833542

9532297071520,-0.7637329,-5.546295,-9.246643

9532497266832,0.34980774,-6.9854736,-14.19841

9532697462145,2.622467,-2.4126587,-5.114685

9532897657457,2.7542267,-0.4586029,8.263245

9531004102770,-1.1139984,-8.845139,-12.097504

9531203321520,0.65663147,-5.6493683,-10.403748

9531405469957,-0.22599792,0.14266968,8.328461

9531605665270,2.840393,-2.0843964,0.19485474

9531805860582,-0.62579346,-6.7808685,-13.051666

9532006055895,0.92419434,-6.957733,-10.462906

9532206251207,-1.0840149,-3.9059753,-6.4539948

9532406446520,-0.09663391,-7.4348755,-13.043335

9532607618395,1.4616852,-4.6637726,-10.431473

9532807813707,2.525589,-1.0526276,3.4429932

9533008009020,4.379303,-0.20402527,4.8301544

9533096876207,4.4937897,-2.473587,-1.6348114

9533298048082,2.3697968,-6.072006,-10.907074

9533498243395,-0.004989624,-5.7931366,-9.666306

9533699415270,-1.2146912,-5.251602,-9.110733

9533899610582,-0.12150574,-6.2612457,-10.990631

9534099805895,2.1698456,-4.635803,-11.077637

9534299024645,4.1180573,-2.146286,-1.5679321

9534500196520,5.271698,-1.1210632,6.796219

9534699415270,6.1276855,-2.8149414,-1.4181976

9534900587145,3.2301788,-5.0536804,-8.956726

9535099805895,0.34529114,-6.0493927,-9.664642

9535300977770,-1.4874878,-6.0478363,-8.465652

9533208204332,3.309204,-5.5289154,-8.815445

9533408399645,1.1427155,-5.8238525,-9.918396

9533608594957,-0.92155457,-5.694351,-9.889465

9533808790270,-0.7519531,-5.5,-9.11644

9534008985582,0.8529053,-5.7795715,-12.196518

9534209180895,3.4680939,-3.0135803,-6.732971

9534409376207,4.4461823,-1.7993469,5.1396027

9534610548082,6.3904724,-1.3162537,2.9534607

9534810743395,4.8052673,-4.4269257,-6.6555023

9535010938707,1.5629578,-5.72554,-9.889832

9535211134020,-0.93452454,-5.975113,-8.922806

9535411329332,-1.521637,-6.643051,-8.347824

9535501173082,-1.2146912,-7.1387634,-9.009918

9535702344957,0.761261,-6.276596,-10.853165

9535901563707,3.9000092,-3.9551392,-6.986374

9536102735582,3.0975952,-0.7687683,7.1032867

9536302930895,4.4548798,-1.876358,0.40516663

9536503126207,1.2610168,-7.115555,-9.651794

9536702344957,-0.7765808,-6.982971,-9.4216

9536902540270,-2.002716,-6.429886,-8.877213

9537103712145,-1.1090088,-7.7809906,-11.740799

9537303907457,2.2081604,-5.0419006,-8.341629

9537504102770,3.8047943,-1.4253998,4.48143

9537705280719,5.5049744,-1.8092346,2.1519928

9537905476031,1.8430176,-5.2604065,-6.9076996

9538105671344,-1.758255,-6.905731,-10.32341

9535611530719,-0.39024353,-7.0553284,-10.283188

9535811726031,2.6078339,-4.915619,-9.907562

9536011921344,3.9103699,-2.254242,0.76031494

9536212116656,3.9022675,-0.22425842,6.207794

9536413288531,2.6250916,-5.430252,-6.268799

9536613483844,0.20579529,-7.3245544,-10.045029

9536813679156,-1.6491089,-6.579376,-9.114304

9537012897906,-1.8466797,-7.182556,-10.13739

9537213093219,0.5736847,-7.092697,-11.235565

9537413288531,3.6985168,-2.3815918,-2.14505

9537614460406,4.688507,-0.9878845,6.123642

9537814655719,3.9843903,-4.032501,-2.696579

9538014851031,-0.42048645,-6.3043213,-10.112274

9538216022906,-2.8185883,-6.572235,-9.259506

9538301960406,-3.234192,-6.090683,-8.199051

9538506061969,-3.6401672,-6.8062286,-8.085739

9538705280719,-2.8974915,-7.8210907,-12.684387

9538906452594,0.8588562,-3.9629974,-7.437683

9539106647906,2.897522,-0.31495667,6.3885803

9539306843219,5.0298615,-2.0734558,0.37504578

9539507038531,1.108551,-6.116516,-9.0881195

9539708210406,-3.7781067,-6.669113,-9.138931

9539907429156,-5.146469,-6.6977997,-8.192505

9540108601031,-4.4253387,-8.097458,-10.711166

9540307819781,-1.3241882,-5.590576,-10.663681

9538415241656,-3.6692047,-6.1427,-7.6003876

9538616413531,-3.252533,-7.9607086,-10.539902

9538816608844,-1.2306366,-5.9088287,-11.482407

9539016804156,2.4190674,-1.8238678,0.6850891

9539216999469,4.6210327,-0.30506897,5.4016724

9539417194781,3.1004486,-4.7136383,-6.0342255

9539617390094,-1.9302368,-6.6836395,-9.749496

9539817585406,-4.9173584,-6.591156,-8.390305

9540017780719,-4.703476,-7.4405975,-8.732254

9540217976031,-3.4474792,-7.2482605,-12.36351

9540419147906,1.7316132,-3.3369598,-6.1184845

9540508991656,2.7099457,-1.6942596,0.57844543

9540708210406,5.021881,-0.747345,5.057007

9540909382281,4.0424805,-4.0908203,-4.910797

9541109577594,-0.6485138,-6.4203644,-9.678925

9541309772906,-3.9035645,-6.469406,-8.472427

9540618366656,3.0728302,-0.27401733,7.2939606

9540819538531,6.0321045,-2.6674805,-0.7873993

9541019733844,1.2298279,-5.6900635,-8.726532

9541219929156,-2.7831116,-6.5743713,-9.3246

9541420124469,-4.53566,-6.489868,-7.892578

9541509968219,-4.5702972,-7.045929,-8.224762

9541710163531,-3.7365723,-7.912857,-11.919098

9541910358844,0.96632385,-3.9339447,-7.8692474

9542111530719,3.7636108,-1.6842651,3.5548706

9542310749469,3.9604797,-0.8713684,3.7392273

9542511921344,0.6496124,-5.9141846,-8.597992

9542711140094,-4.2459717,-7.6210327,-10.281998

9542912311969,-4.735977,-6.565094,-7.9718475

9543112507281,-4.2063446,-6.3508606,-9.719147

9543312702594,-1.798233,-6.307541,-12.677353

9543512897906,2.532608,-1.7385406,-1.8787994

9541620319781,-4.228714,-8.056274,-10.136551

9541820515094,-1.5711517,-6.2369537,-11.272705

9542020710406,3.4292908,-2.0279846,-2.7337189

9542220905719,3.666504,-0.7766266,7.7036133

9542421101031,2.815277,-3.7250671,-4.223236

9542622272906,-2.6323242,-7.147934,-10.014206

9542821491656,-4.5717316,-7.2308807,-9.329361

9543022663531,-4.875824,-5.789566,-7.583725

9543222858844,-3.1016083,-7.2746887,-13.395752

9543423054156,0.74102783,-3.7278137,-7.5152893

9543623249469,2.6576996,0.2584839,5.9045258

9543712116656,2.66008,0.4060669,6.9918823

9543914265094,0.059280396,-4.9752502,-9.48587

9544114460406,-3.7303925,-6.110794,-9.942673

9544313679156,-5.0833893,-6.365982,-8.584305

9544513874469,-4.998642,-6.0738983,-8.167145

9544715046344,-3.2271729,-6.692917,-12.95015

9544914265094,1.7599335,-2.8683777,-6.0231476

9545115436969,3.2783813,-1.3870697,6.702667

9545314655719,3.371933,-2.5121613,-1.547699

9545515827594,-2.2163544,-5.757675,-11.059067

9545715046344,-4.4187927,-7.455475,-9.864349

9543823444781,2.211731,-2.3971863,-1.2308655

9544023640094,-2.1197052,-5.942627,-11.856125

9544223835406,-4.9741364,-6.570801,-9.371735

9544424030719,-5.2835846,-5.9076385,-7.4468536

9544624226031,-4.319763,-6.8645477,-11.434799

9544825397906,-0.5951996,-4.852295,-10.215225

9545024616656,3.4740448,-1.2655487,0.72257996

9545225788531,3.7881317,-1.5483398,5.945709

9545425983844,0.11665344,-4.8808594,-9.589783

9545626179156,-4.1167145,-6.712921,-10.169037

9545825397906,-4.3027496,-7.199112,-8.602402

9545916218219,-4.2971497,-6.8515778,-8.339966

9546116413531,-2.240158,-7.321701,-11.85553

9546316608844,2.346222,-3.6083221,-6.3294983

9546517780719,2.9085846,-0.75138855,7.1522064

9546716999469,4.214096,-1.8201752,-0.07115173

9546918171344,-1.4611816,-5.853119,-10.722122

9547117390094,-3.0764923,-7.1408997,-10.5572815

9547318561969,-3.9841309,-5.943466,-7.6432343

9547517780719,-2.9465332,-7.541046,-12.066193

9547718957845,0.28053284,-4.916565,-10.06073

9547919153157,3.1854248,-1.1224976,2.10141

9546025598470,-3.6348114,-7.264679,-10.289139

9546225793782,0.416214,-5.8433685,-10.17749

9546426965657,3.2692108,-1.7187805,0.99609375

9546626184407,3.8061066,-0.2177124,6.1081696

9546827356282,1.1189117,-4.498337,-7.139908

9547028528157,-2.6390991,-7.0798492,-11.595001

9547227746907,-3.651245,-6.251953,-8.443161

9547428918782,-3.5850677,-6.7531433,-9.338287

9547629114095,-1.5900726,-6.8382416,-13.07988

9547829309407,2.167099,-2.1823578,-3.864029

9548029504720,4.0998383,-0.7811432,7.6581573

9548119348470,4.610672,-0.55252075,6.6204224

9548320520345,0.5851135,-4.4153748,-6.6042023

9548520715657,-2.6557617,-7.6003113,-11.914566

9548719934407,-2.855835,-6.7546844,-8.95256

9548920129720,-3.0701904,-5.346817,-7.77034

9549120325032,-0.67910767,-7.181732,-11.726166

9549321496907,2.847168,-4.981308,-8.107529

9549520715657,5.238144,-1.9129028,0.3565979

9549721887532,4.219101,0.24990845,7.5638885

9549922082845,1.602478,-3.0641632,-4.4578247

9550122278157,-1.7155151,-8.024139,-12.911346

9550322473470,-1.7640839,-6.7225494,-8.703918

9550522668782,-1.2640839,-7.2805176,-11.025269

9550722864095,1.7291107,-5.8945465,-9.405899

9550924035970,4.3000336,-2.7049713,-0.092926025

9551123254720,4.8253784,0.39379883,7.207672

9551324426595,2.1303253,-3.133316,-1.4243927

9551523645345,-3.3635712,-7.225525,-13.195801

9551724817220,-2.4674835,-7.1634064,-9.531342

9551925012532,-3.3269196,-4.8426514,-7.3453217

9552125207845,-2.5267487,-6.52713,-9.515152

9552325403157,-0.3938141,-7.584732,-12.401825

9552525598470,2.314331,-3.023941,-5.029114

9552726770345,2.8721619,2.356781,8.758118

9552926965657,6.9164124,0.06329346,3.8452759

9553127160970,0.6534271,-4.8734894,-4.9134216

9548229700032,3.4524994,-2.1536713,0.04107666

9548429895345,-2.2568207,-6.5172424,-11.651062

9548630090657,-2.5022278,-7.6518555,-10.530029

9548830285970,-3.3192902,-5.467621,-7.558853

9549030481282,-1.9373779,-6.4923706,-9.849121

9549230676595,1.243393,-6.4541626,-11.056564

9549430871907,4.435959,-2.7467346,-3.5281677

9549632043782,4.744568,-0.875412,6.0444946

9549832239095,3.571045,-0.60202026,2.3856354

9550032434407,-1.3069305,-6.7235107,-11.621307

9550232629720,-1.1945801,-7.5423584,-10.493134

9550432825032,-1.94487,-6.5543823,-8.920303

9550633020345,0.23936462,-7.237793,-11.942062

9550833215657,3.4473877,-3.730545,-4.897232

9551033410970,4.405716,-0.9240875,6.4100037

9551233606282,4.776825,-0.7490082,3.2944489

9551434778157,-2.4165344,-6.027603,-9.760452

9551634973470,-2.362976,-7.675186,-11.409576

9551835168782,-3.0258026,-5.6063995,-8.000412

9552034387532,-3.2350311,-5.2585144,-7.7086945

9552235559407,-1.5499725,-7.778244,-12.156891

9552435754720,1.5029755,-5.3957367,-9.102875

9552635950032,1.0713043,0.3961792,4.9454803

9552836145345,7.062805,1.6121979,5.180542

9553036340657,4.4604645,-2.625824,-0.16601562

9553236535970,-3.106369,-7.3047943,-10.493256

9553326379720,-2.8513184,-8.917618,-12.381363

9553522668782,-2.6166077,-6.8812103,-7.6143036

9553727746907,-2.8009644,-6.2998047,-8.077179

9553927942220,-0.81752014,-7.515457,-12.272339

9554128137532,2.6303253,-4.122589,-6.334854

9554327356282,2.6297302,0.6886139,6.6407776

9554527551595,5.413803,1.3752289,3.6125946

9554727746907,-0.70861816,-6.9986725,-8.394714

9554928918782,-2.7914429,-10.756332,-9.821869

9555129114095,-3.105423,-11.431519,-4.339508

9555329309407,-0.99331665,-5.231018,4.21756

9555530481282,0.14485168,1.9779358,8.301559

9555730676595,-0.18101501,3.4826965,8.895355

9553436731282,-1.9823608,-8.428329,-9.913269

9553635950032,-3.1070862,-5.885849,-6.833908

9553838098470,-1.893692,-7.5510406,-11.112152

9554037317220,1.12117,-5.9083557,-10.070145

9554238489095,3.5675964,-1.8460083,-0.65267944

9554438684407,3.4444122,2.6947937,8.686111

9554637903157,3.1394806,-2.9107513,-2.9310455

9554838098470,-3.0941162,-9.759552,-10.745453

9555038293782,-2.6367188,-11.838684,-7.515518

9555238489095,-2.2261047,-9.081146,0.5720215

9555439660970,-0.14602661,-0.22390747,7.2052917

9555639856282,-0.09140015,3.3274841,8.652664

9555840051595,-0.14198303,2.838089,9.269424

9555873132650,0.8306427,3.878189,9.311676

9555880945150,0.5402374,3.0141144,9.490204

9555888757650,-0.41429138,2.34523,8.678497

9555896570150,-0.16435242,2.3333282,9.123627

9555904535237,0.15937805,2.8998566,9.318817

9555926904622,0.18556213,2.5642242,9.454498

9555938684407,-0.01689148,2.6999054,9.351898

9555943445150,0.13557434,2.1690826,9.844879

9555959405843,-0.12388611,1.7215729,9.606842

9555969415608,-0.39762878,1.8025055,9.452118

9555979974691,-0.045333862,2.0357819,9.880585

9555989953939,0.19508362,2.826065,9.921051

9555999994222,0.19032288,3.3783112,10.021027

9556010003987,0.7735138,3.261673,10.270966

9556019494954,-0.092941284,2.5642242,8.907013

9556030023519,-0.35954285,2.4832916,9.064117

9556040033284,0.14271545,2.9046173,9.478302

9556050073567,0.1712799,2.8284454,9.418793

9556060083333,-0.12150574,2.3523712,9.325958

9556069574300,-0.071517944,2.2857208,9.20694

9556079736653,-0.014389038,2.5618439,9.33548

9556090143148,0.08320618,2.7498932,9.306915

9556100183431,0.016555786,2.864151,9.325958

9556110162679,0.07368469,2.8355865,9.46402

9556119745198,0.34266663,2.780838,9.7187195

9556130182210,0.19984436,2.5975494,9.480682

9556140222493,-0.1000824,2.4356842,9.247406

9556145471517,0.039764404,2.587082,9.50032

9556150232259,-0.0667572,2.4713898,9.573517

9556160242025,0.13319397,2.6451569,9.947235

9556169885579,0.07606506,2.4642487,9.702057

9556180566732,-0.16197205,2.247635,9.497345

9556190545980,-0.08103943,2.2904816,9.6354065

9556200281087,-0.009628296,2.3809357,9.618744

9556210290853,-0.0667572,2.4142609,9.506866

9556219812337,-0.20957947,2.4809113,9.46402

9556230371419,0.057022095,2.6094513,9.780609

9556240350667,-0.007247925,2.478531,9.547333

9556250390950,-0.15245056,2.5070953,9.509247

9556260431233,0.0974884,2.6046906,9.637787

9556270013753,0.080825806,2.6808624,9.5520935

9556280481282,-0.892746,5.692032,9.161713

9556290491048,0.09034729,1.3740387,7.759674

9556300500814,0.42836,1.8286896,9.78537

9556310510579,0.39741516,2.4999542,10.04245

9556320093099,-0.52378845,1.9762726,9.654449

9556330682698,-0.32859802,1.978653,9.671112

9556340539876,0.04988098,2.1214752,9.704437

9556345819417,-0.03866577,2.4402008,9.518524

9556350580159,0.24983215,1.5287628,9.192657

9556360589925,0.19270325,2.530899,9.202179

