30204286522343,-0.7404022,-5.000595,8.402374

30204296287968,-0.6832733,-5.0601044,8.44046

30204306053593,-0.6832733,-5.069626,8.449982

30204315819218,-0.6689911,-5.0482025,8.454742

30204325584843,-0.7237396,-4.936325,8.490448

30204337303593,-0.68089294,-4.8887177,8.50235

30204347252323,-0.65708923,-4.8292084,8.50473

30204367088749,-0.6999359,-4.9387054,8.50473

30204377129032,-0.73802185,-4.898239,8.490448

30204386131718,-0.76182556,-4.8696747,8.466644

30204397026493,-0.7237396,-4.8887177,8.533295

30204417168094,-0.6594696,-4.8934784,8.557098

30204427116825,-0.63804626,-4.96727,8.547577

30204437645389,-0.56663513,-4.948227,8.50235

30204447685673,-0.66423035,-4.974411,8.471405

30204457176639,-0.68089294,-4.9268036,8.495209

30204466209843,-0.6999359,-4.936325,8.485687

30204477226688,-0.6594696,-4.9315643,8.5642395

30204487266971,-0.7189789,-4.9577484,8.547577

30204497795536,-0.6594696,-4.9125214,8.56662

30204507835819,-0.7094574,-4.8815765,8.528534

30204517845585,-0.7594452,-4.77684,8.63327

30204527916385,-0.71183777,-4.7911224,8.454742

30204537407352,-0.69755554,-4.853012,8.530914

30204547966434,-0.63090515,-4.9458466,8.4809265

30204557976200,-0.6190033,-5.043442,8.516632

30204568016483,-0.68803406,-4.955368,8.523773

30204578026249,-0.7975311,-4.84111,8.561859

30204587608768,-0.82847595,-4.8482513,8.526154

30204598076298,-0.559494,-5.0291595,8.621368

30204608116581,-0.62138367,-4.7982635,8.588043

30204603355839,-0.6785126,-4.910614,8.535202

30204618126346,-0.7832489,-4.860153,8.569

30204627708866,-0.6927948,-4.8887177,8.526154

30204732994510,-0.71183777,-4.924423,8.495209

30204743401005,-0.64042664,-4.9053802,8.56662

30204753441288,-0.69755554,-4.8696747,8.545197

30204763451053,-0.72850037,-4.83873,8.540436

30204773491337,-0.68089294,-4.879196,8.576141

30204783104374,-0.6785126,-4.9696503,8.56662

30204793480350,-0.6285248,-4.9767914,8.611847

30204803551151,-0.71421814,-4.891098,8.528534

30204813591434,-0.7665863,-4.9077606,8.557098

30204823875858,-0.74516296,-5.0291595,8.483307

30204833214237,-0.6666107,-5.072006,8.618988

30204843864872,-0.7689667,-5.0815277,8.571381

30204853905155,-0.7856293,-5.2457733,8.561859

30204863914921,-0.6594696,-5.2029266,8.597565

30204873955204,-0.5999603,-4.8434906,8.542816

30204883354618,-1.4307098,-2.5488129,8.50473

30204893272831,-0.44761658,-4.8363495,8.968903

30204904076053,0.41407776,-5.0862885,8.571381

30204914024784,-0.3952484,-5.302902,9.763947

30204924034550,-2.047226,-5.3576508,8.233368

30204934135868,-0.79039,-4.184128,8.347626

30204943382694,0.1641388,-4.7649384,8.992706

30204954124882,-0.5214081,-5.338608,8.350006

30204964165165,-1.2212372,-5.4766693,8.176239

30204973961307,-1.1165009,-5.174362,8.11911

30204984001591,-0.6285248,-5.1172333,8.307159

30204993492557,-0.62138367,-5.212448,8.31192

30205003990604,-0.7737274,-5.1624603,8.530914

30205014061405,-0.77134705,-4.9529877,8.43808

30205024071171,-0.57377625,-4.795883,8.442841

30205034111454,-0.6999359,-5.005356,8.50235

30205043602421,-0.7761078,-4.960129,8.399994

30205054130985,-0.7594452,-4.941086,8.364288

30205064171268,-0.7689667,-4.960129,8.4809265

30205074181034,-0.7499237,-5.045822,8.426178

30205084221317,-0.7189789,-5.03154,8.442841

30205079460575,-0.6901703,-5.0353546,8.508545

30205093712284,-0.73802185,-5.072006,8.378571

30205104332401,-0.67137146,-4.986313,8.378571

30205114281132,-0.66423035,-5.0101166,8.397614

30205124290897,-0.7023163,-5.012497,8.364288

30205134270145,-0.8260956,-5.3576508,8.507111

30205143822147,-0.8403778,-5.6694794,8.335724

30205154442264,-0.5690155,-5.595688,8.24765

30205164452030,-0.51426697,-5.4957123,8.066742

30205174400760,-0.6761322,-5.519516,8.157196

30205184441044,-0.68803406,-5.3552704,8.192902

30205193962528,-0.6332855,-5.1886444,8.335724

30205204826786,-0.6332855,-5.0981903,8.390472

30205214714481,-0.66423035,-5.0291595,8.526154

30205224754764,-0.75468445,-4.9125214,8.447601

30205234856083,-0.74516296,-4.8434906,8.552338

30205244072391,-0.66185,-4.879196,8.514252

30205254906132,-0.7094574,-4.8482513,8.471405

30205264854862,-0.6356659,-4.7911224,8.469025

30205274895145,-0.63090515,-4.8696747,8.569

30205284965946,-0.6499481,-4.807785,8.449982

30205280205204,-0.6804199,-5.117111,8.387619

30205294182255,-0.6927948,-4.743515,8.535675

30205305015995,-0.77848816,-4.7982635,8.545197

30205314964725,-0.7975311,-4.948227,8.397614

30205325005009,-0.8332367,-5.28862,8.473785

30205335014774,-0.71183777,-5.2862396,8.554718

30205344292118,-0.67375183,-4.9339447,8.592804

30205355125858,-0.6332855,-4.8506317,8.7118225

30205365074589,-0.50712585,-5.0529633,8.514252

30205375114872,-0.24290466,-5.436203,8.352386

30205385155155,-0.4618988,-5.764694,8.385712

30205394401981,-0.6689911,-5.8503876,8.302399

30205405266239,-0.82847595,-5.7361298,8.44046

30205415214969,-0.41667175,-5.652817,8.092926

30205425224735,0.030838013,-5.48143,8.402374

30205435265018,-0.1905365,-5.102951,7.952484

30205444542362,-0.5380707,-5.088669,7.533539

30205455315067,-0.5118866,-5.731369,7.200287

30205465324833,-0.41429138,-6.4978485,6.855133

30205475365116,-0.36192322,-7.457138,6.0767517

30205485374882,-0.52378845,-8.004623,5.353119

30205480614139,-0.53782654,-5.585327,7.963669

30205494682743,-0.6332855,-8.390244,4.981781

30205505241825,-0.7165985,-8.397385,4.6889954

30205515465214,-0.72135925,-8.330734,4.251007

30205525444462,-0.7761078,-8.383102,4.058197

30205535606815,-0.77848816,-8.590195,3.475006

30205544762089,-0.78086853,-9.13768,2.903717

30205555717899,-0.9236908,-9.687546,2.1348572

30205565697147,-0.98558044,-10.720627,1.2993469

30205575584843,-1.0070038,-11.325241,0.35671997

30205585625126,-0.98558044,-11.76561,-0.50735474

30205594902469,-0.9046478,-11.715622,-0.945343

30205605675175,-1.0641327,-11.294296,-0.84298706

30205615684940,-0.8998871,-11.099106,-0.65493774

30205625694706,-1.0498505,-11.130051,-0.47164917

30205635734989,-1.123642,-11.070541,-0.6835022

30205645164921,-1.104599,-11.260971,-0.8072815

30205655815555,-0.86180115,-11.206223,-0.7596741

30205665764286,-0.8641815,-11.001511,-0.31930542

30205688621952,-0.90571594,-10.249786,1.1487885

30205757042362,-0.19529724,-8.002243,2.3086243

30205766991093,-0.48332214,-7.649948,2.2610168

30205777031376,-0.64756775,-7.7308807,2.0325012

30205804771854,-0.20005798,-8.768723,2.3086243

30205816368534,0.6354523,-8.925827,3.2607727

30205826439335,0.6227417,-8.845566,3.3292236

30205836510135,0.54655457,-8.363922,3.7399292

30205846580936,0.47036743,-7.8822784,4.15065

30205856651737,0.28938293,-7.2546387,4.5861816

30205890678837,0.07130432,-7.5690155,6.0172424

30205901207401,0.3355255,-8.225998,6.1981506

30205911339237,0.67829895,-9.090073,6.8122864

30205921349003,0.77827454,-9.58757,7.2098083

30205931389286,0.7830353,-9.2495575,6.598053

30205941490604,0.47834778,-8.863937,6.6194763

30205950706913,0.13795471,-8.306931,6.340973

30205961540653,-0.045333862,-7.5737762,6.117218

30205971641971,-0.22148132,-7.3452606,6.060089

30205981499149,-0.19767761,-7.4976044,6.333832

30205991539432,-0.07627869,-7.6023407,6.2171936

30206000816776,0.11653137,-7.866562,6.276703

30206011650516,0.28077698,-7.8141937,6.5195007

30206021599247,0.20222473,-7.6213837,6.1267395

30206031609012,-0.05961609,-7.847519,6.4100037

30206041649296,-0.25480652,-7.7165985,6.2552795

30206050926639,-0.27146912,-7.699936,6.1267395

30206061760380,-0.30717468,-7.9165497,5.848236

30206071678593,-0.37382507,-8.078415,5.674469

30206081718876,-0.4214325,-7.976059,5.5959167

30206091759159,-0.5380707,-8.10936,5.769684

30206101097538,-0.5380707,-8.035568,5.7863464

30206111870243,-0.41905212,-8.11174,6.214813

30206121788456,-0.20481873,-8.040329,6.5623474

30206131828739,-0.28575134,-7.361923,6.4861755

30206141869022,-0.5380707,-6.995346,6.9551086

30206151146366,-0.17625427,-6.450241,6.7289734

30206161980106,-0.62376404,-7.5118866,6.867035

30206171928837,-0.43333435,-7.5642548,6.3623962

30206181938602,-0.35954285,-7.738022,6.214813

30206191978885,-0.3809662,-7.8118134,6.231476

30206201256229,-0.41429138,-7.654709,6.3314514

30206212089969,-0.3714447,-7.5118866,6.443329

30206222038700,-0.34288025,-7.333359,6.3957214

30206232078983,-0.34049988,-7.2095795,6.4742737

30206242119266,-0.347641,-7.4095306,6.817047

30206251366093,-0.21672058,-7.4166718,6.7170715

30206257469608,-0.37335205,-7.5836487,6.360733

30206262230350,-0.1405487,-7.3524017,6.586151

30206272179081,-0.27622986,-7.366684,6.3124084

30206282188846,-0.30955505,-7.354782,6.310028

30206292137577,-0.3143158,-7.4999847,6.329071

30206301506473,-0.30717468,-7.5761566,6.4219055

30206312340214,-0.22862244,-7.590439,6.4361877

30206322349979,-0.3809662,-7.5237885,6.4552307

30206332298710,-0.41667175,-7.392868,6.5099792

30206342277958,-0.38572693,-7.2857513,6.7503967

30206351616337,-0.37858582,-7.1405487,6.8456116

30206362450077,-0.38334656,-7.0167694,6.855133

30206372398807,-0.3952484,-7.002487,6.950348

30206382408573,-0.3952484,-7.104843,6.847992

30206392387821,-0.3714447,-7.166733,6.6670837

30206401726200,-0.31907654,-7.316696,6.719452

30206412590458,-0.32383728,-7.3762054,6.700409

30206422508671,-0.32383728,-7.400009,6.5195007

30206432548954,-0.39762878,-7.3381195,6.617096

30206442497684,-0.34526062,-7.161972,6.70755

30206451866581,-0.3047943,-7.08342,6.790863

30206457939579,-0.34657288,-7.2884827,6.6280518

30206462700321,-0.37382507,-7.071518,6.8146667

30206472649051,-0.44999695,-7.1976776,6.886078

30206482567264,-0.15959167,-6.9715424,6.759918

30206492699100,-0.6118622,-8.347397,6.7361145

30206501976444,-0.4214325,-7.1857758,6.617096

30206512871219,-0.43095398,-6.9334564,6.7361145

30206522911503,-0.47380066,-6.866806,6.7408752

30206532921268,-0.45713806,-7.2809906,6.9146423

30206542961551,-0.47380066,-7.1191254,6.817047

30206552086307,-0.3881073,-7.0500946,6.8146667

30206563042118,-0.43095398,-7.0619965,6.83609

30206572899296,-0.47618103,-6.859665,7.033661

30206582909061,-0.44047546,-6.7430267,7.116974

30206592918827,-0.30003357,-6.393112,7.2669373

30206602226688,-0.1738739,-6.307419,7.452606

30206612938358,-0.2238617,-6.3835907,7.490692

30206623009159,-0.27146912,-6.4978485,7.431183

30206633018925,-0.2976532,-6.416916,7.335968

30206643028690,-0.25004578,-6.435959,7.393097

30206652336551,-0.3143158,-6.6073456,7.290741

30206658317997,-0.36871338,-6.860611,7.047821

30206663078739,-0.32859802,-6.552597,7.28598

30206673119022,-0.36192322,-6.50737,7.233612

30206683128788,-0.35002136,-6.6192474,7.15506

30206693138553,-0.3381195,-6.76445,7.22171

30206702568485,-0.27622986,-6.833481,7.116974

30206713280155,-0.3381195,-6.8191986,6.9479675

30206723228885,-0.34526062,-7.0738983,7.086029

30206733208134,-0.3214569,-7.0858,6.919403

30206743278934,-0.30717468,-7.128647,6.9027405

30206752678348,-0.36668396,-6.9977264,7.0312805

30206763298466,-0.36192322,-6.976303,6.9336853

30206773338749,-0.38334656,-6.89299,7.0455627

30206783317997,-0.44285583,-6.852524,6.919403

30206793358280,-0.30955505,-7.0286713,6.9527283

30206802788212,-0.23576355,-6.76445,7.150299

30206813438846,-0.34049988,-6.866806,7.0503235

30206823448612,-0.34526062,-6.878708,7.105072

30206833458378,-0.2976532,-6.731125,7.259796

30206843498661,-0.2238617,-6.476425,7.3573914

30206852898075,-0.2738495,-6.540695,7.2669373

30206858787968,-0.3226471,-6.82312,7.1004333

30206863548710,-0.23338318,-6.624008,7.3526306

30206873558475,-0.16911316,-6.5930634,7.259796

30206883598759,-0.15483093,-6.5954437,7.3716736

30206893608524,-0.26670837,-6.405014,7.3907166

30206903038456,-0.2571869,-6.5430756,7.3335876

30206913658573,-0.43571472,-6.5311737,7.136017

30206923668339,-0.21434021,-6.840622,7.3335876

30206933708622,0.030838013,-6.559738,7.5121155

30206943718387,-0.17149353,-6.405014,7.3907166

30206953117801,-0.33573914,-6.3502655,7.426422

30206963768436,-0.28337097,-6.3883514,7.4430847

30206973808719,-0.14292908,-6.333603,7.4169006

30206983818485,-0.1905365,-6.4526215,7.4597473

30206993828251,-0.19529724,-6.538315,7.2955017

30207003227665,-0.16435242,-6.5811615,7.305023

30207013878300,-0.2071991,-6.7358856,7.2312317

30207023918583,-0.18101501,-6.738266,7.2550354

30207033928348,-0.1738739,-6.681137,7.2550354

30207043938114,-0.21672058,-6.5811615,7.22171

30207053337528,-0.19291687,-6.578781,7.34787

30207059227421,-0.21195984,-6.5485535,7.3316803

30207063988163,-0.31669617,-6.538315,7.2478943

30207073997928,-0.12864685,-6.7930145,7.245514

30207084038212,-0.10246277,-6.6787567,7.3954773

30207094047977,-0.19291687,-6.597824,7.3383484

30207103477909,-0.2071991,-6.4788055,7.385956

30207114098026,-0.1334076,-6.5026093,7.4811707

30207124107792,-0.15483093,-6.5359344,7.388336

30207134148075,-0.09770203,-6.519272,7.385956

30207144157841,-0.1334076,-6.5097504,7.4859314

30207153587772,-0.15483093,-6.4026337,7.3978577

30207164268925,-0.19767761,-6.359787,7.4407043

30207174217655,-0.21910095,-6.3812103,7.4478455

30207184257938,-0.20005798,-6.3835907,7.4859314

30207194267704,-0.21910095,-6.366928,7.521637

30207203697635,-0.119125366,-6.4335785,7.4668884

30207214317753,-0.20481873,-6.1955414,7.5882874

30207224327518,-0.10484314,-6.12175,7.5454407

30207234367801,-0.054855347,-6.1455536,7.7810974

30207244377567,-0.10246277,-6.0408173,7.7120667

30207253807499,-0.16435242,-6.014633,7.7620544

30207259697391,-0.15435791,-6.380493,7.496994

30207264458134,-0.19529724,-6.147934,7.683502

30207274467899,-0.16911316,-6.31456,7.6477966

30207284508182,-0.26194763,-6.371689,7.5192566

30207294487430,-0.2809906,-6.545456,7.3335876

30207303917362,-0.23338318,-6.9096527,7.131256

30207314567997,-0.15007019,-7.128647,6.9336853

30207324638798,-0.24052429,-6.995346,7.074127

30207334587528,-0.24528503,-6.769211,7.109833

30207344597294,-0.25242615,-6.712082,7.2240906

30207354057743,-0.13816833,-6.814438,7.2431335

30207364677860,-0.06913757,-6.602585,7.3264465

30207374687626,-1.0681152E-4,-6.224106,7.616852

30207384727909,-0.033432007,-5.80278,7.7239685

30207394707157,-0.073898315,-5.7147064,7.914398

30207404167606,-0.08103943,-5.7670746,7.9691467

30207414787723,-0.13816833,-5.8361053,7.7691956

30207424797489,-0.2071991,-6.1265106,7.6549377

30207434837772,-0.16197205,-6.4597626,7.5311584

30207444847538,-0.095321655,-6.5764008,7.5763855

30207454277469,-0.16435242,-6.405014,7.488312

30207460136844,-0.15983582,-6.4276276,7.4696198

30207464897587,-0.20005798,-6.476425,7.60495

30207474907352,-0.18815613,-6.3835907,7.483551

30207484947635,-0.21195984,-6.385971,7.683502

30207494957401,-0.1334076,-6.3574066,7.662079

30207504387333,-0.11198425,-6.393112,7.6335144

30207514824344,-0.06437683,-6.302658,7.54068

30207525169803,-0.16673279,-6.1526947,7.2836

30207535210087,-0.25480652,-6.245529,7.2312317

30207545219852,-0.21434021,-6.7168427,7.2359924

30207554497196,-0.19291687,-6.9644012,6.9217834

30207565269901,-0.035812378,-7.0381927,7.0836487

30207575127079,-0.073898315,-6.4645233,7.2836

30207585167362,-0.114364624,-5.8099213,7.8072815

30207595177128,-0.31907654,-6.1074677,7.47641

30207604576542,-0.25242615,-6.685898,7.2288513

30207615227176,-0.05961609,-7.040573,7.2812195

30207625236942,-0.07865906,-6.9739227,7.381195

30207635033085,-0.04057312,-6.7811127,7.3788147

30207645042850,0.06654358,-6.6382904,7.4597473

30207654686405,0.061782837,-6.393112,7.514496

30207660393192,-0.11401367,-6.4966583,7.4286804

30207665153934,0.10462952,-6.097946,8.002472

30207675163700,0.054641724,-5.6909027,8.092926

30207685203983,-0.116744995,-5.5218964,8.145294

30207695213749,-0.021530151,-5.6385345,8.514252

30207704796268,0.052261353,-5.091049,7.957245

30207715233280,-0.23100281,-4.941086,7.835846

30207725212528,-0.3214569,-5.6194916,7.9810486

30207735252811,-0.20481873,-6.3645477,7.5502014

30207745293094,-0.1738739,-6.7216034,6.905121

30207754906132,-0.25004578,-7.264328,7.0503235

30207765343143,-0.32859802,-7.6190033,6.540924

30207775352909,-0.26908875,-7.8046722,6.802765

30207785362675,-0.09056091,-7.361923,6.809906

30207795402958,-0.14530945,-7.66185,6.64328

30207805015995,-0.052474976,-7.7689667,6.7170715

30207815453007,0.0236969,-7.0167694,7.1145935

30207825462772,0.20698547,-6.090805,7.6787415

30207835503055,0.18318176,-4.77446,8.459503

30207845512821,0.011795044,-3.8342133,8.616608

30207855156376,-0.24290466,-4.7649384,8.061981

30207860863163,-0.10258484,-6.171982,7.559967

30207865623905,-0.13578796,-5.8884735,7.721588

30207875572635,0.09272766,-6.5311737,7.9239197

30207885979130,-0.10484314,-6.750168,7.752533

30207895866825,-0.2238617,-6.854904,7.3764343

30207905266239,-0.057235718,-6.814438,7.509735

30207915947391,0.0236969,-6.5502167,7.5502014

30207925926639,-0.047714233,-6.1717377,7.764435

30207935997440,-0.19767761,-5.8004,7.9024963

30207945946171,-0.24290466,-5.7266083,8.007233

30207955376102,-0.14292908,-5.80278,7.5382996

30207965752079,-0.06913757,-6.2812347,6.9527283

30207976036503,-0.12150574,-7.2738495,7.1836243

30207986076786,0.04750061,-6.9096527,7.4621277

30207996056034,0.033218384,-4.9839325,7.707306

30208005485966,-0.15245056,-4.141281,8.578522

30208016197635,-0.43333435,-5.73851,8.364288

30208026146366,-0.30955505,-6.9524994,7.1669617

30208036186649,0.021316528,-7.3690643,6.9408264

30208046196415,-0.22148132,-7.359543,6.712311

30208055595829,-0.4452362,-7.6475677,6.738495

30208060753300,-0.13876343,-6.4660645,7.4920044

30208065514042,-0.2238617,-7.66185,6.70755

30208076225712,-0.16911316,-7.657089,6.617096

30208086265995,-0.06199646,-7.231003,6.778961

30208096306278,0.02607727,-6.712082,7.305023

30208106407596,0.21650696,-6.3121796,7.892975

30208115593387,0.33314514,-5.526657,8.533295

30208126335575,0.07130432,-4.58403,8.44046

30208136375858,-0.19767761,-4.429306,8.31192

30208146446659,-0.0667572,-5.345749,8.173859

30208156456425,0.15699768,-5.969406,7.8786926

30208165703251,0.1308136,-6.116989,7.5573425

30208176445438,0.035598755,-6.5240326,7.426422

30208186485721,-0.092941284,-7.0167694,7.2502747

30208196495487,0.09510803,-7.0429535,7.302643

30208206535770,0.011795044,-6.7477875,7.400238

30208215813114,-0.07627869,-6.3954926,7.66922

30208226555301,-0.11198425,-5.981308,7.747772

30208236595585,-0.06199646,-5.969406,7.983429

30208246605350,-0.026290894,-5.93132,7.8334656

30208256676151,-0.12388611,-5.9527435,7.5002136

30208261162235,0.0015563965,-6.181381,7.663986

30208265922977,-0.057235718,-6.181259,7.676361

30208276787235,-0.073898315,-6.481186,7.1931458

30208286735966,-0.20481873,-6.76445,6.938446

30208296715214,-0.18101501,-6.9739227,7.1003113

30208306786014,-0.17149353,-6.393112,7.369293

30208316063358,-0.23576355,-6.109848,7.407379

30208326866581,-0.19291687,-5.9598846,7.8786926

30208336845829,0.021316528,-5.8313446,7.892975

30208346855594,-0.05961609,-6.0550995,7.783478

30208356895878,-0.035812378,-6.3645477,7.888214

30208366142704,-0.012008667,-6.326462,7.73349

30208376762821,-0.19291687,-6.519272,7.362152

30208386711551,-0.23576355,-6.7216034,7.1669617

30208396721317,-0.21195984,-6.783493,7.143158

30208406792118,-0.16911316,-6.885849,7.0503235

30208416252567,-0.047714233,-6.8572845,6.990814

30208426872684,0.0070343018,-6.7549286,6.9217834

30208436821415,0.0022735596,-6.9263153,6.995575

30208446831180,-0.014389038,-6.9786835,7.09079

30208456901981,-0.023910522,-6.8239594,7.09317

30208461601688,-0.10746765,-6.5673523,7.3012085

30208466362430,-0.116744995,-6.835861,7.0241394

30208476890995,-0.13816833,-7.0762787,6.7480164

30208486931278,-0.052474976,-7.161972,6.776581

30208496971561,0.078445435,-6.852524,7.0050964

30208506950809,0.040359497,-6.564499,7.3193054

30208516472294,-0.007247925,-6.4335785,7.3454895

30208527092411,-1.0681152E-4,-6.4288177,7.362152

30208537071659,-0.052474976,-6.385971,7.271698

30208547172977,-0.19291687,-6.70018,7.2359924

30208557121708,-0.15245056,-7.01915,7.040802

30208566582157,-0.08580017,-7.2690887,7.0169983

30208577171757,-0.13816833,-7.226242,6.969391

30208587151005,-0.12150574,-6.9929657,7.0646057

30208597435428,-0.054855347,-6.8906097,7.207428

30208607414676,0.07130432,-6.628769,7.533539

30208616692020,0.030838013,-6.226486,7.6025696

30208627495243,-0.035812378,-6.031296,7.6549377

30208637535526,-0.045333862,-6.0741425,7.8072815

30208647514774,0.114151,-5.783737,8.059601

30208657555057,-0.15245056,-5.2648163,7.850128

30208662041141,-0.054382324,-6.5247498,7.330963

30208666801884,-0.19291687,-5.4838104,7.747772

30208677574589,-0.09770203,-5.9836884,7.6739807

30208687675907,0.016555786,-6.1074677,7.5692444

30208697655155,-0.07627869,-6.1764984,7.766815

30208707634403,-0.18339539,-6.1193695,7.707306

30208716911747,-0.054855347,-5.8384857,7.873932

30208727653934,-0.01676941,-5.681381,7.952484

30208737663700,-0.0024871826,-5.659958,8.252411

30208747703983,-0.114364624,-5.3552704,8.585663

30208757744266,-0.21195984,-5.3314667,8.399994

30208767174198,-0.24528503,-5.538559,8.276215

30208777763798,-0.17625427,-5.8432465,8.18338

30208787773563,-0.057235718,-6.2788544,7.662079

30208797813846,-0.028671265,-6.643051,7.431183

30208807823612,0.102249146,-8.43309,5.705414

30208817253544,-1.1760101,-9.19957,6.4361877

30208827873661,0.040359497,-6.559738,6.764679

30208837883426,0.9877472,-5.614731,6.091034

30208847923710,0.33314514,-6.5168915,6.5052185

30208857719852,-0.21672058,-7.271469,6.4028625

30208862572147,-0.07937622,-6.379547,7.3714294

30208867332889,-0.40953064,-7.438095,6.188629

30208877769901,-0.1405487,-7.7951508,6.3005066

30208887779667,0.14985657,-8.142685,6.060089

30208897819950,-0.092941284,-8.316452,5.507843

30208907799198,0.10700989,-9.275742,5.660187

30208917473270,0.037979126,-8.609238,5.814911

30208927879764,-0.18101501,-7.6642303,6.0505676

30208937889530,-0.21195984,-7.442856,6.314789

30208947899296,-0.21434021,-7.526169,6.674225

30208957909061,-0.31907654,-7.464279,6.783722

30208967583134,-0.39762878,-7.0500946,6.778961

30208977989628,-0.41905212,-6.969162,6.859894

30208987999393,-0.36668396,-7.2024384,6.824188

30208998009159,-0.17625427,-7.495224,6.700409

30209008018925,-0.052474976,-7.8379974,6.400482

30209017692997,0.04273987,-7.8189545,6.4338074

30209028099491,0.099868774,-6.995346,6.957489

30209038109257,0.35456848,-6.938217,7.066986

30209048119022,0.3855133,-6.840622,7.5811462

30209058159305,0.3355255,-5.681381,8.157196

30209063042118,-0.04664612,-7.37764,6.6647034

30209067802860,0.12605286,-4.486435,8.366669

30209078209354,0.061782837,-4.7839813,8.818939

30209088219120,0.099868774,-4.986313,8.24765

30209098259403,-0.014389038,-5.443344,7.714447

30209108238651,-0.14530945,-6.3455048,7.464508

30209117912723,-0.30955505,-7.2286224,6.7932434

30209128319218,-0.48094177,-7.642807,6.488556

30209138328983,-0.4214325,-7.6713715,6.250519

30209148338749,-0.14768982,-7.797531,6.079132

30209158440067,-0.1905365,-7.6332855,6.759918

30209167992069,-0.092941284,-6.9263153,6.631378

30209178429081,-0.095321655,-6.5502167,6.4718933

30209188438846,-0.19529724,-7.045334,6.681366

30209198448612,-0.021530151,-7.9022675,7.707306

30209208733036,0.059402466,-6.983444,7.355011

30209218132450,0.14271545,-6.1455536,8.047699

30209228752567,0.0236969,-5.6885223,7.54068

30209238762333,0.033218384,-5.3576508,7.854889

30209248802616,-0.12150574,-5.3052826,8.266693

30209258812382,-0.19767761,-6.031296,7.438324

30209263481571,-0.106277466,-6.5231934,7.3071594

30209268242313,-0.11198425,-6.995346,7.5311584

30209278862430,-0.0048675537,-6.57164,7.4240417

30209288872196,-0.16911316,-6.076523,7.6977844

30209298881962,-0.2881317,-6.05986,7.5121155

30209308922245,-0.12150574,-6.1979218,7.2693176

30209318352176,-0.13102722,-6.5311737,6.9336853

30209328972294,-0.073898315,-6.719223,7.2931213

30209338982059,-0.03819275,-6.5740204,7.309784

30209348991825,0.0070343018,-6.8691864,7.302643

30209359032108,-0.06437683,-6.7549286,7.5263977

30209368462040,-0.12864685,-6.3645477,7.4549866

30209379082157,-0.17863464,-6.821579,7.1217346

30209389122440,-0.16435242,-6.852524,7.0384216

30209399101688,-0.13102722,-6.8810883,7.0050964

30209409141971,0.061782837,-7.438095,7.1669617

30209418571903,0.17842102,-7.673752,6.8908386

30209429192020,0.23316956,-7.347641,7.131256

30209439201786,0.14271545,-6.3645477,7.495453

30209449211551,0.08796692,-5.4600067,8.409515

30209459251835,-0.114364624,-4.762558,8.276215

30209463890507,-0.05783081,-6.462494,7.4164276

30209468651249,-0.25956726,-4.929184,8.069122

30209479301884,-0.3714447,-5.652817,7.8715515

30209489311649,-0.35954285,-6.1764984,7.6596985

30209499107792,-0.40715027,-6.8049164,6.548065

30209509239628,-0.18815613,-8.126022,6.462372

30209518761112,-0.009628296,-8.390244,6.3885803

30209529503300,0.10939026,-7.4785614,6.650421

30209539543583,-0.15245056,-6.9477386,6.6408997

30209549583866,-0.071517944,-7.0762787,7.3264465

30209559593632,0.099868774,-6.424057,7.8977356

30209568870975,0.030838013,-5.0291595,7.7572937

30209579521610,-0.119125366,-3.8294525,9.111725

30209589531376,-0.31193542,-3.8246918,9.042694

30209599541141,-0.18815613,-5.6623383,8.047699

30209609581425,0.31886292,-6.6002045,7.7287292

30209618950321,0.040359497,-6.9786835,7.2240906

30209629631473,-0.28337097,-7.4023895,6.64328

30209639641239,-0.25242615,-7.668991,6.457611

30209649651005,-0.24528503,-7.9593964,6.559967

30209659660770,-0.114364624,-7.7808685,6.6908875

30209664299442,-0.11793518,-6.654114,7.2876434

30209669060184,0.11653137,-7.2690887,7.0431824

30209679741337,0.22364807,-6.521652,7.726349

30209689720585,0.10939026,-5.281479,8.18338

30209699760868,-0.2071991,-4.8815765,7.7739563

30209709770634,-0.2071991,-6.181259,7.6716003

30209719200565,-0.026290894,-6.9453583,7.2621765

30209729790165,0.0070343018,-6.557358,7.1455383

30209739799930,0.24507141,-5.121994,8.338104

30209749840214,-0.25480652,-3.858017,8.514252

30209759849979,-0.5023651,-5.519516,8.047699

30209769340946,0.08320618,-7.0358124,7.6406555

30209779930546,0.26649475,-6.9977264,7.547821

30209789909794,-0.119125366,-6.5668793,7.052704

30209799950077,-0.18815613,-7.104843,6.912262

30209809959843,0.018936157,-7.738022,6.874176

30209819389774,0.13319397,-7.676132,6.9622498

30209830009891,0.11891174,-6.995346,7.4978333

30209840019657,-0.07627869,-5.781357,7.7882385

30209850059940,-0.24052429,-4.7649384,7.73349

30209860069706,-0.20957947,-4.883957,8.076263

30209864738895,-0.04890442,-6.101639,7.6267242

30209869499637,-0.15245056,-5.6194916,7.785858

30209880302860,0.016555786,-6.609726,7.6858826

30209890129520,-0.0024871826,-6.6763763,7.585907

30209900169803,-0.18577576,-6.514511,7.638275

30209910149051,-0.31193542,-6.5502167,7.490692

30209919609501,-0.30717468,-7.1072235,6.828949

30209930412723,-0.054855347,-7.66185,6.77182

30209940239384,0.04750061,-7.3833466,6.8384705

30209950249149,0.078445435,-6.871567,7.438324

30209960258915,-0.050094604,-5.9670258,7.957245

30209969688846,-0.18815613,-4.981552,8.085785

30209980217411,-0.22624207,-5.186264,7.5835266

30209990349247,-0.009628296,-6.540695,7.3788147

30210000359012,0.08558655,-7.1000824,6.847992

30210010368778,-0.014389038,-7.3524017,6.6670837

30210019798710,-0.033432007,-7.438095,7.404999

30210030266239,0.19032288,-5.897995,8.352386

30210040428593,0.028457642,-4.6506805,8.050079

30210050468876,-0.5190277,-5.6242523,7.8191833

30210060478641,-0.07865906,-6.5668793,7.7739563

30210065819218,-0.0773468,-6.4522705,7.496399

30210070579960,-0.012008667,-6.3645477,7.7287292

30210079857303,-0.2238617,-5.6766205,8.045319

30210090691044,-0.3143158,-5.0553436,8.069122

30210100578739,-0.25242615,-5.698044,7.812042

30210110588505,-0.1572113,-6.2978973,7.426422

30210120689823,-0.14292908,-6.409775,7.264557

30210129906132,-0.14292908,-6.816818,7.214569

30210140739872,-0.04295349,-7.01915,7.252655

30210150688602,-0.11198425,-6.5621185,7.66922

30210160698368,-0.20957947,-6.1050873,7.9810486

30210170769169,-0.22862244,-5.512375,7.6025696

30210180015995,-0.38572693,-6.4597626,7.233612

30210190819218,-0.114364624,-7.2095795,6.7932434

30210200767948,0.6425934,-7.79039,6.4599915

30210210808231,-0.74754333,-7.3952484,7.2812195

30210220848514,-0.67137146,-7.047714,6.8051453

30210230125858,0.23078918,-7.7546844,6.8003845

30210240959598,0.7901764,-7.3904877,7.464508

30210250877811,0.48786926,-5.7028046,8.214325

30210260918094,-0.35002136,-4.055588,8.154816

30210266197635,-0.112335205,-6.3236084,7.5118713

30210270958378,-0.30241394,-4.512619,8.69278

30210280205204,0.06416321,-5.5552216,8.24765

30210291038944,0.24745178,-6.424057,8.090546

30210300987675,-0.007247925,-6.3050385,7.6216125

30210310997440,-0.3143158,-6.1122284,7.2169495

30210321068241,-0.1405487,-6.0217743,7.533539

30210330345585,-0.32621765,-5.9003754,6.821808

30210341148807,-0.24290466,-6.1050873,7.623993

30210351097538,-0.06199646,-5.8765717,7.4930725

30210361137821,-0.17625427,-5.7361298,7.5073547

30210371178104,-0.24528503,-6.333603,8.088165

30210380516483,-0.26194763,-6.5930634,7.8572693

30210391289188,-0.29527283,-6.340744,7.316925

30210401237919,-0.15959167,-6.4192963,7.2764587

30210411247684,-0.5713959,-6.981064,6.912262

30210421318485,-0.7356415,-7.9474945,6.590912

30210430565311,-0.3381195,-8.568771,6.0172424

30210441399051,-0.23338318,-9.425705,5.560211

30210451317264,0.21888733,-9.656601,5.8648987

30210461357548,1.0901031,-8.666367,7.8596497

30210466667606,-0.10948181,-6.8306274,7.252899

30210471428348,0.29981995,-5.6432953,7.5573425

30210480675175,-0.42381287,-4.0413055,7.8215637

30210491508915,0.1308136,-4.4459686,9.126007

30210501457645,0.040359497,-3.6842499,8.252411

30210511894657,-0.31669617,-2.5654755,8.652313

30210521477176,-0.38572693,-3.7866058,8.854645

30210530785038,-0.57377625,-5.4457245,7.831085

30210541679813,0.19746399,-6.1384125,8.557098

30210551567509,-0.047714233,-5.8813324,8.235748

30210561607792,-0.10960388,-5.667099,8.485687

30210571678593,0.2046051,-5.421921,8.657074

30210580894901,0.24031067,-4.610214,8.804657

30210591759159,-0.092941284,-4.395981,8.75943

30210601707889,-0.1738739,-5.03154,8.24527

30210611717655,-0.057235718,-6.1503143,7.5573425

30210621788456,0.028457642,-6.931076,6.821808

30210631035282,-0.0048675537,-7.40477,6.3576355

30210641869022,0.32600403,-7.7689667,5.6958923

30210651817753,-0.32859802,-7.7808685,5.9482117

30210661827518,-0.6190033,-7.776108,5.410248

30210667107059,-0.110443115,-5.6571045,7.657074

30210671867801,-0.24290466,-8.214096,5.0674744

30210681145145,-0.095321655,-8.630661,4.39859

30210691887333,-0.24290466,-9.07103,3.865387

30210701927616,-0.33573914,-9.342392,3.9201355

30210711937382,-0.59043884,-9.218613,4.0153503

30210721977665,-0.57377625,-8.987717,3.8320618

30210731255009,-0.5428314,-9.047226,3.8630066

30210741997196,-0.5023651,-9.028183,4.0415344

30210752037479,-0.17863464,-9.161484,3.7535095

30210762047245,-0.4285736,-8.828232,3.7725525

30210772087528,-0.46665955,-8.88298,3.7035217

30210781364872,-0.65708923,-8.982956,3.2345886

30210792107059,-0.65470886,-9.182907,3.2417297

30210802147343,-0.707077,-9.347153,2.9299011

30210812157108,-0.7404022,-9.259079,2.9275208

30210822258426,-0.5951996,-9.256699,2.544281

30210887230350,-0.59091187,-9.303116,3.2204285

30210910362675,-1.1307831,-9.504257,1.454071

30210930626346,-0.92845154,-9.182907,0.8304138

30210932213260,0.6021271,-9.742294,2.0943909

30210956749393,-0.6689911,-9.494736,1.1993713

30210966789676,-0.81181335,-9.639938,1.4183655

30211127464725,-0.90405273,-9.564606,1.5716553

30211188011600,-0.9454651,-9.576508,1.6882935

30211330589725,-0.85691833,-9.569473,1.8451691

30211391136600,-0.84716797,-9.576736,1.9316864

30211531761600,-0.8921509,-9.556274,1.9835815

30211590355350,-0.90571594,-9.547821,1.9807281

30211732919984,-0.9802246,-9.545563,1.8995514

30211793466859,-1.0280762,-9.54306,1.882782

30211932138734,-0.96321106,-9.535324,2.0202484

30211990732484,-0.92274475,-9.550552,1.9957275

30212129404359,-0.87179565,-9.557098,1.9250336

30212189951234,-0.9110718,-9.554718,1.903717

30212330576234,-0.8370514,-9.523544,2.069748

30212389169984,-0.7917023,-9.499252,2.1386719

30212531748109,-1.0691376,-9.697311,2.300766

30212590341859,-1.0481873,-9.080429,3.2970734

30212732919984,-0.41096497,-7.385376,6.141861

30212791513734,-0.09031677,-7.2013702,6.751236

30212932138734,0.17829895,-6.404297,6.688385

30212990732484,-0.17863464,-7.628998,4.512497

30213133310609,-1.1829071,-9.965576,0.8082733

30213191904359,-0.7602844,-10.219437,0.60427856

30213334482484,-0.45321655,-10.853577,-1.2159882

30213395029359,-1.2315979,-9.980682,-1.2894287

30213533701234,-2.509964,-8.061874,-1.060791

30213594248109,-2.958191,-8.113281,-1.7619324

30213734873109,-3.202301,-8.750397,-2.529358

30213793466859,-2.9485474,-9.349533,-1.2634735

30213934091859,-0.5746155,-8.504379,5.6320953

30213994638734,0.4245453,-6.4970093,8.149216

30214135263734,-0.22731018,-4.064163,8.983429

30214193857484,-0.48284912,-3.8291016,9.193253

30214334482484,-0.29800415,-4.3615875,9.0703125

30214393076234,-0.5259247,-5.6237793,7.694931

30214535654359,-1.0045013,-8.042709,5.5934143

30214594248109,-0.92988586,-7.591629,6.194336

30214736826234,-0.7795563,-6.2473145,7.451767

30214795419984,-0.86524963,-6.8359833,6.2477875

30214936044984,-0.89071655,-9.890121,0.8705292

30214996591859,-1.0879364,-10.235977,-0.13375854

30215137216859,-2.6167297,-8.835022,0.04084778

30215197763734,-2.9034424,-8.714569,0.019058228

30215336435609,-2.098877,-9.371201,2.4296722

30215396982484,-1.848114,-9.323822,3.7255402

30215537607484,-1.9172516,-7.898224,6.0442657

30215598154359,-2.495575,-6.0601044,7.142563

30215736826234,-1.7553864,-2.2257996,8.287048

30215797373109,-0.81895447,-1.6734314,9.167908

30215937998109,-0.89071655,-3.4111023,9.41391

30215998544984,-1.3704834,-6.205063,7.771576

30216139169984,-3.6010132,-8.948441,3.506897

30216199716859,-3.228363,-7.9221497,2.422882

30216338388734,0.29374695,-8.102463,2.646164

30216398935609,1.2145996,-9.567093,3.2546997

30216539560609,1.0139313,-9.349533,3.8117065

30216600107484,0.7672119,-9.293121,3.962143

30216738779359,0.91918945,-8.765747,5.052124

30216799326234,0.466568,-7.559967,5.763489

30216941904359,-0.73135376,-6.712799,7.245514

30217000498109,-0.8770294,-6.540344,7.316925

30217141123109,-0.72088623,-6.6768494,7.1089935

30217201669984,-0.701004,-7.424652,6.104965

30217340341859,-0.796463,-8.835022,4.0033264

30217400888734,-0.6710205,-8.6536255,4.4250183

30217541513734,-0.021774292,-8.6011505,4.989273

30217600107484,0.044769287,-8.388809,5.167923

30217742685609,-0.15530396,-7.6092377,6.1865997

30217801279359,-0.2149353,-7.535568,6.2926483

30217941904359,-0.17922974,-7.5059357,6.394287

30218002451234,-0.17054749,-7.4269104,6.4808197

30218143076234,-0.018676758,-7.398575,6.7292175

30218201669984,-0.35061646,-7.5822296,6.2492065

30218344248109,-0.79574585,-8.281586,5.180542

30218402841859,-0.6645813,-8.398575,5.153412

30218543466859,-0.5793762,-8.45665,4.814209

30218604013734,-0.5712738,-8.535202,4.788498

30218744638734,-0.70243835,-8.409882,4.93132

30218803232484,-0.3375244,-7.8457336,5.526291

30218945810609,-0.009155273,-7.9214325,5.8365784

30219004404359,-0.1943512,-8.19339,5.636032

30219148935609,-0.23266602,-7.8959656,5.866333

30219209482484,-0.2232666,-7.875244,5.88501

30219348154359,-0.06390381,-7.7731323,6.0810394

30219406748109,-0.13162231,-7.8448944,5.923935

30219547373109,-0.7426605,-8.50914,4.858246

30219605966859,-0.6974335,-8.232193,5.2226715

30219746591859,-0.36286926,-7.7097015,6.309189

30219807138734,-0.34907532,-7.3699036,6.482361

30219945810609,-0.2848053,-6.7424316,6.964386

30220006357484,-0.2864685,-7.1536407,6.7626495

30220148935609,-0.28277588,-7.20018,6.705887

30220207529359,-0.30955505,-7.250641,6.661484

30220348154359,-0.2927704,-7.207443,6.692795

30220406748109,-0.28456116,-7.122452,6.7808685

30220547373109,-0.28729248,-7.270874,6.638275

30220607919984,-0.25289917,-7.2275543,6.635544

30220748544984,-0.19862366,-7.199112,6.6735077

30220807138734,-0.20648193,-7.2294617,6.687561

30220949716859,-0.23432922,-7.259094,6.643524

30221008310609,-0.26705933,-7.2176666,6.6592255

30221150888734,-0.27052307,-7.218155,6.707428

30221209482484,-0.16767883,-6.9961853,6.886322

30221350107484,-0.14352417,-7.0408173,6.828705

30221410654359,-0.23052979,-7.239334,6.622696

30221549326234,-0.21897888,-7.1726837,6.7225494

30221609873109,-0.212677,-7.2156525,6.7478943

30221752451234,-0.15673828,-7.2242126,6.715042

30221811044984,-0.15376282,-7.212799,6.687195

30221951665850,-0.2287445,-7.0302124,6.8581085

30222010259600,-0.22123718,-7.102112,6.745987

30222150884600,-0.2693329,-7.2336273,6.6088867

30222211431475,-0.2842102,-7.360855,6.551285

30222352056475,-0.2993164,-7.5875854,6.2531433

30222410650225,-0.3171692,-7.6772003,6.1470947

30222553228350,-0.4002533,-7.9479675,5.8251495

30222611822100,-0.42274475,-7.932373,5.804199

30222756353350,-0.41929626,-7.950592,5.7686157

30222816900225,-0.42832947,-7.987961,5.737549

30222953618975,-0.43785095,-7.9934387,5.72612

30223014165850,-0.4326172,-8.007004,5.700058

30223154790850,-0.44178772,-8.037109,5.6469727

30223213384600,-0.45166016,-8.028305,5.6449585

30223354009600,-0.4519043,-8.048187,5.624954

30223414556475,-0.4491577,-8.05545,5.616501

30223555181475,-0.44999695,-8.0503235,5.617096

30223613775225,-0.45726013,-8.052582,5.624008

30223756353350,-0.4429779,-8.052582,5.6341248

30223814947100,-0.44250488,-8.043655,5.643997

30223994543048,-0.45046997,-8.03949,5.637924

30224223150225,-0.45510864,-8.071152,5.6124573

30224422368975,-0.44761658,-8.078659,5.572586

30224621587725,-0.45689392,-8.078064,5.5860443

30224822759600,-0.4492798,-8.091263,5.5679474

30225021978350,-0.46142578,-8.114471,5.539505

30225223150225,-0.47106934,-8.142929,5.482727

30225424322100,-0.47772217,-8.114471,5.521652

30225623540850,-0.405365,-8.118408,5.5053406

30225822759600,-0.47010803,-8.195648,5.4203644

30224074712725,-0.44429016,-8.041763,5.636383

30224283697100,-0.4519043,-8.083893,5.5934143

30224482915850,-0.45285034,-8.073181,5.5747375

30224682134600,-0.45237732,-8.083893,5.5737762

30224883306475,-0.45213318,-8.094238,5.5734253

30225082525225,-0.46487427,-8.136612,5.500824

30225283697100,-0.48010254,-8.115433,5.5178375

30225482915850,-0.4724884,-8.144714,5.4976044

30225684087725,-0.3832245,-8.117218,5.4853516

30225883306475,-0.4679718,-8.2426605,5.37204

30226119298907,0.024887085,-7.092346,6.6914825

30226119298907,0.024887085,-7.092346,6.6914825

30226162267657,-0.6689911,-8.393219,5.4138184

30226207189532,-0.7737274,-8.540802,5.193039

30226252111407,-0.5708008,-8.000458,5.8268127

30226297033282,-0.6410217,-7.7035065,6.143997

30226341070147,-0.82847595,-7.4595184,6.0886536

30226381017657,-0.8754883,-7.5832977,5.9529724

30226422033282,-0.71362305,-8.044495,5.564377

30226461095782,-0.7850342,-8.490814,5.3626404

30226502111407,-1.1914825,-8.04866,5.585205

30226541295977,-0.78027344,-8.0308075,5.7875366

30226580236407,-0.7427826,-7.7552795,6.0297394

30226621252032,-0.88500977,-7.745758,6.188034

30226660314532,-0.9498749,-7.7755127,6.1207886

30226701330157,-1.0385437,-7.8058624,6.173752

30226741643878,-1.0224762,-7.881439,5.977371

30226781408282,-0.9629669,-7.789795,5.931549

30226822423907,-1.1611328,-7.69339,6.041641

30226863439532,-1.5913849,-7.5291443,5.9743958

30226902502032,-1.7484894,-7.4797516,5.8750153

30226942296954,-1.5646057,-7.7731323,5.725647

30226980627032,-1.3468018,-7.7749176,5.834549

30227021642657,-1.245636,-7.913574,5.5935364

30227060705157,-1.3622742,-7.911194,5.6643524

30227101720782,-1.3902435,-8.008789,5.630432

30227142431231,-1.5693665,-7.770157,5.667923

30227181798907,-1.450943,-8.089722,5.65007

30227222814532,-1.3438263,-8.307526,5.3263397

30227263830157,-1.5443726,-8.068893,5.050812

30227302892657,-1.5229492,-8.128403,4.5919952

30227343755694,-1.6865997,-8.33371,4.2992096

30227382970782,-1.5806732,-8.734802,4.1974487

30227423986407,-1.5098572,-8.889526,4.4604797

30227463048907,-1.2337341,-8.81752,4.6324615

30227504064532,-1.2771759,-8.432495,4.616394

30227543218585,-1.2438507,-8.30336,4.8437195

30227582189532,-1.2694397,-8.43309,4.9466705

30227623205157,-1.1486359,-8.585434,4.7235107

30227662267657,-1.5068817,-8.30455,4.8109894

30227703283282,-1.4693909,-8.250397,4.6967316

30227743597003,-1.0992432,-8.237305,5.0401

30227783361407,-0.8820343,-8.009979,5.4667816

30227824377032,-0.81954956,-7.9397583,5.9095306

30227865392657,-0.8332367,-7.9153595,5.911316

30227904455157,-0.7570648,-8.443802,5.4739227

30227944250079,-0.83740234,-8.546158,4.898468

30227984533282,-0.91238403,-8.675293,4.5556946

30228025548907,-0.46487427,-9.003784,4.487259

30228064611407,-0.47261047,-8.662201,4.572357

30228105627032,-0.49998474,-8.747894,4.5925903

30228144475909,-0.5624695,-8.702072,4.5170135

30228183752032,-0.610672,-8.688385,4.5431976

30228224767657,-0.5957947,-8.735397,4.4664307

30228263830157,-0.64042664,-8.655655,4.5664062

30228304845782,-0.62138367,-8.709213,4.5342712

30228345067950,-0.6517334,-8.75087,4.455124

30228384923907,-0.6951752,-8.708618,4.4908295

30228425939532,-0.6029358,-8.732422,4.49559

30228465002032,-0.7023163,-8.505096,4.627701

30228506017657,-0.61364746,-8.696716,4.5348663

30228545232745,-0.5868683,-8.717545,4.4658356

30228584142657,-0.6910095,-8.680054,4.4896393

30228625158282,-0.6439972,-8.603882,4.424179

30228664220782,-0.64637756,-8.543182,4.5110626

30228705236407,-0.5868683,-8.8389435,4.295044

30228745641680,-0.5446167,-9.060913,4.102829

30228785314532,-0.66423035,-9.01033,3.987381

30228826330157,-0.527359,-9.122208,3.9588165

30228865392657,-0.7523041,-9.043655,3.929062

30228906408282,-0.8975067,-8.809784,4.0677185

30228946203204,-0.77253723,-8.721115,4.2474365

30228984533282,-0.5261688,-8.8806,4.069504

30229025548907,-0.6326904,-8.990692,3.9522705

30229064611407,0.071899414,-8.940109,4.007019

30229105627032,-0.34407043,-8.990097,4.0040436

30229146398516,-0.36727905,-8.6145935,4.42894

30229185705157,-1.1099548,-9.373337,2.9727478

30229226720782,-0.48094177,-9.285858,3.128662

30229265783282,-0.7600403,-9.083527,3.5422516

30229306798907,-0.30776978,-9.036514,3.8314667

30229346319171,-0.6588745,-8.931778,3.7731476

30229384923907,-0.8427582,-8.876434,3.6969757

30229425939532,-0.5999603,-9.015091,3.7808838

30229465002032,-0.5690155,-8.989502,3.513092

30229506017657,-0.6773224,-9.328705,3.3643188

30229546697589,-0.42381287,-9.431061,3.0102386

30229586095782,-0.74516296,-9.505447,2.769226

30229627111407,-0.8314514,-9.326324,2.9566803

30229666173907,-0.7076721,-9.110901,3.3494415

30229707189532,-0.26016235,-9.161484,3.5428467

30229747106524,-0.30955505,-9.130539,3.4262085

30229787267657,-0.4535675,-9.331085,3.2893372

30229828283282,-0.6933899,-9.158508,3.1994781

30229867345782,-0.41072083,-9.263245,3.2583923

30229908361407,-0.21076965,-9.285858,3.3292084

30229947545977,-1.245636,-9.181717,3.1256866

30229986486407,-0.63209534,-9.20195,3.0661774

30230027502032,-0.6910095,-9.437607,2.8352814

30230068517657,-0.7767029,-9.5447235,2.652588

30230107580157,-0.6029358,-9.293594,2.961441

30230148717852,-0.49998474,-9.251938,3.1697235

30230187658282,-0.6582794,-9.251938,2.92276

30230228673907,-0.50712585,-9.092453,3.1810303

30230267736407,-0.31253052,-9.516159,2.7936249

30230308752032,-0.3399048,-9.580429,2.588913

30230348882647,-0.19232178,-9.36322,3.006668

30230388830157,-0.0024871826,-9.060318,3.4154968

30230429845782,-0.0667572,-9.178146,3.506546

30230468908282,-0.13459778,-9.070435,3.6386566

30230509923907,-0.17982483,-8.998428,3.5797424

30230548894854,-0.15602112,-9.36441,3.1483002

30230588048907,0.10522461,-9.329895,3.2024536

30230629064532,-0.034622192,-9.0698395,3.6142578

30230668127032,-1.0681152E-4,-9.0383,3.8094482

30230709142657,0.04095459,-8.985931,3.9022827

30230749242755,-0.075683594,-8.978195,4.07605

30230789220782,-0.035812378,-8.821091,4.3051605

30230830236407,-0.08758545,-8.724686,4.270645

30230871252032,-0.1250763,-8.962723,3.9570312

30230910314532,-0.02986145,-9.212662,3.5535583

30230950017901,-0.035217285,-9.196594,3.4244232

30230988439532,0.055236816,-9.187668,3.5535583

30231029455157,-0.04949951,-9.026398,3.6243744

30231068517657,-0.04949951,-9.042465,3.6636505

30231109533282,-0.017959595,-9.2751465,3.3893127

30231150609942,-0.0256958,-9.310852,3.3059998

30231189611407,-0.07032776,-9.111496,3.5226135

30231230627032,-0.031051636,-9.099594,3.59581

30231269689532,-0.047714233,-9.097214,3.576767

30231310705157,-0.07984924,-9.086502,3.558319

30231350713702,-0.08758545,-9.162674,3.56427

30231390783282,-0.20243835,-9.139465,3.5101166

30231431798907,-0.19410706,-9.14006,3.505951

30231472814532,-0.22683716,-9.1406555,3.5309448

30231511877032,-0.23814392,-9.157318,3.500595

30231551549884,-0.24290466,-9.150772,3.4113312

30231590002032,-0.13757324,-9.178146,3.505951

30231631017657,-0.1905365,-9.20076,3.442276

30231670080157,-0.19946289,-9.200165,3.43573

30231711095782,-0.26789856,-9.123993,3.4589386

30231751501055,-0.31907654,-9.1085205,3.5624847

30231793127032,-0.22981262,-9.153748,3.4541779

30231834142657,-0.22802734,-9.16803,3.3821716

30231873205157,-0.30419922,-9.178146,3.4125214

30231914220782,-0.17327881,-9.163864,3.4262085

30231955327960,-0.20243835,-9.222778,3.3286133

30231994298907,-0.24409485,-9.162674,3.3946686

30232033361407,-0.24647522,-9.181717,3.3982391

30232074377032,-0.22505188,-9.1983795,3.352417

30232113439532,-0.26135254,-9.222183,3.372055

30232152471514,-0.21910095,-9.157318,3.4571533

30232191580105,-0.23516846,-9.16922,3.4309692

30232232595730,-0.25004578,-9.213257,3.3797913

30232271658230,-0.24349976,-9.152557,3.410141

30232312673855,-0.21791077,-9.160889,3.4446564

30232352560330,-0.25837708,-9.213257,3.385147

30232392751980,-0.26730347,-9.224564,3.3363495

30232433767605,-0.20005798,-9.16922,3.4827423

30232472830105,-0.26313782,-9.162674,3.4345398

30232513845730,-0.24230957,-9.151367,3.3988342

30232553121853,-0.2881317,-9.17041,3.4208527

30233010275173,-0.2758789,-9.205765,3.3613434

30233010275173,-0.2758789,-9.205765,3.3613434

30233209493923,-0.28837585,-9.19136,3.3669434

30233209493923,-0.28837585,-9.19136,3.3669434

30233408712673,-0.29551697,-9.237534,3.371811

30233408712673,-0.29551697,-9.237534,3.371811

30234029806423,0.40490723,-3.6986542,9.327026

30234232931423,-0.995697,-9.160645,4.749344

30234430197048,-1.374527,-7.631256,3.9941711

30234629415798,0.99453735,-8.015686,5.16626

30234830587673,1.3283844,-9.895477,5.1962585

30235029806423,-0.7199249,-5.5846252,4.9985657

30235230978298,-4.0052032,-3.7219849,7.849289

30235430197048,-2.232895,-7.9622498,7.118759

30235631368923,-2.7457428,-4.9579926,7.4483185

30235832540798,-0.45619202,-4.8747864,8.649933

30236031759548,-1.1975555,-4.832062,8.460342

30236232931423,-1.1913605,-5.00679,8.440109

30236434103298,-1.2714691,-5.203766,8.265747

30236633322048,-1.104599,-4.967865,8.469269

30236834493923,-0.18411255,-4.2068634,8.709091

30237033712673,0.4050293,-5.2914734,8.029602

30237234884548,-1.3435822,-6.4851074,7.7447968

30237434103298,-0.18791199,-5.0670013,8.203369

30237635275173,-0.93273926,-5.892166,7.847397

30237838400173,-1.1211395,-5.950241,7.7182617

30238035665798,-1.9715271,-5.846817,7.765976

30238236837673,-2.6206512,-6.128647,7.2893066

30238439962673,-2.273117,-6.4265594,7.181122

30238637228298,-0.62924194,-7.128647,6.7042236

30238836447048,1.2143555,-7.4453583,6.237549

30239037618923,1.4954834,-7.3751373,6.2495728

30239238790798,1.281601,-7.412155,6.2764587

30239438009548,0.4565735,-7.34848,6.3896484

30239639181423,-1.226471,-7.064972,6.680176

30239838400173,-3.1594543,-6.006897,7.3700104

30240039572048,-2.5626984,-5.327179,8.091736

30240240743923,-2.2510986,-5.3616943,9.139938

30240439962673,-1.7615814,-3.6613922,8.39856

30240641134548,-1.585434,-6.205063,6.0316467

30240840353298,-0.44940186,-7.9747467,5.185898

30241041525173,1.1446075,-8.098648,4.385025

30241242697048,0.022506714,-8.713974,5.1520996

30241441915798,-1.6854095,-8.361557,2.8849182

30241643087673,1.0967712,-7.194458,5.0878296

30241842306423,0.08047485,-10.205627,3.634735

30242047384548,0.16854858,-7.0812836,2.402176

30242244650173,0.15223694,-6.678406,5.8615723

30242443868923,-0.5422363,-10.694565,2.454773

30242646987992,-0.035690308,-6.7412415,4.6762543

30242844253617,0.36991882,-7.750763,4.8034973

30243045425492,-0.73313904,-9.085312,4.1494904

30243246597367,-0.44821167,-8.681961,4.5224915

30243445816117,-0.06782532,-8.976059,3.7008972

30243646987992,0.0708313,-10.517578,4.0102386

30243846206742,0.28363037,-6.6410217,4.443817

30244047378617,-0.8952484,-9.552216,2.7181702

30244246597367,0.980484,-8.139709,5.1843567

30244447769242,-0.25932312,-8.588165,4.595688

30244646987992,-0.44059753,-8.396545,4.9967804

30244848159867,-0.23908997,-8.555801,4.8758545

30245047378617,-0.15197754,-8.413574,5.250168

30245248550492,0.016311646,-7.379532,6.392395

30234029800492,0.40490723,-3.6986542,9.327026

30234232925492,-0.995697,-9.160645,4.749344

30234430191117,-1.374527,-7.631256,3.9941711

30234629409867,0.99453735,-8.015686,5.16626

30234830581742,1.3283844,-9.895477,5.1962585

30235029800492,-0.7199249,-5.5846252,4.9985657

30235230972367,-4.0052032,-3.7219849,7.849289

30235430191117,-2.232895,-7.9622498,7.118759

30235631362992,-2.7457428,-4.9579926,7.4483185

30235832534867,-0.45619202,-4.8747864,8.649933

30236031753617,-1.1975555,-4.832062,8.460342

30236232925492,-1.1913605,-5.00679,8.440109

30236434097367,-1.2714691,-5.203766,8.265747

30236633316117,-1.104599,-4.967865,8.469269

30236834487992,-0.18411255,-4.2068634,8.709091

30237033706742,0.4050293,-5.2914734,8.029602

30237234878617,-1.3435822,-6.4851074,7.7447968

30237434097367,-0.18791199,-5.0670013,8.203369

30237635269242,-0.93273926,-5.892166,7.847397

30237838394242,-1.1211395,-5.950241,7.7182617

30238035659867,-1.9715271,-5.846817,7.765976

30238236831742,-2.6206512,-6.128647,7.2893066

30238439956742,-2.273117,-6.4265594,7.181122

30238637222367,-0.62924194,-7.128647,6.7042236

30238836441117,1.2143555,-7.4453583,6.237549

30239037612992,1.4954834,-7.3751373,6.2495728

30239238784867,1.281601,-7.412155,6.2764587

30239438003617,0.4565735,-7.34848,6.3896484

30239639175492,-1.226471,-7.064972,6.680176

30239838394242,-3.1594543,-6.006897,7.3700104

30240039566117,-2.5626984,-5.327179,8.091736

30240240737992,-2.2510986,-5.3616943,9.139938

30240439956742,-1.7615814,-3.6613922,8.39856

30240641128617,-1.585434,-6.205063,6.0316467

30240840347367,-0.44940186,-7.9747467,5.185898

30241041519242,1.1446075,-8.098648,4.385025

30241242691117,0.022506714,-8.713974,5.1520996

30241441909867,-1.6854095,-8.361557,2.8849182

30241643081742,1.0967712,-7.194458,5.0878296

30241842300492,0.08047485,-10.205627,3.634735

30242047378617,0.16854858,-7.0812836,2.402176

30242244644242,0.15223694,-6.678406,5.8615723

30242443862992,-0.5422363,-10.694565,2.454773

30242646987992,-0.035690308,-6.7412415,4.6762543

30242844253617,0.36991882,-7.750763,4.8034973

30243045425492,-0.73313904,-9.085312,4.1494904

30243246597367,-0.44821167,-8.681961,4.5224915

30243445816117,-0.06782532,-8.976059,3.7008972

30243646987992,0.0708313,-10.517578,4.0102386

30243846206742,0.28363037,-6.6410217,4.443817

30244047378617,-0.8952484,-9.552216,2.7181702

30244246597367,0.980484,-8.139709,5.1843567

30244447769242,-0.25932312,-8.588165,4.595688

30244646987992,-0.44059753,-8.396545,4.9967804

30244848159867,-0.23908997,-8.555801,4.8758545

30245047378617,-0.15197754,-8.413574,5.250168

30245248550492,0.016311646,-7.379532,6.392395

30245449722367,-0.024154663,-7.5580597,6.278015

30245449722367,-0.024154663,-7.5580597,6.278015

30245648941117,-0.022247314,-7.5942535,6.245636

30245648941117,-0.022247314,-7.5942535,6.245636

30245850112992,-0.016296387,-7.6210327,6.2092133

30245850112992,-0.016296387,-7.6210327,6.2092133

30246051284867,-0.037597656,-7.6017456,6.220413

30246051284867,-0.037597656,-7.6017456,6.220413

30246252456742,-0.027359009,-7.6016235,6.239563

30246252456742,-0.027359009,-7.6016235,6.239563

30246453628617,-0.04711914,-7.612335,6.238266

30246453628617,-0.04711914,-7.612335,6.238266

30246646987992,-0.03199768,-7.5956726,6.2224274

30246734542924,-0.09651184,-7.8177643,5.9029846

30246734542924,-0.09651184,-7.8177643,5.9029846

30247184097367,-0.020690918,-7.4282227,6.4077454

30247383316117,-0.056045532,-7.4524994,6.2793274

30247584487992,-0.17779541,-7.731827,6.130661

30247783706742,-0.15840149,-7.5366364,6.2344513

30247984878617,-0.13008118,-7.8652496,5.9545135

30248186050492,-0.07104492,-8.022354,6.9405823

30248385269242,0.15473938,-8.278015,2.7819672

30248586441117,1.2078094,-10.056503,3.653656

30248785659867,-1.1280518,-6.3128967,5.2978973

30247184097367,-0.020690918,-7.4282227,6.4077454

30247383316117,-0.056045532,-7.4524994,6.2793274

30247584487992,-0.17779541,-7.731827,6.130661

30247783706742,-0.15840149,-7.5366364,6.2344513

30247984878617,-0.13008118,-7.8652496,5.9545135

30248186050492,-0.07104492,-8.022354,6.9405823

30248385269242,0.15473938,-8.278015,2.7819672

30248586441117,1.2078094,-10.056503,3.653656

30248785659867,-1.1280518,-6.3128967,5.2978973

30248986831742,0.3611145,-8.8012085,5.5604553

30249186050492,0.10189819,-7.135193,6.759079

30249387222367,-0.062347412,-7.2552795,6.6085205

30249586441117,0.010604858,-7.4673767,6.4459534

30249787612992,0.070114136,-6.8827515,6.9714203

30249988784867,0.067977905,-6.7926636,7.110779

30250188003617,0.046432495,-6.7423096,7.143158

30250387222367,0.068573,-6.6123505,7.3008575

30250588394242,-0.01689148,-7.0746155,6.823593

30250789566117,-5.79834E-4,-7.2100525,6.783371

30250988784867,-0.015930176,-6.6660156,7.1101837

30251182144242,-0.039978027,-6.7295837,7.1929016

30251391128617,0.007385254,-6.315506,7.4724884

30248986831742,0.3611145,-8.8012085,5.5604553

30249186050492,0.10189819,-7.135193,6.759079

30249387222367,-0.062347412,-7.2552795,6.6085205

30249586441117,0.010604858,-7.4673767,6.4459534

30249787612992,0.070114136,-6.8827515,6.9714203

30249988784867,0.067977905,-6.7926636,7.110779

30250188003617,0.046432495,-6.7423096,7.143158

30250387222367,0.068573,-6.6123505,7.3008575

30250588394242,-0.01689148,-7.0746155,6.823593

30250789566117,-5.79834E-4,-7.2100525,6.783371

30250988784867,-0.015930176,-6.6660156,7.1101837

30251182144242,-0.039978027,-6.7295837,7.1929016

30251391128617,0.007385254,-6.315506,7.4724884

30251590347367,-0.16078186,-6.84848,7.0573425

30251590347367,-0.16078186,-6.84848,7.0573425

30251789566117,-0.11174011,-6.7670746,7.135666

30251992691117,-0.15887451,-6.6778107,7.1995697

30251789566117,-0.11174011,-6.7670746,7.135666

30251992691117,-0.15887451,-6.6778107,7.1995697

30252191909867,-0.20707703,-6.628296,7.251343

30252191909867,-0.20707703,-6.628296,7.251343

30252391128617,-0.21148682,-6.5957947,7.2419434

30252592300492,-0.2539673,-6.6059113,7.321686

30252791527531,-0.40905762,-6.615082,7.271103

30252992699406,-0.29919434,-6.9296417,7.0061646

30253193871281,-0.22814941,-6.763977,7.3896484

30253393090031,-0.3758545,-8.544617,4.0482025

30253594261906,-0.10876465,-8.434753,5.272537

30253793480656,0.12081909,-6.980118,6.783371

30253994652531,-0.028320312,-7.219818,6.712784

30254195824406,0.08677673,-7.122345,6.860367

30252391136906,-0.21148682,-6.5957947,7.2419434

30252592308781,-0.2539673,-6.6059113,7.321686

30252791527531,-0.40905762,-6.615082,7.271103

30252992699406,-0.29919434,-6.9296417,7.0061646

30253193871281,-0.22814941,-6.763977,7.3896484

30253393090031,-0.3758545,-8.544617,4.0482025

30253594261906,-0.10876465,-8.434753,5.272537

30253793480656,0.12081909,-6.980118,6.783371

30253994652531,-0.028320312,-7.219818,6.712784

30254195824406,0.08677673,-7.122345,6.860367

30254395043156,0.03237915,-7.0831757,6.855606

30254596215031,0.035720825,-6.77005,7.040802

30254795433781,-0.07925415,-6.860611,6.9993896

30254996605656,-0.069732666,-6.899414,7.0553284

30255195824406,-0.054977417,-6.8062286,7.0186615

30254395043156,0.03237915,-7.0831757,6.855606

30254596215031,0.035720825,-6.77005,7.040802

30254795433781,-0.07925415,-6.860611,6.9993896

30254996605656,-0.069732666,-6.899414,7.0553284

30255195824406,-0.054977417,-6.8062286,7.0186615

30255396996281,-0.2049408,-7.1917267,6.859421

30255396996281,-0.2049408,-7.1917267,6.859421

30255598168156,-0.12043762,-6.501663,7.239319

30255799340031,-0.1388855,-7.8500214,6.219696

30255998558781,0.08642578,-8.554489,4.2079163

30256197777531,-0.5380707,-8.405243,5.098892

30255598168156,-0.12043762,-6.501663,7.239319

30255799340031,-0.1388855,-7.8500214,6.219696

30255998558781,0.08642578,-8.554489,4.2079163

30256197777531,-0.5380707,-8.405243,5.098892

30256398949406,-0.020462036,-7.9482117,5.974518

30256398949406,-0.020462036,-7.9482117,5.974518

30256600121281,0.047973633,-7.085678,6.7501526

30256799340031,-0.06925964,-7.051407,6.751465

30257000511906,-0.032836914,-7.1797028,6.731949

30256600121281,0.047973633,-7.085678,6.7501526

30256799340031,-0.06925964,-7.051407,6.751465

30257000511906,-0.032836914,-7.1797028,6.731949

30257199730656,-0.035217285,-7.3701324,6.57782

30257199730656,-0.035217285,-7.3701324,6.57782

30257400902531,-0.03199768,-7.0547333,6.8312073

30257602074406,-0.04699707,-7.1256714,6.7558746

30257801293156,-0.15577698,-7.1901855,6.6805267

30258002465031,-0.14376831,-7.1795807,6.6913605

30258201683781,-0.12852478,-7.2051697,6.720169

30257400902531,-0.03199768,-7.0547333,6.8312073

30257602074406,-0.04699707,-7.1256714,6.7558746

30257801293156,-0.15577698,-7.1901855,6.6805267

30258002465031,-0.14376831,-7.1795807,6.6913605

30258201683781,-0.12852478,-7.2051697,6.720169

30258402855656,-0.15911865,-7.4329834,6.400833

30258602074406,-0.13018799,-7.648285,6.179825

30258803246281,-0.14649963,-7.8947754,5.8441925

30259004418156,-0.2437439,-8.339661,5.147217

30259203636906,-0.2421875,-8.435226,5.014267

30258402855656,-0.15911865,-7.4329834,6.400833

30258602074406,-0.13018799,-7.648285,6.179825

30258803246281,-0.14649963,-7.8947754,5.8441925

30259004418156,-0.2437439,-8.339661,5.147217

30259203636906,-0.2421875,-8.435226,5.014267

30259404808781,-0.21885681,-8.640305,4.9842834

30259404808781,-0.21885681,-8.640305,4.9842834

30259604027531,0.34207153,-8.2556305,4.154007

30259604027531,0.34207153,-8.2556305,4.154007

30259805199406,2.1329498,-2.7528076,9.728363

30260004418156,0.78804016,-3.8131409,8.60257

30260205590031,-2.2262268,-4.4321594,7.840851

30260404808781,-3.3067932,-6.20697,6.7884827

30260605980656,-2.9105835,-7.9152374,5.6704254

30259805199406,2.1329498,-2.7528076,9.728363

30260004418156,0.78804016,-3.8131409,8.60257

30260205590031,-2.2262268,-4.4321594,7.840851

30260404808781,-3.3067932,-6.20697,6.7884827

30260605980656,-2.9105835,-7.9152374,5.6704254

30260807152531,-2.7315826,-8.134354,4.1075897

30261006371281,-2.4293976,-8.397736,2.4819183

30261207543156,-0.6543579,-10.0763855,3.0678406

30260807152531,-2.7315826,-8.134354,4.1075897

30261006371281,-2.4293976,-8.397736,2.4819183

30261207543156,-0.6543579,-10.0763855,3.0678406

30261408715031,0.46917725,-9.475342,4.315399

30261408715031,0.46917725,-9.475342,4.315399

30261607933781,0.21090698,-9.383575,2.4235992

30261809105656,0.44239807,-9.635529,1.5812988

30262008324406,0.22543335,-9.746582,1.2950592

30262209496281,0.26029968,-9.728851,1.1384277

30262408715031,0.33969116,-9.713486,1.0316772

30262609886906,0.40490723,-9.669449,0.9654999

30262809105656,0.434906,-9.753006,0.65223694

30263012217793,0.43788147,-9.722305,0.63331604

30263211436543,0.4633484,-9.725037,0.62939453

30263410655293,0.44526672,-9.70694,0.64772034

30261607920918,0.21090698,-9.383575,2.4235992

30261809092793,0.44239807,-9.635529,1.5812988

30262008311543,0.22543335,-9.746582,1.2950592

30262209483418,0.26029968,-9.728851,1.1384277

30262408702168,0.33969116,-9.713486,1.0316772

30262609874043,0.40490723,-9.669449,0.9654999

30262809092793,0.434906,-9.753006,0.65223694

30263012217793,0.43788147,-9.722305,0.63331604

30263211436543,0.4633484,-9.725037,0.62939453

30263410655293,0.44526672,-9.70694,0.64772034

30263611827168,0.35694885,-9.7174225,0.5623779

30263611827168,0.35694885,-9.7174225,0.5623779

30263811045918,0.34194946,-9.738007,0.5269165

30264012217793,0.32136536,-9.738251,0.5122833

30264211436543,0.3332672,-9.737778,0.5167999

30264412608418,0.3361206,-9.737061,0.5063324

30263811045918,0.34194946,-9.738007,0.5269165

30264012217793,0.32136536,-9.738251,0.5122833

30264211436543,0.3332672,-9.737778,0.5167999

30264412608418,0.3361206,-9.737061,0.5063324

30264613780293,0.32885742,-9.72908,0.49430847

30264613780293,0.32885742,-9.72908,0.49430847

30264812999043,0.36741638,-9.729324,0.5059662

30264812999043,0.36741638,-9.729324,0.5059662

30265039561543,0.41645813,-9.738724,0.5134735

30265238780293,0.4438324,-10.218491,0.59321594

30265439952168,1.2237549,-9.324661,3.768631

30265039561543,0.41645813,-9.738724,0.5134735

30265238780293,0.4438324,-10.218491,0.59321594

30265439952168,1.2237549,-9.324661,3.768631

30265639170918,1.9938049,-3.1303406,7.747177

30265639170918,1.9938049,-3.1303406,7.747177

30265840342793,2.15448,-2.1153412,8.61792

30265840342793,2.15448,-2.1153412,8.61792

30266088633809,3.7852783,-5.5540314,10.887482

30266088633809,3.7852783,-5.5540314,10.887482

30266312999043,2.532959,-3.8094635,8.645523

30266510264668,2.4532166,-3.9815521,8.63768

30266711436543,2.1822205,-4.056061,8.698257

30266912608418,2.5296326,-4.2026978,8.595428

30267111827168,2.1897125,-4.4976196,8.366547

30267312999043,3.019989,-6.578903,6.7994385

30267512217793,4.5766296,-5.8678894,6.0184326

30266312999043,2.532959,-3.8094635,8.645523

30266510264668,2.4532166,-3.9815521,8.63768

30266711436543,2.1822205,-4.056061,8.698257

30266912608418,2.5296326,-4.2026978,8.595428

30267111827168,2.1897125,-4.4976196,8.366547

30267312999043,3.019989,-6.578903,6.7994385

30267512217793,4.5766296,-5.8678894,6.0184326

30267713389668,4.9472504,-6.682205,5.6445923

30267713389668,4.9472504,-6.682205,5.6445923

30267912608418,4.9877167,-5.815277,5.585327

30267912608418,4.9877167,-5.815277,5.585327

30268113780293,4.867157,-5.7262573,6.73468

30268113780293,4.867157,-5.7262573,6.73468

30268314952168,5.3320465,-3.4074097,7.0837708

30268314952168,5.3320465,-3.4074097,7.0837708

30268514170918,3.7731323,-7.7487335,2.53273

30268514170918,3.7731323,-7.7487335,2.53273

30268715342793,2.6906586,-8.518539,-3.8911743

30268715342793,2.6906586,-8.518539,-3.8911743

30268914561543,1.4193115,-6.475952,-5.641464

30268914561543,1.4193115,-6.475952,-5.641464

30269115733418,1.506546,-9.78717,-4.0851746

30269115733418,1.506546,-9.78717,-4.0851746

30269314952168,1.5509491,-9.352753,-1.9989014

30269314952168,1.5509491,-9.352753,-1.9989014

30269516124043,1.2413788,-9.407135,-2.1180267

30269516124043,1.2413788,-9.407135,-2.1180267

30269717295918,1.3018341,-9.337875,-2.3283386

30269717295918,1.3018341,-9.337875,-2.3283386

30269918467793,1.2016296,-9.343231,-2.4300995

30269918467793,1.2016296,-9.343231,-2.4300995

30270115733418,1.1781769,-9.303955,-2.5261536

30270115733418,1.1781769,-9.303955,-2.5261536

30270316905293,1.1706848,-9.29335,-2.5739899

30270316905293,1.1706848,-9.29335,-2.5739899

30270518077168,1.1929321,-9.285141,-2.5725708

30270518077168,1.1929321,-9.285141,-2.5725708

30270717295918,1.2248383,-9.282043,-2.5819702

30270717295918,1.2248383,-9.282043,-2.5819702

30270918467793,1.2483978,-9.277649,-2.606598

30270918467793,1.2483978,-9.277649,-2.606598

30271123545918,1.2099609,-9.291458,-2.5399475

30271209147725,1.1823425,-9.301331,-2.5586395

30271209147725,1.1823425,-9.301331,-2.5586395

30271654795918,1.1692505,-9.273605,-2.568283

30271854014668,1.1562805,-9.276932,-2.619461

30272055186543,1.1474762,-9.2836,-2.632553

30272258311543,1.1369934,-9.277649,-2.6162415

30272457530293,1.1409302,-9.276932,-2.6437378

30272656749043,1.0965271,-9.278961,-2.607788

30272855967793,1.1012878,-9.280258,-2.6865845

30273055186543,1.0989075,-9.275986,-2.6738434

30271654795918,1.1692505,-9.273605,-2.568283

30271854014668,1.1562805,-9.276932,-2.619461

30272055186543,1.1474762,-9.2836,-2.632553

30272258311543,1.1369934,-9.277649,-2.6162415

30272457530293,1.1409302,-9.276932,-2.6437378

30272656749043,1.0965271,-9.278961,-2.607788

30272855967793,1.1012878,-9.280258,-2.6865845

30273055186543,1.0989075,-9.275986,-2.6738434

30273256365332,1.1309204,-9.253128,-2.6043396

30273256365332,1.1309204,-9.253128,-2.6043396

30273529955420,1.1347351,-9.278839,-2.7253876

30273613451514,1.1026001,-9.254318,-2.741333

30273613451514,1.1026001,-9.254318,-2.741333

30273848162207,1.0685577,-9.257538,-2.7333527

30273848162207,1.0685577,-9.257538,-2.7333527

30274049334082,1.0798645,-9.270264,-2.727295

30274049334082,1.0798645,-9.270264,-2.727295

30274250505957,1.1056976,-9.265625,-2.7290802

30274250505957,1.1056976,-9.265625,-2.7290802

30274449724707,1.147232,-9.25325,-2.6949158

30274449724707,1.147232,-9.25325,-2.6949158

30274652849707,1.20401,-9.241943,-2.684204

30274652849707,1.20401,-9.241943,-2.684204

30274912615332,1.178421,-9.246704,-2.683609

30274912615332,1.178421,-9.246704,-2.683609

30275115740332,1.1744843,-9.265625,-2.7114563

30275115740332,1.1744843,-9.265625,-2.7114563

30275314959082,1.1535339,-9.268005,-2.6602783

30275314959082,1.1535339,-9.268005,-2.6602783

30275516130957,1.1506805,-9.248367,-2.709549

30275516130957,1.1506805,-9.248367,-2.709549

30275715349707,1.1115265,-9.245987,-2.7326508

30275715349707,1.1115265,-9.245987,-2.7326508

30275914568457,1.0365448,-9.272644,-2.7627563

30275914568457,1.0365448,-9.272644,-2.7627563

30276115740332,0.9948883,-9.253006,-2.748825

30276115740332,0.9948883,-9.253006,-2.748825

30276318865332,1.0286865,-9.393921,-2.754303

30276318865332,1.0286865,-9.393921,-2.754303

30276518084082,1.0785522,-9.154938,-2.098877

30276518084082,1.0785522,-9.154938,-2.098877

30276717302832,1.2353058,-9.522583,-1.9944916

30276717302832,1.2353058,-9.522583,-1.9944916

30276867540869,1.1418762,-9.3971405,-2.2366943

30276867540869,1.1418762,-9.3971405,-2.2366943

30277082537207,1.1553192,-9.3710785,-2.273941

30277283709082,1.1491394,-9.366547,-2.3319092

30277484880957,1.114151,-9.36763,-2.2807312

30277684099707,1.102005,-9.362625,-2.3233337

30277885271582,1.0743866,-9.364288,-2.3201294

30278084490332,1.0868835,-9.355362,-2.3657074

30278289568457,1.0661774,-9.354294,-2.3805847

30278484880957,1.0879669,-9.352509,-2.387497

30278686052832,1.0714111,-9.377258,-2.324295

30278886614356,1.088562,-9.389648,-2.331192

30277082537207,1.1553192,-9.3710785,-2.273941

30277283709082,1.1491394,-9.366547,-2.3319092

30277484880957,1.114151,-9.36763,-2.2807312

30277684099707,1.102005,-9.362625,-2.3233337

30277885271582,1.0743866,-9.364288,-2.3201294

30278084490332,1.0868835,-9.355362,-2.3657074

30278289568457,1.0661774,-9.354294,-2.3805847

30278484880957,1.0879669,-9.352509,-2.387497

30278686052832,1.0714111,-9.377258,-2.324295

30278886614356,1.088562,-9.389648,-2.331192

30279138689551,0.8426666,-12.240616,-0.9083252

30279455584082,-2.9152222,-5.319916,4.469284

30279652849707,1.7389984,-3.4748993,7.728134

30279852068457,2.698639,-3.8621826,8.6024475

30280053240332,-1.6393433,-9.321213,2.1446228

30280252459082,-1.5816193,-8.011887,6.34787

30280453630957,-0.59757996,-6.007141,6.708496

30280654802832,1.1868591,-2.1035614,10.601959

30280854021582,-1.8661957,-9.42749,0.37135315

30281055193457,-2.6779022,-4.2666016,-0.11947632

30281254412207,-5.41391,-3.5988007,2.5166626

30281455584082,-3.5270996,-10.840118,-0.047698975

30281654802832,-2.285141,-10.525192,0.04940796

30281855974707,-2.2315826,-9.422485,1.0701141

30282055193457,-2.143158,-9.452835,0.5697632

30282256365332,-0.54151917,-4.536667,5.7038727

30282457537207,0.8786011,3.346054,10.817261

30282656755957,0.063446045,2.7690582,9.019363

30282857927832,-0.49725342,-0.1288147,9.113983

30283057146582,-1.6523285,-2.0527496,9.754181

30283258315920,0.15330505,-0.71640015,9.812393

30283457534670,1.7273254,2.6677704,9.669205

30283658706545,2.6959076,3.4146118,8.597809

30279455581545,-2.9152222,-5.319916,4.469284

30279652847170,1.7389984,-3.4748993,7.728134

30279852065920,2.698639,-3.8621826,8.6024475

30280053237795,-1.6393433,-9.321213,2.1446228

30280252456545,-1.5816193,-8.011887,6.34787

30280453628420,-0.59757996,-6.007141,6.708496

30280654800295,1.1868591,-2.1035614,10.601959

30280854019045,-1.8661957,-9.42749,0.37135315

30281055190920,-2.6779022,-4.2666016,-0.11947632

30281254409670,-5.41391,-3.5988007,2.5166626

30281455581545,-3.5270996,-10.840118,-0.047698975

30281654800295,-2.285141,-10.525192,0.04940796

30281855972170,-2.2315826,-9.422485,1.0701141

30282055190920,-2.143158,-9.452835,0.5697632

30282256362795,-0.54151917,-4.536667,5.7038727

30282457534670,0.8786011,3.346054,10.817261

30282656753420,0.063446045,2.7690582,9.019363

30282857925295,-0.49725342,-0.1288147,9.113983

30283057144045,-1.6523285,-2.0527496,9.754181

30283258315920,0.15330505,-0.71640015,9.812393

30283457534670,1.7273254,2.6677704,9.669205

30283658706545,2.6959076,3.4146118,8.597809

30283857925295,3.166977,2.7465668,9.081024

30283852920413,3.1895905,2.1619415,8.926056

30283862686038,2.8563385,2.4380646,9.180756

30283872451663,2.5492706,2.7903595,9.254547

30283882217288,2.4516754,3.004593,9.347382

30283891982913,2.532608,3.2331085,9.406891

30283903701663,2.5016632,3.2021637,9.195038

30283913467288,2.67305,3.0283966,8.828461

30283923232913,2.8134918,2.754654,8.542816

30283932998538,2.411209,3.3283234,8.880829

30283942764163,2.718277,3.2973785,8.735626

30283952529788,2.7658844,3.1759796,8.790375

30283962295413,2.7587433,2.9427032,8.768951

30283973464846,2.6706696,2.8784332,8.816559

30283996291995,2.6063995,2.8332062,8.88559

30284013076663,2.6635284,3.1093292,9.14267

30284028671145,2.692093,3.1045685,8.911774

30284038802981,2.506424,3.1807404,8.926056

30284048690676,2.3969269,3.2116852,8.854645

30284059249758,2.4707184,3.2450104,8.814178

30284069229006,2.5111847,3.299759,8.837982

30284079238772,2.532608,3.04982,8.95224

30284084548830,2.570572,3.1036224,8.930344

30284089309573,2.1850739,3.4021149,8.714203

30284098770022,2.2017365,3.235489,8.688019

30284109390139,2.4254913,3.2640533,8.833221

30284119308352,2.5802155,3.1045685,8.868927

30284128951907,2.54451,3.556839,8.811798

30284139572024,2.4326324,3.5663605,8.733246

30284148849368,2.230301,3.7020416,8.661835

30284159652590,2.237442,3.2735748,8.530914

30284169601321,2.051773,3.344986,7.912018

30284179672121,1.6613922,3.5973053,8.616608

30284189712405,2.1684113,3.871048,9.006989

30284198928713,2.2207794,3.9686432,8.933197

30284209792971,2.082718,4.1114655,8.7308655

30284219711184,2.1779327,4.116226,8.840363

30284229720950,2.3540802,4.0019684,8.797516

30284239791750,2.263626,4.0590973,8.664215

30284249008059,2.2398224,3.942459,8.728485

30284259841799,2.1779327,4.339981,8.778473

30284269790530,2.313614,4.287613,8.868927

30284279800295,2.3183746,4.113846,8.69754

30284285079836,2.2525635,3.7797546,8.713852

30284289840579,2.3683624,4.1376495,8.573761

30284299087405,2.2612457,4.1447906,8.7308655

30284309921145,2.4254913,4.132889,8.783234

30284320022463,2.6183014,3.768692,9.061737

30284329666018,2.5040436,3.6520538,8.809418

30284339950442,2.4516754,3.4402008,8.664215

30284349166750,2.4850006,3.5092316,8.671356

30284360122561,2.5302277,3.7139435,8.818939

30284369918704,2.4397736,3.859146,8.659454

30284379958987,2.5825958,3.5806427,8.702301

30284389968752,2.5635529,3.4973297,8.714203

30284399246096,2.54451,3.5235138,8.792755

30284410018801,2.6444855,3.5735016,8.930817

30284420028567,2.4802399,3.6544342,8.871307

30284430038332,2.4016876,3.5354156,8.402374

30284440048098,2.230301,4.0162506,7.873932

30284449325442,2.3945465,3.6187286,8.4809265

30284460067629,2.3326569,3.935318,9.01413

30284470138430,2.3064728,3.844864,8.811798

30284480117678,2.8372955,3.17836,8.614227

30284485183596,2.4838104,3.6227722,8.685516

30284489944338,2.642105,2.2761993,8.302399

30284499557375,2.6135406,3.4616241,8.768951

