96804352443371,0.42359924,-4.0936737,8.909393

96804360255871,-0.30003357,-3.7389984,8.995087

96804368068371,-0.22624207,-3.6890106,8.828461

96804383693371,0.29981995,-3.846115,9.066498

96804391505871,0.5092926,-4.2341156,8.909393

96804399318371,0.3355255,-4.545944,8.735626

96804406856212,0.061782837,-4.8434906,8.63327

96804431697521,0.123672485,-5.0529633,8.445221

96804441676769,0.10462952,-4.962509,8.583282

96804456721935,0.06654358,-4.845871,8.561859

96804469630871,0.0022735596,-4.545944,8.771332

96804486751232,0.052261353,-4.395981,8.835602

96804497310314,0.114151,-4.2841034,8.926056

96804508693371,0.121292114,-4.2412567,8.866547

96804516780529,0.08558655,-4.312668,8.883209

96804526942882,0.099868774,-4.3602753,8.845123

96804537318859,0.123672485,-4.4055023,8.7951355

96804547328624,0.10700989,-4.4697723,8.797516

96804557368908,0.054641724,-4.5530853,8.742767

96804567378673,0.08558655,-4.5911713,8.749908

96804576961193,0.06892395,-4.6197357,8.766571

96804587398204,0.11653137,-4.667343,8.75943

96804597407970,0.15223694,-4.686386,8.776093

96804607448253,0.14985657,-4.634018,8.69278

96804617427501,0.14509583,-4.6887665,8.688019

96804627010021,0.12605286,-4.71019,8.764191

96804637538585,0.04988098,-4.622116,8.799896

96804647456798,0.09272766,-4.6387787,8.747528

96804657436046,0.14985657,-4.7030487,8.718964

96804667445812,0.114151,-4.6506805,8.721344

96804662685070,0.10058594,-4.5390472,8.782394

96804677058849,0.078445435,-4.614975,8.7118225

96804687099132,0.014175415,-4.6483,8.685638

96804701991710,0.06654358,-4.6625824,8.685638

96804712520275,0.07606506,-4.7387543,8.607086

96804722499523,0.1308136,-4.7078094,8.930817

96804732143078,-1.0355682,-4.286484,10.087677

96804742549572,0.46644592,-2.858261,7.41214

96804752528820,0.58070374,-3.5271454,9.621124

96804762538585,0.42121887,-3.929428,9.059357

96804772578869,0.3283844,-4.448349,9.030792

96804782191906,0.078445435,-4.2769623,8.8594055

96804792598400,0.7378082,-3.6794891,7.2288513

96804802608165,0.39265442,-3.8984833,9.735382

96804812587413,0.2783966,-3.8151703,8.673737

96804822627697,0.3117218,-3.9080048,8.904633

96804832240734,0.17366028,-4.1627045,8.904633

96804842647228,0.1474762,-4.481674,8.828461

96804852656994,0.24983215,-4.4721527,8.840363

96804862636242,0.30934143,-4.248398,8.904633

96804872676525,0.5997467,-3.9746552,7.6596985

96804867915783,0.22032166,-4.166992,8.7686

96804882289562,0.25935364,-3.6699677,9.878204

96804892696056,0.1474762,-3.4723969,8.983185

96804902705822,0.1641388,-3.267685,9.385468

96804912715587,0.1712799,-3.1248627,9.221222

96804922725353,0.19984436,-3.5604706,8.992706

96804932338390,0.20222473,-4.1579437,9.130768

96804942744884,0.21888733,-4.4316864,8.968903

96804953029308,0.18318176,-4.217453,8.747528

96804963008556,0.09272766,-4.334091,8.968903

96804973048839,0.0046539307,-4.5292816,9.0784

96804982387218,-0.021530151,-4.357895,8.723724

96804993037853,0.016555786,-4.5483246,8.464264

96805003047619,0.016555786,-5.2267303,8.314301

96805013057384,0.11653137,-6.231247,8.211945

96805023067150,0.18556213,-6.704941,8.302399

96805032436046,0.10939026,-6.3002777,8.176239

96805043086681,0.09272766,-5.788498,8.195282

96805053096447,0.21888733,-5.255295,9.571136

96805063106212,0.37361145,-3.082016,8.607086

96805073115978,0.10939026,-1.2681732,10.263824

96805068355236,0.1430664,-4.376465,8.909271

96805082484874,0.6473541,-0.9325409,10.532806

96805093135509,0.6663971,-1.3705292,9.330719

96805103114757,0.42121887,-2.1227264,9.359283

96805113124523,0.25935364,-2.8606415,9.421173

96805123225841,0.16651917,-3.1415253,9.378326

96805132564220,0.21888733,-3.3010101,8.990326

96805143214855,0.40931702,-4.512619,9.14267

96805153163585,0.35694885,-5.731369,8.776093

96805163203869,0.11891174,-5.3766937,8.238129

96805173213634,-0.22624207,-4.819687,8.164337

96805182613048,-0.26194763,-5.526657,8.399994

96805193233165,-0.21434021,-6.5430756,8.123871

96805203212413,-0.10722351,-6.9096527,8.283356

96805213252697,-0.06199646,-6.102707,8.352386

96805223262462,-0.026290894,-5.340988,8.461884

96805232661876,0.123672485,-5.007736,9.261688

96805243281994,0.2712555,-3.3628998,10.29953

96805253261242,0.261734,-1.0277557,8.833221

96805263332042,0.35456848,-2.003708,9.65683

96805273311290,0.47120667,-3.8151703,9.418793

96805268550548,0.1924591,-3.9904785,9.021271

96805282710704,0.2545929,-3.191513,8.940338

96805293330822,0.021316528,-1.3419647,9.4045105

96805303340587,0.06892395,-2.0013275,9.299774

96805313350353,0.4355011,-4.1317596,8.923676

96805323329601,0.6187897,-6.3312225,8.621368

96805332759533,0.3783722,-7.142929,8.142914

96805343379650,-0.20481873,-5.9765472,8.014374

96805353389415,-0.45951843,-4.9268036,8.573761

96805363399181,-0.26194763,-4.8220673,8.63327

96805373408947,0.0974884,-5.2291107,8.542816

96805382808361,0.13795471,-5.67424,8.442841

96805393489513,0.11177063,-5.1172333,9.828217

96805403438244,-0.0048675537,-2.2179413,9.330719

96805413448009,0.018936157,-1.125351,9.197418

96805423457775,0.3117218,-3.3557587,9.425934

96805432857189,0.3950348,-5.0291595,8.740387

96805443599376,0.15699768,-5.0101166,8.811798

96805453487072,-0.0834198,-3.7247162,8.642792

96805463496837,0.035598755,-3.8746796,8.785614

96805473506603,0.3045807,-4.9077606,8.75705

96805468745861,0.11665344,-4.256607,8.852982

96805482906017,0.21888733,-4.5530853,8.754669

96805493465099,0.04512024,-3.7985077,9.323578

96805503535900,0.033218384,-3.2129364,8.992706

96805513576183,0.080825806,-3.165329,9.164093

96805523555431,0.1712799,-3.600937,8.8784485

96805532954845,0.14509583,-4.5269012,9.054596

96805543178234,0.04512024,-4.7982635,9.01889

96805553676281,-0.05961609,-4.724472,8.907013

96805563625011,-0.06437683,-4.6125946,8.957001

96805573634777,-0.06199646,-4.231735,8.649933

96805583675060,-0.047714233,-4.538803,8.430939

96805592921886,-0.0024871826,-5.6956635,8.419037

96805603694591,0.057022095,-6.3383636,8.300018

96805613643322,0.12605286,-6.5049896,8.428558

96805623653087,0.06416321,-5.6052094,9.295013

96805633723888,0.04988098,-2.4107513,9.180756

96805642940197,0.08558655,-0.76353455,9.40213

96805653743419,0.30220032,-1.4109955,9.890106

96805663692150,0.42121887,-2.767807,9.178375

96805673701915,0.29267883,-3.8937225,9.137909

96805668941173,0.09510803,-4.057724,8.968185

96805683070812,0.13319397,-4.4388275,8.961761

96805692989025,0.033218384,-4.8744354,8.63089

96805703822765,0.11891174,-5.1886444,8.780853

96805713740978,0.1308136,-4.4007416,9.064117

96805723750744,0.0974884,-4.077011,9.314056

96805733882579,0.04750061,-4.2650604,9.116486

96805743007335,-0.15483093,-4.0079803,8.840363

96805753871593,-0.19767761,-3.9056244,8.833221

96805763789806,-0.1572113,-4.172226,8.918915

96805773799572,0.016555786,-4.698288,8.621368

96805783809337,0.1308136,-5.4957123,8.464264

96805793086681,-0.033432007,-6.140793,8.235748

96805803920421,-0.08818054,-6.0360565,8.378571

96805813838634,-0.04295349,-5.807541,8.321442

96805823848400,0.09272766,-5.6837616,8.295258

96805833858165,0.17842102,-5.295761,8.778473

96805843135509,0.24983215,-4.255539,10.025787

96805853969249,0.2783966,-1.5681,9.33786

96805863887462,0.34266663,-0.73973083,9.2569275

96805873897228,0.40455627,-1.9346771,9.813934

96805869136486,0.07904053,-4.3493195,8.899521

96805883906994,0.4854889,-3.0986786,9.204559

96805893184337,0.21650696,-3.7413788,9.164093

96805903926525,0.18318176,-4.1936493,9.087921

96805913966808,0.20222473,-4.3745575,9.01651

96805923946056,0.25697327,-4.4388275,8.985565

96805933864269,0.24507141,-4.5935516,8.964142

96805943233165,0.04512024,-4.5149994,8.918915

96805954036388,-0.08818054,-4.0270233,9.071259

96805963985119,0.037979126,-3.781845,9.08316

96805973994884,0.12843323,-3.5033417,9.111725

96805984004650,0.14271545,-3.460495,9.375946

96805993281994,0.19270325,-3.2772064,9.111725

96806004115734,0.07606506,-3.1058197,8.987946

96806014033947,0.06892395,-3.0510712,9.347382

96806024043712,0.1308136,-3.0510712,8.914154

96806034053478,0.33314514,-3.781845,9.2378845

96806043300304,0.46406555,-4.4650116,9.095062

96806054164562,0.34028625,-4.5911713,8.990326

96806064082775,0.11891174,-4.395981,9.049835

96806074092540,-0.0834198,-4.2912445,8.816559

96806069331798,0.17485046,-3.8869324,9.076736

96806084102306,-0.09770203,-4.186508,8.654694

96806093379650,-0.08818054,-4.4959564,8.483307

96806104121837,-0.014389038,-5.257675,8.714203

96806114131603,0.04273987,-5.871811,8.538055

96806124141369,-0.057235718,-5.828964,8.626129

96806134151134,-0.071517944,-5.3505096,8.680878

96806143458996,0.028457642,-5.045822,8.718964

96806154201183,0.28077698,-4.481674,9.7187195

96806164180431,0.261734,-2.3940887,9.7187195

96806174190197,0.17842102,-0.86112976,9.242645

96806184199962,0.13319397,-1.1777191,9.630646

96806193599376,0.3783722,-2.2774506,9.509247

96806204250011,0.4854889,-3.6628265,9.0903015

96806214229259,0.38075256,-5.155319,8.837982

96806224239025,0.114151,-5.950363,8.345245

96806234248790,-0.17149353,-6.031296,8.145294

96806243648204,-0.2738495,-5.7218475,8.211945

96806254298839,-0.1000824,-5.4409637,8.554718

96806264278087,0.13795471,-5.2981415,8.585663

96806274287853,0.18556213,-5.1243744,8.871307

96806269527111,0.08665466,-4.480728,8.843933

96806284297619,0.078445435,-4.3031464,9.2569275

96806293666515,0.04750061,-3.2795868,9.071259

96806304317150,0.04750061,-3.248642,9.185516

96806314326915,0.26411438,-3.8675385,9.214081

96806324336681,0.26887512,-4.512619,9.011749

96806334346447,0.13319397,-4.538803,8.985565

96806343806896,0.021316528,-3.6175995,8.828461

96806354396496,0.0070343018,-2.3179169,9.149811

96806364375744,0.27601624,-2.101303,9.261688

96806374354992,0.4426422,-3.350998,9.252167

96806384395275,0.37361145,-3.627121,9.349762

96806393794689,0.21650696,-3.7032928,9.3402405

96806404414806,0.13319397,-3.9460907,9.0784

96806414424572,0.1879425,-4.3102875,9.102203

96806424403820,-0.03819275,-4.614975,8.754669

96806434413585,-0.1738739,-4.653061,8.609467

96806443812999,-0.20481873,-4.5983124,8.607086

96806454463634,-0.12626648,-5.005356,8.578522

96806464473400,-0.07865906,-5.5885468,8.523773

96806474452648,-0.0667572,-5.9146576,8.490448

96806469691906,0.09046936,-4.0549927,8.98259

96806484492931,-0.07627869,-5.7789764,8.380951

96806493861828,-0.119125366,-5.5099945,8.5642395

96806504512462,-0.04295349,-4.755417,8.780853

96806514522228,0.15937805,-4.331711,9.021271

96806524531994,0.37123108,-3.7866058,9.802032

96806534328136,0.3617096,-2.4678802,9.316437

96806543880138,0.1879425,-2.177475,9.245026

96806554378185,0.10700989,-3.0653534,9.573517

96806564357433,0.12605286,-3.800888,8.728485

96806574367199,-0.012008667,-4.3483734,9.076019

96806584376964,-0.06437683,-4.286484,8.545197

96806593928966,-0.15483093,-4.4459686,8.561859

96806604396496,-0.06437683,-4.6768646,8.666595

96806614375744,-0.045333862,-4.910141,8.745148

96806624354992,0.0046539307,-4.7030487,8.828461

96806634364757,0.04273987,-4.2650604,8.899872

96806643977794,-0.009628296,-3.7413788,8.909393

96806654414806,0.080825806,-3.6818695,9.4045105

96806664394054,0.22840881,-3.4295502,9.302155

96806674403820,0.19984436,-3.267685,9.2378845

96806669643078,0.06404114,-4.071533,8.979492

96806684413585,0.1879425,-3.0915375,9.08078

96806694026622,0.121292114,-3.5723724,9.030792

96806704433117,0.08320618,-4.2983856,9.197418

96806714442882,0.19032288,-4.5078583,9.099823

96806724452648,0.23316956,-4.9196625,8.618988

96806734462413,0.21174622,-5.6432953,8.4999695

96806744105968,0.0974884,-5.4766693,8.561859

96806754726085,0.0070343018,-4.981552,8.835602

96806764705333,0.0070343018,-4.5173798,8.995087

96806774745617,0.04273987,-4.286484,8.840363

96806784755382,0.123672485,-4.569748,8.966522

96806794124279,0.09510803,-4.686386,8.854645

96806804774913,0.04750061,-4.5269012,8.916534

96806814754162,0.059402466,-4.0413055,8.961761

96806824794445,0.15223694,-3.9960785,8.928436

96806834804210,0.16889954,-3.6366425,8.9427185

96806844203624,0.121292114,-2.677353,9.121246

96806854823742,0.011795044,-2.1036835,9.156952

96806864802990,0.14509583,-3.4557343,9.202179

96806874843273,0.33314514,-4.6244965,8.95224

96806870082531,0.12200928,-4.1806793,8.938202

96806884853038,0.2545929,-5.526657,8.935577

96806894221935,-0.12626648,-5.4195404,8.4809265

96806904872570,-0.14768982,-5.383835,8.664215

96806914851818,-0.08580017,-4.9839325,8.699921

96806924892101,0.102249146,-4.122238,9.178375

96806934871349,0.18080139,-3.5414276,9.140289

96806944270763,0.0974884,-3.6699677,8.926056

96806954982433,-0.114364624,-3.6794891,9.004608

96806964900646,-0.17149353,-3.5580902,9.099823

96806974910412,-0.04057312,-3.6175995,9.040314

96806984920177,-0.021530151,-4.043686,8.926056

96806994319591,-0.028671265,-4.6435394,8.678497

96807004939708,-0.12864685,-4.948227,8.649933

96807014949474,-0.15959167,-4.9268036,8.635651

96807024959240,-0.05961609,-5.1243744,8.280975

96807034969005,-0.08818054,-5.3933563,8.219086

96807044368419,-0.071517944,-5.7218475,8.676117

96807055171642,0.035598755,-5.7670746,8.307159

96807064998302,0.18080139,-5.9027557,8.345245

96807075008068,0.3117218,-5.198166,9.840118

96807070247326,-0.0040283203,-4.7586365,8.786453

96807085017833,0.4188385,-2.5440521,9.53067

96807094417247,0.30934143,-1.5109711,9.416412

96807105189953,0.22602844,-2.048935,9.985321

96807115047130,0.14271545,-2.9249115,9.373566

96807125056896,-0.007247925,-3.024887,8.968903

96807135066662,-0.08818054,-3.267685,9.223602

96807144466076,0.037979126,-3.9532318,8.957001

96807154842052,0.13557434,-4.755417,8.278595

96807165095958,0.04273987,-5.450485,8.607086

96807175105724,-0.1905365,-5.4076385,8.607086

96807185115490,-0.39048767,-4.653061,8.554718

96807195125255,-0.3952484,-4.191269,8.554718

96807205348644,-0.25242615,-4.4531097,8.319061

96807215144787,-0.25480652,-5.345749,8.523773

96807225154552,-0.24290466,-6.1717377,8.728485

96807235164318,-0.19291687,-5.3052826,8.618988

96807245174083,-0.12388611,-4.429306,8.783234

96807254451427,0.18318176,-4.6244965,8.8594055

96807265254650,0.57832336,-5.807541,9.761566

96807275203380,0.40693665,-3.819931,8.804657

96807270442638,0.017150879,-4.1844788,8.922836

96807285213146,0.018936157,-2.3012543,8.7951355

96807294582042,-0.012008667,-3.17247,9.0903015

96807304469738,0.052261353,-4.1246185,8.895111

96807315303478,0.18318176,-4.019882,9.27121

96807325252208,0.13795471,-3.8413544,9.225983

96807335231456,0.04512024,-3.5081024,9.033173

96807345241222,0.054641724,-4.0460663,9.068878

96807354518566,-1.0681152E-4,-3.8984833,8.785614

96807365352306,0.037979126,-4.057968,9.452118

96807375056896,-0.045333862,-3.87706,8.623749

96807385310802,-0.035812378,-4.4007416,9.009369

96807395351085,-0.1000824,-4.353134,8.966522

96807404567394,-0.119125366,-4.3936005,8.923676

96807415401134,-0.116744995,-4.3364716,8.738007

96807425288829,-0.119125366,-4.379318,8.8237

96807435329113,-0.14292908,-4.3936005,8.483307

96807445338878,-0.18815613,-4.8553925,8.399994

96807454585704,-0.25004578,-5.012497,8.540436

96807465419445,-0.12626648,-4.864914,8.8594055

96807475368175,0.08320618,-5.012497,8.873688

96807470607433,-0.03211975,-4.1424713,8.892975

96807485377941,0.47358704,-5.769455,9.01651

96807495387706,0.345047,-5.300522,8.987946

96807504665050,0.21174622,-3.3605194,8.976044

96807515498790,-0.06199646,-2.9701385,9.287872

96807525600109,0.2046051,-3.4247894,9.780609

96807535304699,0.3045807,-3.1296234,9.221222

96807545222912,0.11891174,-2.9510956,9.092682

96807554713878,-0.0834198,-3.5271454,9.204559

96807565639171,-0.18101501,-3.7961273,8.69754

96807575465831,-0.14530945,-4.376938,8.787994

96807585475597,-0.047714233,-4.9339447,8.426178

96807595454845,-0.14292908,-5.5171356,8.092926

96807604762706,-0.25242615,-5.757553,8.488068

96807615596447,-0.13578796,-5.5671234,8.478546

96807625514660,0.07130432,-5.22435,8.707062

96807635524425,-0.028671265,-4.2412567,8.857025

96807645595226,0.011795044,-4.5983124,9.523529

96807654811535,0.080825806,-4.300766,8.837982

96807665645275,0.080825806,-3.1367645,9.228363

96807675563488,-0.01914978,-1.3491058,9.116486

96807670802746,0.040237427,-4.1616364,8.94046

96807685573253,0.15461731,-1.9346771,9.537811

96807695583019,0.2046051,-3.2581635,8.909393

96807704860363,0.28315735,-3.434311,9.771088

96807715602550,0.29743958,-3.9365692,8.987946

96807725612316,0.21888733,-6.136032,8.790375

96807735652599,-0.08103943,-5.883713,8.521393

96807745662365,-0.411911,-4.307907,8.590424

96807754909191,-0.46427917,-3.9651337,8.466644

96807765620861,-0.30241394,-5.064865,8.2690735

96807775661144,-0.23338318,-6.431198,8.173859

96807785670910,-0.20243835,-6.871567,8.159576

96807795680675,-0.3047943,-6.4073944,8.209564

96807805080089,-0.24528503,-5.5552216,8.849884

96807815700206,0.08796692,-4.876816,9.216461

96807825709972,0.37361145,-3.634262,10.159088

96807835719738,0.15223694,-1.5466766,8.983185

96807845729503,-0.08818054,-1.4347992,9.192657

96807855128917,0.021316528,-3.0201263,9.694916

96807865749035,0.121292114,-3.87706,8.726105

96807875758800,0.123672485,-4.2960052,8.704681

96807870998058,-0.01473999,-4.293625,8.895706

96807885768566,0.054641724,-4.7339935,8.623749

96807895564708,0.07130432,-4.8054047,8.402374

96807905177746,-0.023910522,-4.8934784,8.483307

96807915828380,-0.13102722,-4.9387054,8.6285095

96807925777111,-0.21672058,-4.795883,8.618988

96807935908947,-0.22148132,-4.924423,8.854645

96807945888195,-0.22624207,-4.84111,8.768951

96807955226574,-0.18101501,-4.6840057,8.792755

96807965846691,-0.20957947,-4.71257,8.811798

96807975856456,-0.21195984,-4.77684,8.688019

96807985835704,-0.12388611,-5.300522,8.599945

96807995875988,-0.1334076,-5.326706,8.766571

96808005244884,-0.21910095,-4.0746307,8.840363

96808015895519,-0.37382507,-3.5414276,8.649933

96808025874767,-0.28337097,-4.365036,8.778473

96808035884533,-0.14530945,-4.8625336,8.63089

96808045924816,-0.13816833,-4.607834,8.854645

96808055293712,-0.17149353,-4.1174774,9.052216

96808065944347,-0.116744995,-4.1055756,8.899872

96808075923595,-0.045333862,-4.269821,8.807037

96808071162853,-0.15232849,-4.633896,8.727646

96808085933361,0.033218384,-4.4650116,9.0260315

96808095943126,0.099868774,-4.58403,8.797516

96808105342540,0.014175415,-4.962509,8.626129

96808115993175,0.061782837,-4.588791,8.8784485

96808125972423,0.054641724,-4.7220917,8.30954

96808135982189,-0.07627869,-5.300522,8.573761

96808145991954,-0.052474976,-5.1124725,9.185516

96808155391369,0.061782837,-4.5364227,9.159332

96808166011486,0.040359497,-3.569992,8.8784485

96808176082287,0.011795044,-3.5342865,9.161713

96808186031017,-0.073898315,-4.6387787,8.414276

96808196010265,-0.18101501,-5.648056,8.454742

96808205409679,-0.19767761,-5.007736,8.95462

96808216060314,-0.1572113,-4.057968,8.904633

96808226039562,-0.18339539,-3.7675629,8.747528

96808236079845,-0.11198425,-4.2793427,9.0784

96808246059093,-0.13102722,-3.8223114,8.947479

96808255458507,-0.01914978,-4.0294037,9.225983

96808266078624,0.052261353,-4.4888153,8.69754

96808276088390,0.040359497,-4.8934784,8.75705

96808271327648,-0.035690308,-4.500473,8.838928

96808286098156,0.028457642,-4.686386,8.728485

96808296107921,0.016555786,-4.9006195,8.997467

96808305507335,-0.057235718,-4.441208,8.787994

96808316127453,-0.08818054,-3.6414032,8.95224

96808326106701,-0.20957947,-3.396225,8.976044

96808336146984,-0.2571869,-3.569992,9.045074

96808346156749,-0.19767761,-4.203171,8.7118225

96808355556163,-0.13816833,-4.603073,8.69754

96808366176281,-0.17863464,-4.974411,8.545197

96808376155529,-0.3381195,-5.102951,8.573761

96808386165294,-0.34288025,-5.1434174,8.654694

96808396205578,-0.33573914,-5.005356,8.316681

96808405604992,-0.34526062,-4.974411,8.371429

96808416225109,-0.34526062,-5.319565,8.585663

96808426204357,-0.1405487,-4.84111,8.840363

96808436214122,-0.054855347,-4.879196,8.814178

96808446223888,0.018936157,-4.8744354,8.966522

96808455623302,0.28553772,-5.4004974,9.190277

96808466273937,0.20936584,-4.800644,8.876068

96808476253185,0.04273987,-3.5580902,8.768951

96808471492443,-0.12138367,-4.615814,8.77002

96808486262951,0.035598755,-3.8104095,8.871307

96808496272716,0.014175415,-4.172226,8.961761

96808505672130,-0.007247925,-3.453354,8.897491

96808516322765,-0.045333862,-3.1415253,9.002228

96808526302013,-0.10960388,-3.0510712,9.042694

96808536098156,0.07606506,-3.6056976,9.202179

96808546352062,0.14509583,-4.4197845,8.726105

96808555720958,0.02607727,-4.7149506,8.923676

96808566371593,-0.26670837,-5.243393,8.559479

96808576350841,-0.4452362,-5.955124,8.254791

96808586360607,-0.42619324,-5.300522,8.857025

96808596339855,-0.3714447,-4.524521,8.880829

96808605769787,-0.22624207,-4.557846,8.8237

96808616389904,-0.10246277,-4.891098,8.873688

96808626399669,-0.052474976,-4.3936005,9.254547

96808636409435,-0.10960388,-3.5461884,9.033173

96808646419201,-0.09770203,-4.1127167,8.861786

96808655818615,-0.0834198,-4.248398,8.490448

96808666499767,-0.06437683,-4.512619,8.780853

96808676448497,-0.05961609,-4.788742,8.702301

96808671687755,-0.10853577,-4.3221893,8.850006

96808686488781,-0.13102722,-4.5411835,8.735626

96808696468029,-0.052474976,-4.9387054,8.959381

96808705867443,0.059402466,-4.9791718,8.752289

96808716579113,0.052261353,-4.917282,8.75705

96808726497326,-0.095321655,-4.5030975,8.50473

96808736507091,-0.15245056,-3.7699432,8.507111

96808746516857,-0.32383728,-3.8365936,8.535675

96808755916271,-0.16673279,-3.6366425,9.249786

96808766444835,0.018936157,-3.4366913,9.673492

96808776546154,-0.012008667,-3.8104095,9.133148

96808786616954,-0.054855347,-4.350754,9.111725

96808796565685,-0.21195984,-4.4316864,8.852264

96808805965099,-0.29527283,-4.434067,8.754669

96808816432628,-0.23100281,-4.83873,8.604706

96808826594982,-0.14530945,-5.231491,8.623749

96808836604747,-0.10484314,-5.2291107,8.688019

96808846614513,-0.023910522,-5.007736,8.971283

96808856685314,0.12843323,-4.7649384,9.14267

96808865901622,0.06416321,-4.0532074,8.8594055

96808876704845,0.014175415,-3.9746552,9.254547

96808871944103,-0.08317566,-4.434311,8.88356

96808886653576,-0.033432007,-4.0603485,9.247406

96808896663341,0.1641388,-4.5078583,9.364044

96808906062755,0.2545929,-4.3245697,8.911774

96808915950451,0.080825806,-4.0460663,8.973663

96808926753673,-0.031051636,-4.0865326,8.621368

96808936702404,-0.32859802,-3.2319794,8.059601

96808946712169,-0.23100281,-3.8984833,9.175995

96808956721935,-0.073898315,-3.9318085,8.366669

96808965999279,0.061782837,-4.1746063,8.95462

96808976802501,-0.13816833,-4.119858,8.754669

96808986720714,-0.15959167,-4.5983124,8.976044

96808996760997,-0.21434021,-5.0553436,8.473785

96809006770763,-0.3809662,-5.571884,8.154816

96809016048107,-0.39762878,-5.659958,8.699921

96809026881847,-0.24052429,-5.319565,9.030792

96809036800060,-0.08580017,-5.2338715,8.740387

96809046809826,-0.071517944,-5.398117,8.959381

96809056850109,-0.09056091,-4.6697235,8.728485

96809066096935,-0.16435242,-4.0603485,8.861786

96809076900158,-0.17149353,-3.5652313,9.011749

96809072139415,-0.112579346,-4.4757233,8.803345

96809086848888,-0.05961609,-2.6345062,9.045074

96809096858654,0.02607727,-2.684494,9.166473

96809106807384,0.16175842,-3.165329,9.192657

96809116145763,0.2783966,-3.3176727,9.33786

96809126948986,0.25697327,-3.7699432,9.306915

96809136867199,0.4116974,-4.5078583,9.4878235

96809146907482,0.3855133,-5.410019,9.637787

96809156856212,0.1308136,-4.5364227,9.683014

96809166194591,0.32600403,-3.8437347,9.459259

96809177028331,0.9115753,-4.119858,9.295013

96809186946544,0.71162415,-4.460251,9.904388

96809196956310,0.3045807,-4.6244965,9.982941

96809206905040,0.19270325,-4.9339447,9.649689

96809216243419,0.6068878,-5.2862396,8.740387

96809227077160,0.97346497,-5.5861664,8.899872

96809236995372,0.32600403,-5.5171356,8.818939

96809247005138,-0.29051208,-5.788498,8.676117

96809257045421,-0.6332855,-6.2550507,8.542816

96809266292247,-0.83799744,-6.9025116,8.235748

96809277125988,-0.94273376,-7.3500214,8.05246

96809272365246,0.16200256,-4.7347107,9.155762

96809287044201,-0.98558044,-7.2667084,8.169098

96809297053966,-0.96177673,-6.738266,8.454742

96809307063732,-0.9474945,-6.0051117,7.771576

96809316341076,-1.1379242,-5.5218964,7.5502014

96809327083263,-1.3402557,-4.8863373,7.245514

96809337123546,-1.4426117,-4.7458954,6.8313293

96809347102794,-1.6235199,-4.7149506,6.3909607

96809357112560,-1.2807465,-5.60997,6.5195007

96809366389904,-1.187912,-6.3550262,7.047943

96809377132091,-1.3402557,-6.2526703,6.9289246

96809387141857,-1.2593231,-6.0051117,6.174347

96809397212658,-1.2093353,-5.9908295,6.302887

96809406947765,-1.1855316,-5.80278,6.8955994

96809416469249,-1.1069794,-5.781357,6.8765564

96809426967296,-1.1998138,-5.8503876,7.0384216

96809436946544,-1.1736298,-6.0241547,7.176483

96809446956310,-1.1188812,-6.326462,7.181244

96809456966076,-1.1545868,-6.3835907,6.7813416

96809466609630,-1.1403046,-6.5097504,6.533783

96809477016124,-1.149826,-6.4788055,6.631378

96809472255382,-1.1973114,-5.962509,7.0250854

96809486995372,-1.1403046,-6.2717133,6.712311

96809497005138,-1.1664886,-5.8242035,6.9979553

96809507014904,-1.1117401,-5.3957367,7.335968

96809516658458,-0.98558044,-5.0529633,7.7096863

96809527064953,-0.8641815,-4.7839813,8.011993

96809537044201,-0.7999115,-4.736374,7.995331

96809547115001,-0.7975311,-4.7863617,7.976288

96809557124767,-0.85227966,-4.9767914,7.869171

96809566676769,-0.90226746,-4.903,7.664459

96809577144298,-0.9141693,-5.1005707,7.714447

96809587154064,-1.0284271,-5.6194916,7.8715515

96809597133312,-1.0189056,-6.174118,8.845123

96809607356701,-0.9665375,-6.5668793,8.718964

96809616725597,-0.7356415,-7.1000824,8.6475525

96809627376232,-0.72850037,-7.411911,8.445221

96809637385997,-0.8070526,-7.2024384,7.790619

96809647365246,-0.8903656,-6.564499,7.516876

96809657375011,-0.93559265,-5.828964,7.09079

96809666774425,-1.0569916,-5.360031,6.7932434

96809677394542,-1.0926971,-5.102951,6.874176

96809672633800,-0.9397583,-5.738159,7.72908

96809687404308,-0.78800964,-5.250534,7.7049255

96809697414074,-0.21672058,-5.4409637,9.08078

96809707423839,0.3617096,-6.3883514,10.830353

96809716823253,0.7068634,-7.2667084,10.447113

96809727443371,0.5402374,-6.7668304,8.642792

96809737453136,-0.01676941,-5.4790497,7.9596252

96809747432384,-0.5285492,-4.300766,8.176239

96809757472667,-0.54759216,-3.8270721,8.538055

96809766841564,-0.16673279,-4.1555634,8.961761

96809777492199,0.21888733,-4.493576,9.3402405

96809787471447,0.35932922,-4.903,9.221222

96809797481212,0.10939026,-5.3433685,8.861786

96809807490978,-0.22148132,-5.0791473,8.523773

96809816890392,-0.495224,-4.5173798,8.485687

96809827510509,-0.45237732,-4.6387787,8.509491

96809837520275,-0.20481873,-5.1053314,8.371429

96809847530040,-0.20957947,-5.3766937,8.335724

96809857509288,-0.21910095,-5.5480804,8.407135

96809866908703,-0.27146912,-5.598068,8.330963

96809877559337,-0.30241394,-5.73851,8.230988

96809872798595,-0.11721802,-5.260895,8.748001

96809887538585,-0.23338318,-5.897995,8.197662

96809897548351,-0.24528503,-6.019394,8.200043

96809907558117,-0.41429138,-6.0860443,8.914154

96809916957531,-0.054855347,-4.5673676,8.785614

96809927577648,-0.19291687,-2.813034,9.580658

96809937556896,0.07368469,-2.4893036,9.571136

96809947597179,0.39027405,-3.1129608,9.52829

96809957606945,0.27601624,-3.74852,8.95462

96809967006359,0.021316528,-4.2198334,8.852264

96809977626476,-0.35954285,-4.3674164,8.873688

96809987605724,-0.34049988,-4.205551,8.814178

96809997646007,-0.1572113,-4.334091,8.649933

96810007716808,-0.13578796,-4.486435,8.728485

96810017055187,-0.092941284,-4.4316864,8.987946

96810027675304,-0.16911316,-3.8246918,8.735626

96810037654552,-0.18815613,-3.7580414,8.802277

96810047694835,-0.16911316,-4.350754,8.892731

96810057704601,-0.12864685,-4.7268524,8.661835

96810067104015,-0.264328,-5.179123,8.535675

96810077724132,-0.3643036,-5.450485,8.495209

96810072963390,-0.13745117,-4.403473,8.838104

96810087703380,-0.3952484,-5.5623627,8.395233

96810097713146,-0.35954285,-5.757553,8.554718

96810107722912,-0.26670837,-5.705185,8.488068

96810117122326,-0.18815613,-5.5242767,8.459503

96810127742443,-0.10960388,-5.4957123,8.457123

96810137752208,-0.092941284,-5.6075897,8.740387

96810147761974,-0.19767761,-4.353134,9.006989

96810157741222,-0.29527283,-2.5226288,8.95462

96810167171154,-0.18339539,-2.3036346,9.195038

96810177821788,0.15937805,-3.1534271,8.9427185

96810187801037,0.23554993,-4.512619,8.792755

96810197810802,0.09510803,-5.598068,8.50473

96810207790050,-0.27622986,-6.014633,8.045319

96810217219982,-0.52378845,-6.083664,8.18338

96810227840099,-0.46665955,-5.886093,8.399994

96810237849865,-0.21195984,-5.564743,8.361908

96810247859630,0.035598755,-5.3624115,8.816559

96810257838878,0.057022095,-4.7673187,9.021271

96810267268810,-0.04057312,-4.0674896,9.01413

96810277888927,-0.1738739,-3.7842255,9.01413

96810273128185,-0.15994263,-4.8813324,8.667435

96810287898693,-0.1572113,-4.0793915,8.897491

96810297877941,-0.20481873,-4.724472,8.742767

96810307918224,-0.29289246,-4.8292084,8.297638

96810317317638,-0.46903992,-3.9080048,8.837982

96810327907238,-0.29527283,-2.3655243,9.27359

96810337917003,0.06654358,-2.877304,9.073639

96810347957287,0.4759674,-4.1579437,8.728485

96810357936535,0.42359924,-5.174362,8.983185

96810367335949,-0.028671265,-5.6075897,8.802277

96810378017101,-0.5190277,-5.598068,8.457123

96810387965831,-0.6856537,-5.2838593,8.023895

96810397975597,-0.62376404,-5.4195404,7.7239685

96810407985363,-0.4714203,-6.0741425,7.8786926

96810417384777,-0.37382507,-6.6311493,8.076263

96810427821788,-0.3643036,-6.8382416,7.997711

96810438014660,-0.38334656,-6.8120575,7.745392

96810448024425,-0.45713806,-6.4026337,8.069122

96810458034191,-0.39286804,-5.507614,8.352386

96810468043956,-0.21672058,-5.1124725,8.404755

96810478267345,0.011795044,-5.1838837,9.599701

96810473506603,-0.24790955,-5.1293793,8.498306

96810488063488,0.011795044,-3.2057953,9.428314

96810498073253,-0.04057312,-1.7656708,8.688019

96810508083019,-0.092941284,-2.6963959,9.361664

96810518092785,-0.16911316,-3.967514,8.75943

96810527370128,-0.25004578,-4.8553925,8.226227

96810538203869,-0.3547821,-5.4004974,8.638031

96810548732433,-0.4214325,-4.7220917,8.604706

96810557918224,-0.43333435,-4.13414,8.535675

96810568202648,-0.34288025,-4.6625824,8.345245

96810577418956,-0.2238617,-5.5409393,8.528534

96810588222179,-0.25956726,-5.5885468,8.69516

96810598140392,-0.25480652,-5.5861664,8.645172

96810608180675,-0.2571869,-5.4766693,8.592804

96810618281994,-0.23338318,-4.9268036,8.804657

96810627437267,-0.10960388,-4.505478,8.897491

96810638271007,-0.052474976,-4.3555145,8.607086

96810648189220,-0.0834198,-4.3888397,8.726105

96810658229503,-0.114364624,-4.5364227,8.909393

96810668300304,-0.12626648,-4.8625336,8.364288

96810677486095,-0.17149353,-5.2600555,8.509491

96810672725353,-0.19898987,-4.5218964,8.693375

96810688228283,-0.033432007,-5.3885956,8.657074

96810698268566,0.021316528,-5.493332,8.214325

96810708278331,-0.13578796,-5.3671722,8.278595

96810718227062,-0.3547821,-4.51976,8.573761

96810727534923,-0.4047699,-4.71019,8.445221

96810738399181,-0.34288025,-5.2671967,8.452362

96810748317394,-0.3381195,-4.7720795,8.837982

96810758388195,-0.31907654,-4.0460663,8.978424

96810768306408,-0.29527283,-3.8175507,8.749908

96810777583751,-0.30003357,-4.2007904,8.783234

96810788448009,-0.2881317,-4.705429,8.685638

96810798366222,-0.38572693,-5.024399,8.552338

96810808375988,-0.36668396,-5.5242767,8.388092

96810818294201,-0.36906433,-5.6718597,8.18338

96810827632579,-0.32859802,-5.436203,8.607086

96810838466320,-0.15959167,-5.7670746,8.230988

96810848415050,-0.071517944,-6.4859467,7.9858093

96810858394298,-0.073898315,-6.6716156,8.302399

96810868343029,-0.23100281,-5.6623383,8.945099

96810877681408,-0.27622986,-3.286728,9.199799

96810872920665,-0.2526703,-5.090927,8.552582

96810888515148,-0.37858582,-1.7561493,9.318817

96810898433361,-0.14768982,-1.863266,9.909149

96810908443126,0.18556213,-2.5226288,9.444977

96810918452892,0.3045807,-2.998703,9.563995

96810927730236,0.20936584,-3.627121,9.540192

96810938472423,0.016555786,-4.0484467,9.613983

96810948482189,-0.03819275,-4.4721527,9.7829895

96810958491954,-0.114364624,-4.417404,9.730621

96810968501720,0.41407776,-4.184128,9.804413

96810977779064,1.102005,-4.5721283,9.778229

96810988490734,0.9806061,-5.9337006,8.30954

96810998531017,0.46406555,-7.128647,7.657318

96811008540783,-0.47618103,-6.7930145,7.6216125

96811018550548,-0.9903412,-6.5287933,7.559723

96811027797374,-1.1093597,-6.352646,7.47641

96811038570079,-1.0427094,-6.6335297,7.3454895

96811048579845,-1.0998383,-7.188156,7.3978577

96811058559093,-0.98558044,-7.4785614,6.96463

96811068568859,-0.9998627,-7.711838,6.0434265

96811077998790,-1.1260223,-7.5237885,5.3554993

96811073238048,-0.2415924,-5.186737,8.41095

96811088618908,-1.3259735,-7.14769,5.186493

96811098598156,-1.5449677,-6.9977264,5.4197693

96811108607921,-1.6425629,-6.63591,5.776825

96811118617687,-1.5568695,-6.8072968,5.9267883

96811128017101,-1.3378754,-6.900131,6.169586

96811138667736,-1.1545868,-6.4669037,6.745636

96811148646984,-1.0046234,-5.9717865,7.3764343

96811158656749,-0.9141693,-5.795639,7.7953796

96811168666515,-0.85466003,-5.6266327,7.842987

96811178096447,-0.7356415,-5.450485,7.831085

96811188716564,-0.60710144,-5.4719086,7.9810486

96811198695812,-0.4714203,-5.4528656,8.200043

96811208675060,-0.43333435,-5.319565,8.073883

96811218715343,-0.30955505,-5.4719086,8.169098

96811228175792,-0.43333435,-5.1267548,7.8763123

96811238734874,-0.35002136,-5.236252,8.188141

96811248744640,-0.15959167,-4.812546,8.292877

96811258754406,-0.2238617,-4.8101654,8.623749

96811268764171,-0.21434021,-5.1053314,8.780853

96811278163585,-0.10484314,-5.633774,8.895111

96811273402843,-0.7689667,-5.8120575,7.457611

96811288814220,-0.071517944,-5.788498,8.914154

96811298793468,-0.012008667,-5.6718597,8.771332

96811308803234,-0.10484314,-5.3957367,8.69754

96811318812999,-0.23338318,-5.205307,8.490448

96811328212413,-0.3047943,-5.3481293,8.188141

96811338863048,-0.34288025,-5.6266327,8.138153

96811348842296,-0.36668396,-5.833725,8.0191345

96811358852062,-0.34288025,-5.9384613,8.090546

96811368861828,-0.3214569,-6.007492,8.361908

96811378261242,-0.3714447,-5.8551483,8.50235

96811388881359,-0.3881073,-5.795639,8.392853

96811398891124,-0.25480652,-5.8765717,8.385712

96811408900890,-0.14292908,-5.833725,9.523529

96811418910656,-0.16673279,-4.0984344,9.602081

96811428310070,-0.15959167,-2.2084198,8.530914

96811438930187,-0.17149353,-2.2560272,9.066498

96811448939953,-0.08818054,-3.6128387,9.2117

96811458949718,-0.11198425,-4.403122,8.771332

96811468959484,-0.21195984,-4.5173798,8.8237

96811478358898,-0.26670837,-4.569748,8.621368

96811473598156,-0.22172546,-4.9921417,8.655167

96811488979015,-0.18815613,-4.6840057,8.1214905

96811498988781,-0.24052429,-5.4004974,8.240509

96811508998546,-0.26194763,-6.026535,8.24527

96811519008312,-0.39048767,-6.1455536,8.147675

96811528407726,-0.5118866,-5.9456024,8.259552

96811539027843,-0.54759216,-5.486191,8.171478

96811548762951,-0.45951843,-5.3766937,8.2690735

96811558803234,-0.33335876,-5.67424,8.395233

96811568874035,-0.2476654,-6.05986,8.364288

96811578426037,-0.18815613,-6.0289154,7.99057

96811588893566,-0.18101501,-5.828964,8.495209

96811598872814,-0.2238617,-4.9958344,9.333099

96811608882579,-0.27861023,-3.3248138,8.933197

96811618922863,-0.17149353,-2.7916107,8.82132

96811628474865,-0.050094604,-3.229599,8.964142

96811638881359,-0.045333862,-4.436447,8.557098

96811648860607,-0.13102722,-5.3576508,8.266693

96811658900890,-0.44285583,-5.8956146,7.919159

96811668910656,-0.6499481,-6.2288666,7.9477234

96811678523693,-0.76420593,-6.064621,8.259552

96811673762951,-0.3153839,-5.2490997,8.385117

96811688930187,-0.5999603,-5.5742645,8.430939

96811698939953,-0.411911,-4.8887177,8.44046

96811708949718,-0.3214569,-4.365036,8.709442

96811718928966,-0.22862244,-4.3697968,9.0260315

96811728572521,-0.114364624,-4.538803,9.140289

96811738979015,-0.15483093,-4.4197845,8.754669

96811748988781,-0.20243835,-4.6125946,9.08316

96811759120617,-0.20957947,-4.126999,8.640411

96811769191417,-0.23814392,-4.000839,8.654694

96811778621349,-0.1000824,-4.281723,8.792755

96811789241466,-0.045333862,-4.800644,8.457123

96811799251232,-0.116744995,-5.083908,8.276215

96811809260997,-0.25480652,-5.2410126,8.69516

96811819270763,-0.35002136,-5.2338715,8.402374

96811828670177,-0.36668396,-5.6242523,8.395233

96811839381847,-0.25242615,-6.0098724,8.24765

96811849300060,-0.29051208,-6.026535,8.159576

96811859309826,-0.33573914,-5.7218475,8.264313

96811869289074,-0.32621765,-5.3814545,8.611847

96811878719005,-0.27146912,-4.743515,8.921295

96811873958263,-0.25956726,-4.9522705,8.605179

96811889339122,-0.24290466,-3.9080048,8.926056

96811899348888,-0.2881317,-3.7318573,8.966522

96811909358654,-0.24528503,-4.1508026,8.89035

96811919368419,-0.22148132,-4.255539,8.559479

96811928767833,-0.3047943,-4.2079315,8.807037

96811939540538,-0.40953064,-4.3245697,8.7118225

96811949397716,-0.36192322,-4.5911713,8.442841

96811959407482,-0.32859802,-5.1386566,8.123871

96811969386730,-0.3143158,-5.6956635,8.085785

96811978818162,-0.41667175,-5.9527435,8.157196

96811989621384,-0.52378845,-5.7337494,8.197662

96811999417527,-0.53092957,-5.698044,8.204803

96812009427292,-0.36906433,-5.852768,8.200043

96812019437058,-0.20243835,-5.7718353,8.540436

96812028836472,-0.1334076,-5.257675,9.0784

96812039365037,-0.13102722,-3.9365692,8.945099

96812049466355,-0.2238617,-3.3248138,8.995087

96812059476121,-0.30003357,-3.467636,9.314056

96812069455369,-0.4214325,-3.479538,9.040314

96812079495652,-0.4214325,-3.5723724,8.907013

96812074734910,-0.31954956,-4.6026,8.654694

96812089627488,-0.44047546,-3.3748016,9.14743

96812099484665,-0.2738495,-3.691391,9.140289

96812109494431,0.035598755,-4.410263,8.459503

96812119504197,0.1308136,-5.3885956,8.473785

96812129574997,-0.092941284,-6.18602,8.0381775

96812138791306,-0.5190277,-6.750168,7.662079

96812149594529,-0.77134705,-6.7930145,7.6144714

96812159543259,-0.85466003,-6.340744,7.997711

96812169553025,-0.55711365,-6.1693573,8.05722

96812178952439,-0.26908875,-6.052719,8.300018

96812188840134,-0.1334076,-5.4338226,8.623749

96812199582322,-0.17149353,-4.524521,8.807037

96812209561570,-0.23338318,-4.153183,9.028412

96812219571335,-0.26194763,-4.4007416,8.721344

96812229611619,-0.21195984,-4.7601776,8.728485

96812238858445,-0.21434021,-4.781601,8.642792

96812249692185,-0.22148132,-4.672104,8.476166

96812259579880,-0.17149353,-4.6744843,8.350006

96812269620163,-0.14530945,-5.0601044,8.335724

96812279629929,-0.22862244,-5.0862885,8.321442

96812274869187,-0.28027344,-5.135208,8.446289

96812288876755,-0.29051208,-5.191025,8.688019

96812299618943,-0.3809662,-4.731613,8.742767

96812309628708,-0.45713806,-4.1579437,8.964142

96812319638474,-0.4214325,-3.8699188,8.89035

96812329587204,-0.39286804,-4.0341644,8.854645

96812338925583,-0.26908875,-4.5292816,8.642792

96812349728806,-0.25480652,-4.9458466,8.261932

96812359677537,-0.37382507,-5.2862396,8.359528

96812369687302,-0.5095062,-5.333847,8.304779

96812379605515,-0.43571472,-5.4457245,8.235748

96812388974412,-0.32621765,-5.6194916,8.242889

96812399777634,-0.2238617,-5.6432953,8.316681

96812409726365,-0.23814392,-5.6266327,8.297638

96812419705613,-0.3881073,-5.3552704,8.378571

96812429105027,-0.46665955,-4.8672943,8.683258

96812438992722,-0.43571472,-4.664963,8.573761

96812449887497,-0.32621765,-4.5721283,8.668976

96812459744675,-0.19767761,-5.024399,8.407135

96812469754441,-0.19291687,-5.6885223,8.338104

96812479672654,-0.3547821,-5.93132,8.300018

96812474911912,-0.34680176,-5.02594,8.507584

96812489041550,-0.42619324,-5.6266327,8.11673

96812499844773,-0.48332214,-5.107712,8.397614

96812509793503,-0.35954285,-4.895859,8.947479

96812519772751,-0.17625427,-4.3245697,8.635651

96812529782517,-0.035812378,-4.103195,8.742767

96812539059861,-0.014389038,-4.3555145,9.01889

96812549588425,-0.1738739,-4.6363983,8.957001

96812559659226,-0.3547821,-4.429306,8.771332

96812569852097,-0.5428314,-4.429306,8.783234

96812579831345,-0.54997253,-4.51976,8.742767

96812589078171,-0.44999695,-4.603073,8.699921

96812599820359,-0.30717468,-4.84111,8.764191

96812609830124,-0.18101501,-5.2291107,8.533295

96812619595749,-0.22624207,-5.6313934,8.490448

96812629880173,-0.347641,-5.3743134,8.530914

96812639126999,-0.44999695,-4.860153,8.590424

96812649869187,-0.51664734,-4.248398,8.495209

96812659878953,-0.4380951,-3.8699188,8.676117

96812669888718,-0.3047943,-3.8080292,8.785614

96812679898484,-0.17149353,-4.1936493,8.678497

96812675137742,-0.3255005,-4.654373,8.667908

96812689267380,-0.12626648,-5.019638,8.540436

96812699918015,-0.2571869,-5.6432953,8.233368

96812709927781,-0.46903992,-5.9408417,8.007233

96812719907029,-0.5428314,-6.283615,7.7929993

96812729916794,-0.51426697,-6.5121307,7.8453674

96812739316208,-0.44761658,-6.366928,8.238129

96812749966843,-0.27861023,-6.095566,8.428558

96812759946091,-0.16911316,-5.8741913,8.6475525

96812769925339,-0.15959167,-4.9077606,8.830841

96812779935105,-0.31669617,-3.8699188,8.902252

96812789365037,-0.32621765,-3.4295502,9.095062

96812799954636,-0.2976532,-3.293869,8.892731

96812809964402,-0.28337097,-3.1415253,8.82608

96812819943650,-0.29289246,-3.4009857,8.918915

96812829983933,-0.2881317,-4.1555634,8.742767

96812839383347,-0.25480652,-4.7387543,8.649933

96812850003464,-0.22148132,-5.571884,8.540436

96812860013230,-0.25956726,-6.1907806,8.209564

96812869992478,-0.43571472,-6.621628,7.8977356

96812880002244,-0.5856781,-6.7025604,7.9858093

96812875241501,-0.32633972,-5.1880493,8.461288

96812889401658,-0.5285492,-6.1050873,8.159576

96812900052292,-0.30717468,-5.8551483,8.471405

96812910031540,-0.14292908,-5.262436,8.923676

96812920041306,-0.17625427,-4.1508026,8.983185

96812930051072,-0.29289246,-3.7080536,9.123627

96812939450486,-0.3309784,-4.019882,9.199799

96812950070603,-0.27861023,-4.6006927,8.773712

96812960080369,-0.23100281,-4.224594,8.490448

96812970059617,-0.23814392,-3.960373,8.95462

96812980069382,-0.27861023,-4.0341644,8.673737

96812989468796,-0.21672058,-4.2150726,8.347626

96813000088913,-0.21434021,-4.8744354,8.290497

96813010098679,-0.33573914,-5.3171844,8.340485

96813020108445,-0.5261688,-5.3624115,8.359528

96813030118210,-0.6689911,-5.3124237,8.347626

96813039487107,-0.6856537,-5.2100677,8.457123

96813050137742,-0.6904144,-4.981552,8.371429

96813060208542,-0.65708923,-5.0601044,8.421417

96813070126755,-0.6785126,-5.1505585,8.288116

96813080136521,-0.65470886,-5.295761,8.338104

96813075375779,-0.40667725,-4.835037,8.565781

96813089535935,-0.6904144,-5.450485,8.254791

96813100156052,-0.6190033,-5.2338715,8.24765

96813110135300,-0.49998474,-5.4147797,8.197662

96813120175583,-0.47380066,-5.731369,8.107208

96813130154831,-0.5095062,-5.7408905,8.097687

96813139584763,-0.50712585,-5.5933075,8.278595

96813150204880,-0.44761658,-5.3671722,8.50235

96813160184128,-0.45713806,-5.295761,8.6285095

96813170193894,-0.3309784,-5.4004974,8.433319

96813180203660,-0.22624207,-5.569504,8.766571

96813189603074,-0.2476654,-4.691147,8.809418

96813200223191,-0.26670837,-3.6699677,8.616608

96813210202439,-0.3809662,-3.6794891,9.028412

96813220212204,-0.39286804,-4.1817474,8.9427185

96813230221970,-0.44047546,-4.6006927,8.7951355

96813239651902,-0.48332214,-4.7530365,8.7951355

96813250272019,-0.5356903,-4.7149506,8.718964

96813260251267,-0.5095062,-4.71019,8.569

96813270261033,-0.46665955,-4.743515,8.56662

96813280270798,-0.39762878,-4.819687,8.657074

96813275510056,-0.4441681,-4.968109,8.550674

96813289670212,-0.37382507,-4.795883,8.583282

96813300290329,-0.40000916,-4.857773,8.578522

96813310300095,-0.4214325,-4.8482513,8.618988

96813320309861,-0.4285736,-4.7601776,8.626129

96813330289109,-0.4547577,-4.7339935,8.602325

96813339688523,-0.4714203,-4.814926,8.559479

96813350308640,-0.39048767,-4.986313,8.590424

96813360318406,-0.35240173,-5.0029755,8.63089

96813370328171,-0.35716248,-4.833969,8.690399

96813380307419,-0.41905212,-4.664963,8.69754

96813389737351,-0.40000916,-4.64592,8.7308655

96813400357468,-0.40953064,-4.7220917,8.652313

96813410367234,-0.4047699,-4.729233,8.649933

96813420346482,-0.39762878,-4.71019,8.742767

96813430356247,-0.40953064,-4.812546,8.557098

96813439755662,-0.45713806,-4.948227,8.614227

96813450375779,-0.47618103,-5.0815277,8.538055

96813460385544,-0.5118866,-4.9149017,8.56662

96813470395310,-0.49760437,-4.7673187,8.82132

96813480374558,-0.51426697,-4.4459686,8.597565

96813475613816,-0.42738342,-4.8038635,8.632431

96813489804490,-0.42381287,-4.610214,8.554718

96813500485642,-0.45713806,-4.9696503,8.561859

96813510403855,-0.49998474,-4.9720306,8.538055

96813520413621,-0.58091736,-4.8934784,8.542816

96813530606492,-0.60472107,-4.8315887,8.6475525

96813539822800,-0.5095062,-4.917282,8.63327

96813550198777,-0.36668396,-5.069626,8.521393

96813560452683,-0.3381195,-5.09581,8.557098

96813570492966,-0.3881073,-4.8625336,8.609467

96813580472214,-0.48332214,-4.845871,8.683258

96813589871628,-0.47380066,-4.8054047,8.573761

96813600369675,-0.3809662,-4.595932,8.569

96813610501511,-0.3381195,-3.9556122,8.702301

96813620541794,-0.29051208,-3.0796356,9.061737

96813630521042,-0.33335876,-3.0296478,9.180756

96813639889939,-0.32621765,-3.229599,8.966522

96813650418503,-0.4214325,-4.2150726,8.840363

96813660519822,-0.36906433,-5.9217987,8.595184

96813670590622,-0.46665955,-7.1786346,7.778717

96813680539353,-0.6523285,-6.7739716,8.047699

96813675778611,-0.4352417,-4.7926636,8.608276

96813689938767,-0.6951752,-5.712326,8.449982

96813699826462,-0.66185,-5.3481293,8.200043

96813710629685,-0.55711365,-5.936081,7.816803

96813720547898,-0.4285736,-7.000107,7.983429

96813730557663,-0.37620544,-6.4645233,9.330719

96813740658982,-0.46427917,-3.7842255,8.616608

96813749844773,-0.54759216,-3.1867523,8.63327

96813760647996,-0.5023651,-4.203171,8.921295

96813770566208,-0.347641,-5.0934296,8.369049

96813780606492,-0.33335876,-5.319565,8.361908

96813790616257,-0.38572693,-4.545944,8.5642395

96813799863083,-0.33573914,-2.5440521,9.042694

96813810696824,-0.20957947,-1.8585052,9.097443

96813820615037,-0.13102722,-3.460495,8.780853

96813830624802,-0.1905365,-5.424301,8.661835

96813840024216,-0.3547821,-6.262192,8.578522

96813849911912,-0.5547333,-6.5668793,8.200043

96813860654099,-0.6285248,-6.5478363,8.126251

96813870633347,-0.5690155,-5.8004,8.290497

96813880673630,-0.5761566,-5.114853,8.352386

96813875912888,-0.44250488,-5.0086823,8.51889

96813890683396,-0.51426697,-5.0482025,8.280975

96813899930222,-0.32859802,-5.9575043,8.685638

96813910672410,-0.29289246,-5.667099,9.311676

96813920712693,-0.5190277,-3.9246674,8.516632

96813930691941,-0.64042664,-3.6437836,8.837982

96813940640671,-0.6689911,-4.103195,8.937958

96813949979050,-0.61424255,-4.5340424,8.721344

96813960782273,-0.45713806,-5.129135,8.507111

96813970731003,-0.3714447,-5.4147797,7.99057

96813980740769,-0.3143158,-5.526657,7.9405823

96813990658982,-0.28575134,-4.936325,7.997711

96813999997361,-0.3809662,-4.0651093,8.607086

96814010831101,-0.39048767,-3.8175507,8.7951355

96814020749314,-0.27146912,-4.3102875,9.047455

96814030759079,-0.26194763,-4.769699,8.964142

96814040707810,-0.35716248,-4.955368,8.964142

96814050046189,-0.5452118,-4.7220917,8.978424

96814060849412,-0.6023407,-4.281723,8.923676

96814070798142,-0.48332214,-3.9960785,8.430939

96814080807908,-0.021530151,-4.7839813,8.007233

96814076047165,-0.41607666,-4.679367,8.622314

96814090817673,-0.3381195,-5.6432953,8.123871

96814100064499,-1.0665131,-6.4288177,7.9667664

96814110806687,-1.3069305,-7.316696,7.450226

96814120816453,-1.3854828,-7.545212,7.316925

96814130826218,-0.809433,-7.0929413,7.593048

96814140835984,-0.6451874,-6.3431244,7.7763367

96814150113328,-0.45237732,-6.1241302,8.471405

96814160824997,-0.46665955,-5.302902,10.009125

96814170865281,-0.4452362,-3.1486664,8.673737

96814180844529,-0.4857025,-3.04393,8.7951355

96814190854294,-0.43571472,-3.8484955,8.945099

96814200131638,-0.52378845,-3.6699677,8.4166565

96814210843308,-0.57377625,-3.2819672,8.69754

96814220883591,-0.5999603,-3.4081268,8.916534

96814230893357,-0.51426697,-3.7318573,8.599945

96814240903122,-0.4547577,-4.505478,9.052216

96814250302537,-0.3547821,-5.6052094,9.011749

96814260922654,-0.48094177,-6.095566,8.609467

96814270901902,-0.6451874,-5.6885223,8.787994

96814280972703,-0.8260956,-4.77446,8.978424

96814276211960,-0.6405487,-5.1299744,8.509613

96814290921433,-0.6523285,-4.410263,8.9427185

96814300320847,-0.49998474,-4.6816254,8.89035

96814310971482,-0.59043884,-5.219589,8.809418

96814320950730,-0.63090515,-5.7599335,8.397614

96814330960496,-0.4452362,-6.212204,7.5454407

96814340970261,0.1641388,-6.8430023,8.283356

96814350369675,-0.68803406,-6.2479095,8.321442

96814360989792,-0.92845154,-6.136032,8.002472

96814370999558,-0.7594452,-6.078903,7.978668

96814381009324,-0.95225525,-6.114609,7.9024963

96814391019089,-1.021286,-5.9717865,7.6668396

96814400418503,-1.040329,-6.097946,7.2312317

96814410794480,-1.123642,-6.564499,7.1026917

96814420804246,-1.2378998,-6.57164,6.886078

96814430783494,-1.3116913,-6.771591,6.655182

96814440823777,-1.1022186,-7.0167694,6.424286

96814450436814,-1.1022186,-6.8763275,6.5813904

96814460843308,-0.74516296,-6.7739716,6.778961

96814470853074,-0.58091736,-6.6335297,6.4290466

96814480832322,-0.79039,-6.2288666,6.238617

96814476071579,-0.8019409,-6.160553,7.553421

96814490842087,-0.9236908,-5.655197,6.2433777

96814500485642,-1.0427094,-5.762314,5.9458313

96814510861619,-1.1926727,-6.0550995,6.3862

96814520871384,-1.1617279,-6.540695,7.195526

96814530881150,-0.87132263,-6.8072968,7.3788147

96814540890915,-0.6285248,-6.7430267,7.5002136

96814550473435,-0.6118622,-6.476425,7.6144714

96814560971482,-0.67375183,-6.045578,7.5835266

96814570950730,-0.80467224,-5.7337494,7.8525085

96814580960496,-1.1165009,-5.731369,8.133392

96814590970261,-1.3402557,-6.2740936,7.907257

96814600522263,-1.1950531,-6.18602,8.626129

96814611081345,-0.76420593,-6.1265106,10.320953

96814620999558,-0.6499481,-3.8270721,9.504486

96814631192429,-0.53092957,-2.8654022,9.587799

96814641202195,-0.46427917,-3.1938934,10.101959

96814650571091,-0.5118866,-3.6556854,9.4878235

96814661221726,-0.5690155,-4.3412323,8.923676

96814671231492,-0.9213104,-4.6244965,8.659454

96814681210740,-0.72135925,-4.8744354,7.9024963

96814676449997,-0.83477783,-5.3759766,8.142792

96814691220505,-0.7927704,-5.1172333,7.1931458

96814700619919,-0.809433,-5.8932343,7.3264465

96814711240037,-0.6523285,-6.6002045,7.305023

96814721219285,-0.6094818,-6.923935,7.719208

96814731259568,-0.64756775,-6.859665,8.028656

96814741269333,-0.78800964,-6.3883514,8.278595

96814750638230,-1.0070038,-5.1505585,8.82132

96814761288865,-0.8260956,-4.100815,9.304535

96814771268113,-0.4880829,-4.83873,8.43808

96814781277878,-0.39048767,-5.8551483,8.6475525

96814791287644,-0.642807,-5.429062,8.816559

96814800687058,-0.80467224,-5.1696014,8.276215

96814811307175,-0.81181335,-5.4766693,8.216705

96814821286423,-0.72612,-5.436203,8.109589

96814831296189,-0.64756775,-4.9458466,8.021515

96814841305954,-0.56425476,-4.353134,8.164337

96814850735886,-0.707077,-3.615219,8.433319

96814861356003,-0.71421814,-3.5128632,8.595184

96814871304734,-0.6285248,-4.017502,8.7308655

96814881345017,-0.54997253,-4.607834,9.030792

96814876584275,-0.6904144,-5.2145844,8.272888

96814891415818,-0.5856781,-4.9125214,9.314056

96814900754197,-0.6999359,-4.7577972,9.280731

96814911374314,-0.7404022,-4.5364227,8.918915

96814921384079,-0.7689667,-4.3436127,8.742767

96814931363328,-0.74516296,-4.39122,8.530914

96814941373093,-0.73802185,-4.543564,8.342865

96814950772507,-0.7332611,-5.064865,8.397614

96814961392624,-0.8570404,-5.493332,8.390472

96814971402390,-0.87132263,-5.6885223,7.976288

96814981412156,-0.9236908,-6.224106,7.842987

96814991391404,-1.0450897,-6.1312714,8.090546

96815000821335,-1.040329,-5.5623627,8.252411

96815011441453,-1.0450897,-5.1124725,8.197662

96815021420701,-0.892746,-5.0363007,8.173859

96815031430466,-0.7189789,-5.0624847,8.190521

96815041440232,-0.6523285,-5.1124725,8.454742

96815050839646,-0.707077,-5.076767,8.385712

96815061459763,-0.55711365,-5.667099,8.276215

96815071469529,-0.6166229,-5.386215,8.5642395

96815081448777,-0.6356659,-4.731613,8.976044

96815076688035,-0.7787323,-5.141754,8.464981

96815091458542,-0.70469666,-4.8434906,8.688019

96815100857956,-0.8237152,-4.9910736,8.161957

96815111569626,-0.78800964,-5.0410614,8.414276

96815121487839,-0.8070526,-4.8030243,8.516632

96815131497605,-0.67137146,-4.557846,8.999847

96815141476853,-0.49760437,-4.603073,8.918915

96815150906785,-0.46665955,-4.84111,8.776093

96815161435349,-0.47380066,-4.731613,8.716583

96815171506150,-0.60710144,-4.5411835,8.740387

96815181515915,-0.6927948,-4.543564,8.611847

96815191525681,-0.7237396,-4.793503,8.507111

96815200925095,-0.64756775,-5.0624847,8.388092

96815211392624,-0.5761566,-5.3814545,8.588043

96815221554978,-0.5880585,-5.3933563,8.461884

96815231564744,-0.6094818,-5.179123,8.6475525

96815241574509,-0.71183777,-4.9149017,8.595184

96815251584275,-0.74516296,-4.698288,8.668976

96815260831101,-0.7189789,-4.6483,8.602325

96815271664841,-0.71421814,-4.717331,8.583282

96815281583054,-0.67137146,-4.8363495,8.573761

96815276822312,-0.66197205,-4.8561096,8.608032

96815291592820,-0.6689911,-5.0029755,8.492828

96815300961716,-0.642807,-5.174362,8.354767

96815310849412,-0.6761322,-5.2219696,8.511871

96815321652634,-0.69755554,-5.129135,8.5642395

96815331570847,-0.6999359,-4.8815765,8.573761

96815341611130,-0.95939636,-5.072006,8.252411

96815351620896,-0.7689667,-4.6697235,8.897491

96815360867722,-1.0331879,-4.622116,8.535675

96815371701462,-0.97843933,-4.576889,8.50235

96815381619675,-0.71421814,-4.626877,8.609467

96815391629441,-0.642807,-4.5935516,8.483307

96815401639206,-0.6999359,-4.924423,8.540436

96815410886033,-0.81895447,-5.2076874,8.44046

96815421719773,-0.6118622,-5.0815277,8.492828

96815431637986,-0.6094818,-5.088669,8.559479

96815441647751,-0.6856537,-5.1886444,8.56662

96815451504929,-0.64756775,-5.250534,8.668976

96815460934861,-0.7665863,-5.1196136,8.519012

96815471768601,-0.6451874,-4.77684,8.576141

96815481656296,-0.51426697,-4.634018,8.642792

96815476895554,-0.7240906,-4.942154,8.539246

96815491666062,-0.28575134,-4.660202,8.6475525

96815501828415,-0.20957947,-4.6697235,8.561859

