98776547751610,-0.83561707,0.3195343,9.840118

98776555564110,-1.1141205,0.44569397,9.756805

98776571585838,-1.0046234,0.45759583,9.799652

98776595816795,-0.55711365,-0.0018157959,9.754425

98776605796043,-0.6356659,0.014846802,9.775848

98776620810692,-0.67375183,-0.1493988,9.871063

98776640982811,-0.85227966,0.07673645,9.918671

98776650809471,-0.87132263,0.2290802,9.802032

98776660910789,-0.8308563,0.2957306,9.932953

98776672751610,-0.7689667,0.26478577,9.856781

98776680808250,-0.8165741,0.1790924,9.837738

98776690940086,-0.7975311,0.1790924,9.863922

98776701316063,-0.7999115,0.13148499,9.9305725

98776711661522,-0.8594208,0.21479797,9.961517

98776721671287,-0.8808441,0.18385315,9.959137

98776731681053,-0.8808441,0.11720276,9.997223

98776741660301,-0.82847595,0.01008606,9.899628

98776751364891,-0.80229187,0.048171997,9.885345

98776761649315,-0.85227966,5.645752E-4,9.882965

98776771659080,-0.8998871,-0.0018157959,9.873444

98776781668846,-0.91178894,-0.07322693,9.856781

98776791678611,-0.937973,-0.03514099,9.961517

98776800803367,-0.9712982,0.05293274,10.144806

98776811698143,-0.93559265,0.13624573,10.04245

98776821738426,-0.9165497,0.12434387,10.006744

98776831717674,-0.8475189,-0.042282104,10.087677

98776826956932,-0.8631134,0.10458374,9.935089

98776841605369,-0.82133484,-0.2969818,10.090057

98776850791160,-0.74754333,-0.32554626,10.006744

98776865775291,-0.5713959,-0.33506775,10.411407

98776876792137,-0.8475189,0.39570618,10.23764

98776886710350,-0.8975067,0.47425842,10.230499

98776895926658,-0.8570404,0.31477356,10.273346

98776906729881,-1.1783905,0.426651,10.789886

98776916678611,-0.36906433,-0.6683197,10.0781555

98776926688377,-0.39762878,-0.73973083,10.55661

98776936698143,-0.06437683,-0.27555847,10.842255

98776945914451,0.15223694,-0.3398285,11.558746

98776956717674,0.29981995,-0.8516083,11.301666

98776966757957,-0.026290894,-1.3705292,12.79892

98776976706688,0.18556213,-1.734726,13.017914

98776986685936,0.24745178,-2.344101,13.929596

98776995902244,0.22364807,-2.491684,14.398529

98777006705467,0.35456848,-2.9820404,14.641327

98777016684715,0.5235748,-3.9817963,15.098358

98777026694481,0.62831116,-4.7149506,15.783905

98777036673729,0.60450745,-4.6816254,16.686066

98777031912986,-0.17791748,-1.3261414,12.136581

98777045890037,0.511673,-4.0413055,17.459686

98777056693260,0.3617096,-3.3105316,17.842926

98777066672508,0.114151,-2.665451,17.573944

98777076712791,-0.15245056,-2.4440765,17.376373

98777086692039,-0.26908875,-2.351242,17.197845

98777095908348,-0.3643036,-2.3607635,16.59085

98777106681053,-0.4618988,-2.5488129,15.667267

98777116690818,-0.68803406,-2.877304,14.738922

98777126517479,-1.0498505,-3.1224823,13.679657

98777136496727,-1.3759613,-3.312912,12.820343

98777145896141,-1.6187592,-3.2057953,12.230011

98777156485740,-1.9091644,-3.1034393,11.632538

98777166495506,-2.0329437,-2.9820404,11.163605

98777176474754,-2.0876923,-3.0677338,10.932709

98777186454002,-2.099594,-3.222458,10.432831

98777195883934,-2.2376556,-3.3105316,9.378326

98777206473533,-2.3447723,-3.2129364,8.495209

98777216483299,-2.5185394,-2.97966,7.7549133

98777226462547,-2.663742,-2.5226288,7.2693176

98777236472313,-2.6994476,-1.8799286,7.176483

98777231711570,-1.2793121,-2.9261017,12.870682

98777245871727,-2.5899506,-1.4609833,6.8884583

98777256491844,-2.368576,-1.3610077,6.500458

98777266471092,-2.3138275,-1.1991425,5.855377

98777276450340,-2.2828827,-0.9325409,5.457855

98777286490623,-2.2995453,-0.54930115,4.641388

98777295859520,-2.4019012,-0.21366882,4.0724792

98777306662742,-2.6232758,0.20289612,3.5749817

98777316489402,-2.7875214,0.66944885,3.2345886

98777326468651,-2.9279633,1.2335968,2.8799133

98777336447899,-2.9303436,1.8858185,2.7347107

98777345847313,-2.8613129,2.4333038,2.582367

98777356497947,-2.7303925,2.8022614,1.8634949

98777366446678,-2.6994476,3.11409,1.2279358

98777376456443,-2.6780243,3.2283478,0.33529663

98777386435692,-2.823227,3.3473663,-0.44784546

98777395835106,-3.0922089,3.364029,-1.2976379

98777406180565,-3.2897797,3.7020416,-2.368805

98777416434471,-3.3611908,4.435196,-2.8615417

98777426444236,-3.4659271,5.2802277,-3.144806

98777436423485,-3.4087982,6.134781,-3.459015

98777431662742,-2.7967987,1.8058319,1.9134827

98777445822899,-3.6587372,6.9845734,-4.0802917

98777455710594,-4.0467377,7.6463165,-4.4325867

98777466422264,-4.439499,8.174759,-4.6158752

98777476432029,-4.8274994,8.643692,-4.8086853

98777486411277,-5.1155243,8.936478,-4.8467712

98777496512596,-5.1678925,9.103104,-5.1252747

98777505698387,-5.127426,9.26973,-5.775116

98777516410057,-5.082199,9.157852,-5.9822083

98777526450340,-5.2202606,8.955521,-5.658478

98777536429588,-5.3035736,8.831741,-5.370453

98777546500389,-5.427353,8.6532135,-5.025299

98777555686180,-5.446396,8.298538,-4.4825745

98777566428367,-5.4440155,7.855789,-3.6994324

98777576499168,-5.3987885,7.3440094,-3.1614685

98777586447899,-5.196457,6.717972,-2.368805

98777596427147,-4.9179535,6.0038605,-1.7713318

98777605673973,-4.5918427,5.3611603,-1.4690247

98777616416160,-4.3776093,4.749405,-1.2095642

98777626425926,-4.3728485,4.049576,-1.0881653

98777636405174,-4.434738,3.5996857,-0.9548645

98777631644432,-4.8798676,7.416855,-3.7963104

98777646414940,-4.6608734,3.2021637,-0.27407837

98777655661766,-4.741806,2.8879547,0.90896606

98777666495506,-4.601364,2.3904572,2.0658264

98777676413719,-4.2514496,1.7596588,3.1441345

98777686423485,-3.7134857,1.0741119,4.14151

98777696280662,-3.0041351,0.44093323,4.539032

98777705680076,-2.5375824,-0.018478394,4.6080627

98777716513817,-2.3447723,-0.29460144,4.686615

98777726432029,-2.1995697,-0.77305603,5.0888977

98777736380760,-2.07341,-1.3967133,6.276703

98777746451561,-1.7377777,-2.1036835,8.319061

98777755637352,-1.2164764,-2.6702118,9.692535

98777766501610,-0.7427826,-3.089157,10.090057

98777776419822,-0.49760437,-3.4295502,10.461395

98777786399070,-0.5214081,-3.6961517,10.349518

98777796408836,-0.85227966,-3.5295258,10.889862

98777805686180,-0.93559265,-3.2343597,12.001495

98777816397850,-0.8332367,-2.953476,13.63443

98777826407615,-0.5880585,-2.5773773,14.879364

98777836386863,-0.24290466,-2.6035614,15.341156

98777831626121,-2.1148224,-1.0307312,7.542221

98777846305076,-0.1000824,-2.59404,15.424469

98777855673973,-0.1000824,-2.4297943,15.593475

98777866416160,-0.25004578,-2.332199,15.805328

98777876425926,-0.2738495,-2.3750458,15.862457

98777886405174,-0.30717468,-1.9989471,15.769623

98777896414940,-0.42381287,-1.6299896,15.605377

98777905661766,-0.5261688,-1.3157806,15.507782

98777916403953,-0.7665863,-1.0110931,15.17453

98777926413719,-0.86894226,-0.8325653,14.836517

98777936392967,-1.0093842,-0.97776794,14.491364

98777946402733,-0.96177673,-1.2776947,13.941498

98777955771629,-0.957016,-1.6490326,13.246429

98777966391746,-1.040329,-1.9513397,12.525177

98777976401512,-1.0903168,-2.1298676,12.180023

98777986411277,-1.0093842,-2.1631927,11.853912

98777996390526,-0.93559265,-2.1108246,11.70871

98778005759422,-0.8498993,-2.0203705,11.623016

98778016410057,-0.6451874,-1.8513641,11.661102

98778026419822,-0.5452118,-1.6894989,11.508759

98778036399070,-0.4618988,-1.5252533,11.244537

98778031638328,-0.6561432,-1.7932892,13.778198

98778046408836,-0.4214325,-1.4038544,11.163605

98778055777733,-0.43095398,-1.3134003,11.096954

98778066489402,-0.44999695,-1.2634125,10.958893

98778076377098,-0.37382507,-1.3157806,10.799408

98778086417381,-0.24528503,-1.4895477,10.780365

98778096427147,-0.13578796,-1.6942596,10.637543

98778105796043,-0.0667572,-1.9584808,10.30191

98778116416160,-0.052474976,-2.113205,10.140045

98778126395408,-0.06437683,-2.1893768,10.1091

98778136405174,-0.14530945,-2.139389,10.009125

98778146414940,-0.23100281,-1.9941864,9.956757

98778155783836,-0.25242615,-1.8965912,9.921051

98778166434471,-0.17863464,-1.8204193,10.047211

98778176383201,-0.18101501,-1.8108978,10.135284

98778186484520,0.07368469,-2.332199,10.597076

98778196402733,0.21174622,-3.0296478,10.630402

98778205802147,0.07130432,-3.1605682,10.599457

98778216422264,-0.12626648,-2.6059418,11.163605

98778226401512,-0.18101501,-1.8085175,11.0065

98778236411277,-0.30241394,-1.3657684,10.504242

98778231650535,-0.17411804,-1.9352722,10.527924

98778246421043,-0.40000916,-1.3038788,10.085297

98778255789940,-0.43571472,-1.4824066,9.994843

98778266410057,-0.2809906,-1.6704559,9.956757

98778276419822,-0.08818054,-1.8537445,10.082916

98778286399070,0.037979126,-2.0965424,10.218597

98778296378318,0.02607727,-2.3131561,10.375702

98778305777733,0.035598755,-2.5464325,10.49472

98778316397850,-0.033432007,-2.6821136,10.873199

98778326377098,-0.031051636,-2.8630219,11.173126

98778336386863,0.02607727,-2.97966,11.475433

98778346396629,0.04273987,-3.0415497,12.025299

98778355765526,0.10462952,-2.9772797,12.444244

98778366416160,0.11177063,-2.8154144,12.956024

98778376395408,0.11891174,-2.59404,13.63443

98778386374656,0.06654358,-2.408371,14.21286

98778396353904,0.061782837,-2.4059906,14.7222595

98778405753318,0.12843323,-2.574997,15.200714

98778416373436,0.19270325,-2.8296967,15.36972

98778426383201,0.23078918,-3.0106049,15.871979

98778436392967,0.19032288,-2.960617,16.500397

98778431632225,0.0052490234,-2.4705048,12.383423

98778446372215,0.16889954,-2.8939667,16.957428

98778455771629,0.028457642,-2.9320526,17.124054

98778466391746,-0.114364624,-2.9296722,17.276398

98778476370994,-0.26670837,-2.7963715,17.4216

98778486350242,-0.30241394,-2.5583344,17.364471

98778496360008,-0.071517944,-2.6226044,16.802704

98778505759422,0.035598755,-2.6511688,15.921967

98778516379539,0.09510803,-2.6345062,15.17215

98778526358787,0.09510803,-2.6963959,14.350922

98778536368553,-0.021530151,-2.9320526,13.774872

98778546378318,-0.0834198,-3.1748505,12.967926

98778555747215,-0.1000824,-3.3914642,12.318085

98778566367332,-0.13102722,-3.370041,11.254059

98778576346580,-0.116744995,-3.286728,10.323334

98778586356346,-0.16673279,-3.1891327,9.649689

98778596366111,-0.2976532,-3.0034637,9.190277

98778605735008,-0.51426697,-2.6249847,8.366669

98778616355125,-0.72612,-2.1227264,7.978668

98778626334373,-0.8403778,-1.8132782,7.574005

98778636344139,-0.84513855,-1.5990448,7.136017

98778631583397,-0.20874023,-2.761139,12.946259

98778646353904,-0.72850037,-1.1848602,6.483795

98778655692283,-0.56425476,-0.6278534,6.060089

98778666342918,-0.2881317,-0.08988953,5.5554504

98778676352684,-0.1405487,0.5432892,5.2031555

98778686148826,0.0236969,1.0669708,4.679474

98778696128074,-0.04295349,1.3764191,3.903473

98778705741111,-0.21195984,1.6287384,2.5276184

98778716727440,-0.60472107,1.6049347,1.5802307

98778726340477,-1.0736542,1.6930084,0.8232727

98778736289207,-1.502121,1.9881744,0.25912476

98778746298973,-1.6544647,2.4713898,-0.14315796

98778755698387,-1.5402069,3.2093048,-0.6025696

98778766410057,-1.3831024,4.3756866,-1.2690735

98778776328270,-1.2664642,5.4968414,-2.2164612

98778786307518,-1.3831024,6.4608917,-3.4613953

98778796378318,-1.9115448,7.096451,-4.468292

98778805716697,-2.5233002,7.693924,-5.1681213

98778816123192,-3.2707367,8.224747,-5.679901

98778826316063,-4.022934,8.834122,-6.0726624

98778836264793,-4.5775604,9.512527,-6.31546

98778831504051,-1.4333344,3.5687408,0.08392334

98778846305076,-5.0155487,10.286148,-6.4725647

98778856314842,-5.208359,11.150223,-6.3487854

98778865561668,-5.3868866,11.612015,-5.9703064

98778876364891,-5.503525,11.692947,-5.525177

98778886313621,-5.615402,11.376358,-5.403778

98778896292869,-5.6701508,10.788406,-5.3157043

98778905661766,-5.6177826,9.986221,-5.363312

98778915549461,-5.479721,9.364944,-5.279999

98778926383201,-5.234543,8.762711,-4.6753845

98778936301414,-4.8655853,8.091446,-3.954132

98778946311180,-4.5204315,7.41066,-3.144806

98778955680076,-4.272873,6.8703156,-2.240265

98778965537254,-4.0467377,6.2038116,-1.3857117

98778976370994,-3.7587128,5.570633,-0.4764099

98778986289207,-3.599228,4.942215,0.05441284

98778996298973,-3.5897064,4.428055,-0.016998291

98779006308738,-3.856308,3.961502,-0.31930542

98779015525047,-4.4371185,3.49971,-0.6430359

98779026358787,-5.1345673,2.9403229,-0.77633667

98779036277000,-5.760605,2.3666534,-0.40737915

98779031516258,-4.8286896,7.565262,-3.1832428

98779046286766,-6.074814,1.792984,0.67092896

98779056296531,-5.7772675,0.9360504,2.2895813

98779065543358,-5.02507,-0.106552124,3.6368713

98779076285545,-4.118149,-1.0491791,4.693756

98779086295311,-3.4230804,-1.7728119,4.9460754

98779096274559,-3.2516937,-2.4893036,4.7413635

98779106284324,-3.599228,-2.8725433,4.629486

98779115531151,-4.056259,-2.9701385,5.42453

98779126273338,-4.310959,-3.017746,6.6908875

98779136283104,-4.151474,-3.3248138,7.9429626

98779146262352,-3.5968475,-3.7270966,9.14743

98779156272117,-2.8279877,-4.288864,9.623505

98779165518943,-2.2924042,-4.6387787,9.7829895

98779176261131,-1.9567719,-4.595932,10.432831

98779186270897,-1.7853851,-4.4388275,11.684906

98779196280662,-1.7401581,-4.2341156,12.241913

98779206290428,-1.6568451,-4.312668,12.822723

98779215537254,-1.566391,-4.607834,13.017914

98779226248924,-1.4402313,-4.7839813,12.889374

98779236289207,-1.2807465,-4.800644,13.203583

98779231528465,-3.1965942,-2.9651337,8.025681

98779246268455,-0.96177673,-4.562607,13.855804

98779256278221,-0.63090515,-4.043686,14.281891

98779265525047,-0.30717468,-3.4581146,14.91507

98779276297752,-0.119125366,-2.953476,15.131683

98779286277000,-0.07865906,-2.5154877,15.338776

98779296256248,-0.007247925,-2.222702,15.314972

98779306266014,-0.119125366,-1.9513397,15.262604

98779315512840,-0.20005798,-1.7442474,15.129303

98779326255027,-0.41429138,-1.7014008,14.965057

98779336264793,-0.81895447,-1.7228241,14.479462

98779346244041,-1.1998138,-1.7585297,13.801056

98779356253807,-1.5140228,-1.908493,13.165497

98779365622703,-1.6259003,-2.1155853,12.61087

98779376242820,-1.547348,-2.3988495,12.03006

98779386252586,-1.3021698,-2.6368866,11.789642

98779396231834,-1.0046234,-2.9177704,11.473053

98779406302635,-0.74516296,-3.2724457,11.26358

98779415641014,-0.67137146,-3.4105072,10.847015

98779426261131,-0.64042664,-3.460495,10.447113

98779436240379,-0.70469666,-3.4509735,10.290009

98779431479637,-0.7306366,-2.7103271,13.319626

98779446219627,-0.7023163,-3.331955,10.23526

98779456229393,-0.6761322,-3.1772308,10.278107

98779465598289,-0.6856537,-3.0106049,10.225739

98779476248924,-0.67137146,-2.9320526,10.230499

98779486228172,-0.59757996,-2.8535004,10.332855

98779496207420,-0.48094177,-2.870163,10.099579

98779506247703,-0.37858582,-2.8677826,9.921051

98779515616600,-0.43095398,-2.7701874,9.733002

98779526236717,-0.13578796,-3.3819427,10.36618

98779536215965,-0.1000824,-3.8104095,10.835114

98779546225731,-0.39762878,-3.6128387,10.573273

98779556204979,-0.90226746,-2.6535492,10.5399475

98779565573875,-1.1093597,-2.0989227,10.318573

98779576224510,-1.1117401,-1.8775482,10.10434

98779586203758,-0.9951019,-1.9632416,9.890106

98779596213524,-0.7832489,-2.0060883,9.794891

98779606223289,-0.56425476,-2.0655975,9.687775

98779615592186,-0.53330994,-2.1798553,9.556854

98779626242820,-0.6999359,-2.3012543,9.52829

98779636222068,-0.8832245,-2.4297943,9.65683

98779631461326,-0.6419678,-2.709732,10.095413

98779646201317,-0.8594208,-2.4607391,9.871063

98779656211082,-0.7499237,-2.3536224,10.182892

98779665610496,-0.5118866,-2.267929,10.532806

98779676230613,-0.43571472,-2.0774994,10.751801

98779686209861,-0.41667175,-2.0513153,10.763702

98779696006004,-0.49998474,-2.0965424,10.694672

98779706229393,-0.5523529,-2.370285,10.718475

98779715598289,-0.62138367,-2.646408,10.882721

98779726218406,-0.47618103,-3.062973,11.127899

98779736197654,-0.27622986,-3.6509247,11.304047

98779746207420,-0.0834198,-4.1293793,11.651581

98779756186668,-0.04295349,-4.3436127,12.089569

98779765586082,-0.14530945,-3.8889618,12.744171

98779776206199,-0.23814392,-2.9011078,13.708221

98779786185447,-0.25956726,-1.9346771,14.5961

98779796164695,-0.16435242,-1.1158295,15.348297

98779806174461,-0.035812378,-0.55882263,15.936249

98779815573875,0.035598755,-0.40171814,16.314728

98779826193992,0.0046539307,-0.4945526,16.307587

98779836173240,-0.119125366,-0.727829,15.921967

98779831412498,-0.32240295,-2.2767334,12.572433

98779846183006,-0.21672058,-0.87779236,15.722015

98779856162254,-0.2071991,-0.9872894,15.545868

98779865561668,-0.19529724,-0.9420624,15.512543

98779876181785,-0.17863464,-1.0206146,15.62204

98779886161033,-0.045333862,-1.2657928,15.636322

98779896170799,-0.07627869,-1.3800507,15.586334

98779906150047,-0.08818054,-1.6395111,15.438751

98779915549461,-0.092941284,-1.9418182,14.772247

98779926200096,-0.20005798,-2.248886,14.053375

98779936179344,-0.38572693,-2.7154388,13.446381

98779946158592,-0.5928192,-2.9106293,12.851288

98779956137840,-0.9236908,-3.17247,12.463287

98779965537254,-1.1593475,-3.2415009,12.253815

98779976157371,-1.3926239,-2.8915863,11.70871

98779986167137,-1.4664154,-2.5154877,11.501617

98779996146385,-1.4045258,-1.9299164,11.339752

98780006156151,-1.2378998,-1.3990936,11.3159485

98780015586082,-0.98558044,-0.90159607,11.013641

98780026145164,-0.7975311,-0.7183075,10.568512

98780036124412,-0.79039,-0.8230438,9.742523

98780031363670,-0.6218567,-1.7761383,13.304749

98780046134178,-1.0117645,-1.2610321,8.526154

98780055960838,-1.3688202,-1.9703827,7.0003357

98780065512840,-1.7211151,-2.2536469,5.1722107

98780076316063,-2.0567474,-2.2631683,3.8439636

98780086142723,-2.1710052,-1.9608612,3.1036682

98780096121971,-2.0638885,-1.1491547,2.5466614

98780106131736,-1.7377777,-0.18034363,2.1229553

98780115531151,-1.4925995,0.8789215,1.6944885

98780126273338,-1.290268,1.8691559,0.9898987

98780136099998,-1.2259979,2.5451813,0.07821655

98780146109764,-1.4116669,3.0283966,-0.53829956

98780156089012,-1.5354462,3.2402496,-1.4118958

98780165488426,-1.6449432,3.409256,-2.3021545

98780175986473,-1.7734833,4.056717,-3.0995789

98780186087791,-1.9996185,4.832718,-3.9588928

98780196189110,-2.2900238,5.7801056,-4.4373474

98780206107322,-2.7161102,6.96315,-4.9562683

98780215476219,-3.189804,8.148575,-5.4775696

98780226126854,-3.8229828,9.131668,-5.775116

98780236075584,-4.2704926,9.819595,-5.910797

98780231314842,-2.039734,2.633255,-0.13946533

98780246054832,-4.556137,10.090958,-5.9393616

98780256064598,-4.665634,10.207596,-5.99411

98780265464012,-4.529953,10.224258,-5.9893494

98780275321190,-4.351425,10.188553,-5.813202

98780286124412,-4.2205048,10.062393,-5.532318

98780296042625,-4.3871307,9.971939,-5.279999

98780306052391,-4.548996,9.743423,-4.8301086

98780316062156,-4.70372,9.253067,-4.511139

98780325308983,-4.710861,8.755569,-4.2135925

98780336112205,-4.503769,8.1914215,-3.7375183

98780346060936,-4.3419037,7.6605988,-3.1400452

98780356040184,-4.2704926,7.2559357,-2.606842

98780366049949,-4.3157196,6.8774567,-2.2878723

98780375296776,-4.4490204,6.470413,-1.8784485

98780386130516,-4.57518,6.044327,-1.6737366

98780396018211,-4.772751,5.5349274,-1.4237976

98780406027977,-4.8989105,4.877945,-0.9739075

98780416068260,-4.953659,4.301895,-0.4026184

98780425284568,-4.9965057,3.7853546,0.13296509

98780436118309,-4.934616,3.344986,0.89468384

98780431357567,-4.5843506,7.642151,-3.2600098

98780446036522,-4.8155975,2.7522736,1.5921326

98780456015770,-4.6727753,2.3309479,1.9872742

98780465964500,-4.598984,2.0095978,2.4443054

98780475302879,-4.472824,1.6620636,2.9251404

98780486106102,-4.439499,1.6477814,3.301239

98780496024315,-4.284775,1.4311676,4.148651

98780506034080,-3.9515228,1.0598297,5.019867

98780515982811,-3.4445038,0.75276184,5.757782

98780525290672,-2.804184,0.0315094,6.6575623

98780536124412,-2.1257782,-1.0372772,6.6599426

98780546012108,-1.7853851,-2.0132294,6.4599915

98780556021873,-1.7234955,-2.7535248,7.0312805

98780565970604,-1.5830536,-3.0272675,8.335724

98780575278465,-1.3926239,-2.7844696,9.6996765

98780586112205,-1.0070038,-2.6749725,11.037445

98780596030418,-0.6594696,-2.5583344,11.861053

98780606101219,-0.3214569,-2.7511444,11.856293

98780616019432,-0.14292908,-3.2415009,11.699188

98780625357811,-0.06199646,-3.5604706,12.018158

98780636099998,0.037979126,-3.5342865,12.748932

98780631339256,-2.4124908,-0.81292725,7.162079

98780646018211,0.29981995,-3.320053,14.172394

98780655997459,0.86872864,-3.2462616,15.314972

98780666037742,1.3281403,-3.2153168,15.9600525

98780675284568,1.5209503,-3.320053,16.095734

98780685996238,1.5971222,-3.5771332,15.791046

98780695792381,1.3090973,-3.6937714,15.050751

98780706015770,0.8782501,-3.4105072,14.538971

98780715995018,0.39741516,-3.2272186,14.327118

98780725394432,0.23078918,-3.04393,14.229523

98780736014549,0.19032288,-2.9058685,13.843903

98780745993797,0.28553772,-2.8630219,13.289276

98780756003563,0.345047,-2.9748993,13.227386

98780766013328,0.45692444,-3.0582123,13.027435

98780775382225,0.5164337,-3.120102,12.47995

98780786002342,0.40455627,-3.1367645,11.899139

98780795981590,0.24507141,-3.0653534,11.477814

98780805991356,0.12605286,-2.8558807,11.25882

98780815970604,0.033218384,-2.677353,11.106476

98780825370018,0.052261353,-2.5345306,11.013641

98780835990135,0.11891174,-2.574997,10.992218

98780831229393,0.56022644,-3.0910645,13.454834

98780845969383,0.2783966,-2.5845184,11.0660095

98780855979149,0.5330963,-2.703537,11.304047

98780865988914,0.7735138,-2.8368378,11.225494

98780875357811,0.954422,-2.9463348,11.020782

98780886008445,1.082962,-2.8820648,10.754181

98780895957176,1.0520172,-2.665451,10.599457

98780905966942,0.89967346,-2.4321747,10.673248

98780915976707,0.659256,-2.177475,10.701813

98780925345604,0.35932922,-2.0203705,10.654205

98780935965721,0.2212677,-1.9894257,10.704193

98780945975486,0.20698547,-2.1084442,10.625641

98780955954735,0.30220032,-2.1941376,10.304291

98780965964500,0.4426422,-2.1941376,10.035309

98780975333397,0.5688019,-2.1798553,9.98056

98780985953514,0.5426178,-2.2012787,9.8472595

98780995932762,0.47120667,-2.267929,9.804413

98781005942527,0.37599182,-2.3369598,9.897247

98781015952293,0.2950592,-2.415512,9.947235

98781025321190,0.25221252,-2.5345306,10.059113

98781035941307,0.3688507,-2.6749725,10.359039

98781031180565,0.5320282,-2.4172974,10.47818

98781045920555,0.57832336,-2.870163,10.7065735

98781055930320,0.7473297,-2.953476,11.023163

98781065940086,0.86634827,-2.9558563,11.158844

98781075308983,0.86872864,-2.9772797,11.470673

98781085929100,0.7378082,-2.8011322,11.8420105

98781095938865,0.6830597,-2.6821136,12.127655

98781105948631,0.5521393,-2.665451,12.744171

98781115927879,0.50691223,-2.7011566,13.170258

98781125296776,0.39741516,-2.6345062,13.417816

98781135947410,0.30220032,-2.760666,13.686798

98781145926658,0.13557434,-2.8844452,14.010529

98781155936424,0.061782837,-3.0796356,14.650848

98781165915672,0.2212677,-3.3486176,15.388763

98781175284568,0.6164093,-3.5676117,15.500641

98781185935203,0.8401642,-3.7532806,15.30069

98781195944969,1.1043854,-3.81279,15.276886

98781205924217,1.1710358,-3.5009613,15.457794

98781215933983,1.1686554,-3.2248383,15.334015

98781225302879,1.102005,-3.1629486,15.317352

98781235984031,0.9306183,-3.1177216,15.207855

98781231223289,0.6796112,-3.0727386,13.639664

98781245932762,0.7401886,-3.1891327,14.941254

98781255912010,0.5854645,-3.3557587,14.779388

98781265891258,0.5235748,-3.4509735,14.591339

98781275290672,0.56166077,-3.5319061,14.372345

98781285910789,0.7259064,-3.6580658,14.034332

98781295890037,0.82588196,-3.9460907,13.322601

98781305899803,0.8544464,-3.9936981,12.3680725

98781315909568,0.6902008,-3.8223114,11.339752

98781325278465,0.32362366,-3.441452,10.863678

98781335929100,-0.08580017,-2.8011322,10.801788

98781345908348,-0.45951843,-2.203659,10.835114

98781355887596,-0.707077,-1.9203949,10.563751

98781365897361,-0.809433,-1.69664,9.909149

98781375266258,-0.7856293,-1.7585297,9.114105

98781385916893,-0.69755554,-1.7847137,8.095306

98781395896141,-0.6285248,-1.6371307,7.245514

98781405905906,-0.74516296,-1.3871918,6.502838

98781415885154,-0.80229187,-0.9301605,5.8458557

98781425284568,-1.0141449,-0.37791443,5.3697815

98781435904686,-1.1545868,0.13624573,5.1007996

98781431143943,-0.10293579,-2.4375305,10.499832

98781445883934,-1.3783417,0.6408844,4.512848

98781455863182,-1.6806488,1.1360016,3.9225159

98781465872947,-1.9924774,1.4811554,3.282196

98781475241844,-2.3281097,1.7382355,2.6037903

98781486014549,-2.6685028,1.9381866,1.9468079

98781495871727,-2.951767,2.1690826,1.7325745

98781505881492,-3.061264,2.2595367,1.4707336

98781515860740,-3.0945892,2.478531,1.1351013

98781525260154,-3.1660004,2.5975494,0.8137512

98781535971824,-3.125534,2.8165436,0.24246216

98781545859520,-3.2564545,3.2140656,-0.38357544

98781555869285,-3.3707123,3.7377472,-0.7501526

98781565848533,-3.4611664,4.320938,-1.2190857

98781575247947,-3.6753998,5.082657,-1.8356018

98781585593406,-3.9300995,6.096695,-2.3735657

98781595877830,-4.2704926,7.2345123,-2.7806091

98781606040184,-4.663254,8.346146,-2.7829895

98781616019432,-5.017929,9.405411,-2.5187683

98781625907127,-5.1226654,10.219498,-2.349762

98781635825340,-5.0131683,10.881241,-2.7806091

98781631064598,-3.361435,4.3897247,0.09440613

98781646018211,-5.0203094,11.0907135,-3.4256897

98781655997459,-5.248825,11.033585,-4.0136414

98781666037742,-5.5987396,11.121658,-4.525421

98781675254051,-5.9843597,11.183548,-4.5968323

98781685111229,-6.2200165,11.1549835,-4.1874084

98781695639793,-6.0652924,10.890762,-3.3495178

98781705924217,-5.5416107,10.328995,-2.6782532

98781715964500,-4.9965057,9.710098,-2.33786

98781725943748,-4.6989594,8.8841095,-2.0069885

98781735099022,-4.8227386,8.081924,-1.5642395

98781746024315,-5.1488495,7.310684,-1.2714539

98781755973045,-5.363083,6.6322784,-0.9310608

98781765860740,-5.422592,5.9919586,-0.66922

98781775901024,-5.1869354,5.4135284,-0.33358765

98781785117332,-4.939377,5.0421906,0.504303

98781795920555,-4.665634,4.5923004,1.4207458

98781805838768,-4.413315,4.3042755,1.9015808

98781815818016,-4.1609955,4.0590973,1.9706116

98781825888817,-4.1990814,3.8186798,2.2205505

98781835074608,-4.2324066,3.5330353,2.4752502

98781830313865,-5.0964813,7.7089233,-1.2699127

98781845969383,-4.3038177,3.2473907,2.5276184

98781855826561,-4.4609222,3.0164948,2.6680603

98781865805809,-4.544235,2.6451569,2.9894104

98781875846092,-4.394272,2.1928864,3.3631287

98781885092918,-4.101486,1.7572784,3.743988

98781895896141,-3.7753754,1.3002472,4.2462463

98781905844871,-3.401657,0.92652893,5.0746155

98781915854637,-2.9184418,0.69563293,6.3504944

98781925894920,-2.4161835,0.43141174,7.3764343

98781935080711,-2.0115204,0.35047913,7.8644104

98781946067039,-1.8853607,0.18623352,7.8191833

98781955985252,-1.9686737,-0.12321472,7.445465

98781965995018,-2.278122,-0.44932556,7.0169983

98781976004783,-2.6042328,-0.8159027,7.131256

98781985068504,-2.7946625,-1.1086884,7.4145203

98781996054832,-2.5899506,-1.4038544,8.599945

98782006003563,-1.9853363,-1.8227997,10.356659

98782015982811,-1.1093597,-2.3298187,12.015778

98782025992576,-0.20005798,-2.9891815,13.0607605

98782035086815,0.53785706,-3.646164,13.194061

98782030326072,-2.6602936,0.1030426,7.0129547

98782045981590,0.91871643,-4.0793915,12.061005

98782055991356,0.8044586,-4.1936493,10.911285

98782066001121,0.47120667,-4.0079803,10.6232605

98782076010887,0.11891174,-3.7032928,11.38736

98782085074608,-0.09770203,-3.2986298,13.103607

98782096060936,0.1641388,-2.793991,14.558014

98782106009666,0.6473541,-2.65831,15.053131

98782115988914,1.1329498,-2.8415985,15.026947

98782125968162,1.4043121,-3.139145,14.422333

98782135184471,1.4233551,-3.3081512,13.89151

98782145835106,1.2519684,-3.2629242,13.384491

98782155814354,0.9115753,-2.9510956,13.025055

98782165824119,0.5426178,-2.5321503,12.7655945

98782175803367,0.28315735,-2.2108002,12.698944

98782185202781,0.1879425,-2.0013275,13.303558

98782195822899,0.4259796,-1.7870941,13.50589

98782205832664,0.7068634,-1.8275604,13.496368

98782215811912,1.0115509,-1.9251556,13.196442

98782225791160,1.1876984,-2.0989227,12.910797

98782235190574,1.2210236,-2.151291,12.632294

98782230429832,0.7359009,-2.838623,13.0979

98782245810692,1.1996002,-2.067978,12.401398

98782255789940,1.0782013,-1.863266,12.146698

98782265799705,0.9449005,-1.5657196,12.015778

98782275809471,0.81874084,-1.2895966,12.044342

98782285178367,0.6759186,-1.1467743,11.882477

98782295829002,0.62831116,-1.0444183,11.663483

98782305808250,0.5188141,-0.9658661,11.58017

98782315787498,0.53785706,-0.8730316,11.363556

98782325797264,0.5735626,-0.8992157,11.180267

98782335196678,0.61164856,-0.93730164,10.897003

98782345816795,0.6759186,-0.9634857,10.589935

98782355796043,0.6759186,-0.9658661,10.330475

98782365805809,0.65449524,-1.0134735,10.16861

98782375785057,0.53071594,-1.0563202,10.035309

98782385184471,0.41407776,-1.1681976,9.9496155

98782395804588,0.47834778,-1.3062592,9.756805

98782405783836,0.5426178,-1.4371796,9.844879

98782415793602,0.6068878,-1.5252533,9.813934

98782425803367,0.6330719,-1.5752411,9.759186

98782435172264,0.6735382,-1.63237,9.925812

98782430411522,0.6736603,-1.2648468,10.867493

98782445822899,0.6259308,-1.734726,10.075775

98782455863182,0.61402893,-1.8370819,10.480438

98782465781395,0.659256,-1.8656464,10.835114

98782475791160,0.7068634,-1.7823334,11.282623

98782485190574,0.76161194,-1.6894989,11.744415

98782495810692,0.70210266,-1.6442719,12.310944

98782505789940,0.67115784,-1.677597,13.0607605

98782515769188,0.5497589,-1.7966156,14.229523

98782525778953,0.67115784,-1.7394867,14.865082

98782535178367,0.9782257,-1.7513885,15.695831

98782545798485,1.4685822,-1.8894501,16.209991

98782555777733,1.897049,-2.2750702,16.381378

98782565787498,2.0541534,-2.6345062,16.414703

98782575797264,1.8446808,-2.9558563,16.597992

98782585166160,1.5518951,-3.3295746,16.936005

98782595816795,1.313858,-3.6223602,17.078827

98782605796043,1.2400665,-3.9270477,16.978851

98782615775291,1.2543488,-4.2150726,16.731293

98782625785057,1.4757233,-4.319809,16.469452

98782635184471,1.6375885,-4.3221893,16.343292

98782630423729,1.1338959,-2.550476,14.536118

98782645804588,1.6256866,-4.203171,15.722015

98782655783836,1.5852203,-4.184128,15.11264

98782665824119,1.4400177,-3.8818207,14.419952

98782675803367,1.2376862,-3.5295258,13.941498

98782685172264,1.0520172,-3.286728,13.482086

98782695792381,0.84968567,-3.1558075,13.013153

98782705771629,0.69496155,-2.972519,12.1586

98782715598289,0.45454407,-3.0986786,11.306427

98782725821678,0.21174622,-3.089157,10.147186

98782735160057,-0.13578796,-2.91539,9.280731

98782745841209,-0.27622986,-2.7535248,8.785614

98782755820457,-0.2881317,-2.6606903,8.261932

98782765799705,-0.25004578,-2.3798065,7.2740784

98782775809471,-0.3881073,-2.1251068,6.3695374

98782785178367,-0.6023407,-1.6799774,5.8006287

98782795798485,-0.91178894,-0.9253998,5.0888977

98782805777733,-1.252182,-0.106552124,4.5366516

98782815787498,-1.6354218,0.5480499,4.429535

98782825766746,-1.9472504,1.1455231,4.4723816

98782835166160,-2.028183,1.4311676,4.14151

98782830405418,-0.028198242,-2.191162,9.387253

98782845786277,-2.1138763,1.3169098,3.275055

98782855765526,-2.240036,1.119339,2.3633728

98782865775291,-2.4304657,1.0146027,1.6968689

98782875785057,-2.611374,1.3288116,1.1112976

98782885184471,-2.6589813,1.921524,0.9708557

98782895926658,-2.6804047,2.6808624,0.8970642

98782905783836,-2.6732635,3.6829987,0.58999634

98782915793602,-2.9232025,4.7970123,0.26864624

98782925803367,-3.2873993,5.6825104,-0.24551392

98782935172264,-3.799179,6.4275665,-1.0453186

98782945914451,-4.389511,6.9274445,-1.6285095

98782955771629,-4.8798676,7.0178986,-1.9498596

98782965781395,-5.108383,7.1345367,-2.5330505

98782975791160,-5.253586,7.2821198,-3.0186462

98782985190574,-5.2892914,7.5130157,-3.273346

98782995505516,-5.358322,7.917679,-3.5280457

98783005789940,-5.4368744,8.341385,-3.651825

98783015799705,-5.60112,8.748428,-3.511383

98783025778953,-5.8677216,9.110245,-3.5994568

98783035788719,-5.9819794,9.219742,-3.5708923

98783031027977,-4.029236,5.4592285,-1.0191345

98783045066063,-5.8558197,9.131668,-3.651825

98783055869285,-5.7320404,9.110245,-3.5542297

98783065848533,-5.672531,8.955521,-3.356659

98783075766746,-5.5987396,8.662735,-2.8067932

98783085166160,-5.479721,8.215225,-2.4045105

98783095023338,-5.370224,7.708206,-1.8570251

98783105796043,-5.241684,7.148819,-1.4190369

98783115775291,-5.203598,6.4323273,-1.0191345

98783125754539,-5.113144,5.813431,-0.57876587

98783135794822,-5.0012665,5.2469025,0.037750244

98783145041649,-4.9322357,4.749405,0.47335815

98783155844871,-4.8298798,4.4137726,0.80422974

98783165793602,-4.772751,4.185257,1.011322

98783175772850,-4.8917694,3.992447,1.1255798

98783185782615,-5.0988617,3.7639313,1.3540955

98783195029442,-5.389267,3.5354156,1.7539978

98783205863182,-5.6035004,3.3188019,2.1300964

98783215781395,-5.486862,3.0926666,2.4919128

98783225760643,-5.2512054,3.0902863,3.4845276

98783235800926,-4.741806,2.807022,4.6818542

98783231040184,-5.2633514,5.668701,-0.064956665

98783245017235,-4.1681366,2.440445,5.193634

98783255850975,-3.6611176,1.9691315,5.1055603

98783265769188,-3.6849213,1.331192,5.1888733

98783275778953,-3.965805,0.61231995,5.288849

98783285788719,-4.268112,0.19337463,5.269806

98783295035545,-4.284775,0.06959534,5.9220276

98783305838768,-3.8539276,-0.21842957,7.0622253

98783315787498,-3.0969696,-0.3636322,8.290497

98783325766746,-2.1662445,-0.7421112,9.359283

98783335776512,-1.2807465,-1.2776947,10.1091

98783345023338,-0.8594208,-1.779953,10.259064

98783355826561,-0.9808197,-2.2298431,10.29715

98783365744774,-1.4021454,-2.351242,10.416168

98783375754539,-1.6973114,-2.0894012,10.399506

98783385764305,-1.4497528,-1.7561493,10.537567

98783395011131,-0.69755554,-1.8275604,11.370697

98783405844871,0.19032288,-2.0774994,12.28714

98783415763084,0.8877716,-2.3726654,13.284515

98783425772850,1.1781769,-2.4440765,13.691559

98783435782615,1.0639191,-2.4178925,13.896271

98783431021873,-1.9098816,-0.86660767,9.1614685

98783445029442,0.62117004,-2.2560272,13.931976

98783455771629,0.16889954,-2.3774261,14.079559

98783465750877,-0.05961609,-2.6178436,14.139069

98783475760643,0.037979126,-2.7368622,13.88913

98783485770408,0.4521637,-2.9891815,13.546356

98783495017235,0.8949127,-3.1415253,13.391632

98783505759422,1.2138824,-3.1367645,13.274994

98783515738670,1.268631,-3.055832,13.148834

98783525748436,1.0877228,-2.8177948,13.151215

98783535758201,0.7544708,-2.65831,13.289276

98783545157615,0.42121887,-2.4202728,13.077423

98783555777733,0.14033508,-2.2941132,12.956024

98783565726463,0.11177063,-2.1703339,12.639435

98783575766746,0.21174622,-2.1417694,12.558502

98783585776512,0.4759674,-2.151291,12.484711

98783595145408,0.58784485,-2.0894012,12.115753

98783605765526,0.6021271,-2.029892,11.684906

98783615744774,0.39741516,-1.9680023,11.304047

98783625754539,0.16889954,-1.991806,11.051727

98783635733787,-0.023910522,-2.0513153,10.980316

98783630973045,0.47668457,-2.4547882,12.834747

98783645133201,-0.15245056,-2.139389,10.775604

98783655753318,-0.20243835,-2.2322235,10.694672

98783665732567,-0.033432007,-2.2703094,10.575653

98783675803367,0.1879425,-2.408371,10.444733

98783685721580,0.33076477,-2.4893036,10.320953

98783695120994,0.4355011,-2.4654999,10.10434

98783705741111,0.4355011,-2.389328,9.854401

98783715506736,0.3355255,-2.286972,9.754425

98783725730125,0.21888733,-2.2917328,9.544952

98783735739891,0.102249146,-2.3369598,9.668732

98783745139305,0.09034729,-2.3417206,9.744904

98783755728904,0.2046051,-2.408371,9.702057

98783765738670,0.44026184,-2.5654755,9.706818

98783775717918,0.6473541,-2.6559296,9.6996765

98783785697166,0.7973175,-2.6797333,9.756805

98783795127098,0.91633606,-2.3988495,9.666351

98783805716697,0.91871643,-2.215561,9.5520935

98783815695945,0.7497101,-2.1346283,9.609222

98783825705711,0.6164093,-2.0346527,9.728241

98783835684959,0.38075256,-2.0203705,9.966278

98783830924217,0.37098694,-2.338272,9.9435425

98783845114891,0.3045807,-2.1631927,10.254303

98783855735008,0.45692444,-2.59404,11.013641

98783865714256,0.7473297,-3.517624,10.832733

98783875693504,0.65211487,-3.6318817,10.911285

98783885703270,0.5497589,-2.4488373,11.06839

98783895102684,0.4259796,-1.4752655,11.70871

98783905692283,0.29267883,-0.7849579,12.034821

98783915702049,0.24031067,-0.70402527,12.122894

98783925742332,0.16651917,-0.958725,12.082428

98783935721580,0.2545929,-1.6252289,12.025299

98783945090477,0.3521881,-2.1703339,12.277618

98783955741111,0.49501038,-2.824936,12.622772

98783965720360,0.6187897,-3.4652557,12.756073

98783975730125,0.6902008,-3.8484955,12.848907

98783985709373,0.71876526,-3.8104095,12.967926

98783995078270,0.72828674,-3.524765,13.31546

98784005728904,0.7806549,-3.0225067,13.860565

98784015708152,0.8568268,-2.4416962,14.1961975

98784025717918,0.75209045,-1.9370575,14.498505

98784035697166,0.71876526,-1.7252045,14.619904

98784030936424,0.54011536,-2.4337158,12.400925

98784045066063,0.71162415,-1.9680023,14.7222595

98784055716697,0.69496155,-2.6606903,14.629425

98784065695945,0.7163849,-3.4628754,14.181915

98784075675193,0.7473297,-3.9984589,13.646332

98784085715477,0.70448303,-4.236496,13.034576

98784095084373,0.59736633,-4.338852,12.717987

98784105704490,0.35694885,-4.26268,12.760834

98784115683738,0.13557434,-4.100815,13.022675

98784125693504,-0.014389038,-3.8889618,13.25119

98784135703270,-0.0024871826,-3.8246918,13.322601

98784145072166,0.040359497,-4.0484467,13.067902

98784155692283,0.037979126,-4.1769867,13.046478

98784165702049,0.14509583,-4.365036,13.096466

98784175681297,0.16175842,-4.338852,12.717987

98784185691063,0.04750061,-4.3174286,12.272858

98784195059959,-0.13816833,-4.2460175,11.720612

98784205680076,-0.31193542,-4.031784,11.251678

98784215689842,-0.36192322,-3.9127655,11.094574

98784225669090,-0.25480652,-3.7842255,11.077911

98784235678856,-0.10960388,-3.6580658,10.932709

98784230918113,0.19520569,-3.8811035,12.778442

98784245078270,-0.09056091,-3.5652313,10.17099

98784255698387,-0.32859802,-3.543808,9.20694

98784265677635,-0.7189789,-3.2081757,8.345245

98784275687401,-1.1212616,-2.7154388,7.8715515

98784285727684,-1.4711761,-2.0513153,7.5835266

98784295035545,-1.5997162,-1.4871674,7.2955017

98784305838768,-1.5544891,-1.2967377,6.469513

98784315665428,-1.4259491,-1.1777191,5.688751

98784325675193,-1.4021454,-0.6849823,4.6913757

98784335684959,-1.5164032,0.07911682,3.6463928

98784345053856,-1.8401337,1.0693512,3.3702698

98784355735008,-2.194809,2.0833893,3.2607727

98784365653221,-2.5185394,2.9688873,2.9251404

98784375662986,-2.701828,3.480667,2.460968

98784385642235,-2.8470306,3.8615265,1.5778503

98784395041649,-2.811325,3.7996368,0.6733093

98784405448143,-2.8589325,4.0281525,-0.1479187

98784415641014,-3.016037,4.4661407,-0.4859314

98784425650779,-3.2326508,4.961258,-0.8072815

98784435660545,-3.4992523,5.7229767,-1.3190613

98784430899803,-1.9374847,0.8395233,4.1239014

98784445029442,-3.882492,6.8393707,-2.1545715

98784454917137,-4.249069,8.015274,-2.830597

98784465628807,-4.6156464,9.367325,-3.1043396

98784475638572,-4.863205,10.317093,-3.2447815

98784485648338,-5.0345917,10.80983,-3.0638733

98784495658104,-4.9941254,10.614639,-2.709198

98784504874412,-4.696579,10.014786,-2.8044128

98784515616600,-4.3395233,9.405411,-3.3161926

98784525656883,-4.1110077,9.003128,-3.511383

98784535636131,-4.011032,8.688919,-3.742279

98784545645897,-4.068161,8.538956,-3.670868

98784554892723,-4.2514496,8.250931,-3.5661316

98784565604393,-4.4299774,7.9748077,-3.2376404

98784575614158,-4.413315,7.6153717,-2.6544495

98784585623924,-4.313339,7.077408,-2.137909

98784595633690,-4.2324066,6.6060944,-1.6142273

98784604880516,-4.215744,6.0562286,-1.1548157

98784615622703,-4.2633514,5.584915,-0.7263489

98784625601951,-4.306198,5.199295,-0.52163696

98784635611717,-4.272873,4.847,-0.43832397

98784630850975,-4.3782043,8.041336,-2.5101929

98784645621483,-4.4109344,4.5732574,-0.14553833

98784654868309,-4.6941986,4.3042755,0.24960327

98784665702049,-4.915573,4.154312,0.6756897

98784675620262,-5.170273,4.018631,1.2374573

98784685599510,-5.2702484,3.7163239,2.0229797

98784695639793,-5.0203094,3.3402252,2.7632751

98784704856102,-4.6608734,2.9141388,3.448822

98784715445701,-4.3347626,2.5547028,4.0153503

98784725608055,-4.1562347,2.1786041,4.1319885

98784735587303,-4.3419037,1.9262848,3.5559387

98784745658104,-4.908432,2.0262604,3.5535583

98784754843895,-5.203598,2.0119781,4.3962097

98784765677635,-5.305954,1.6668243,5.307892

98784775595848,-5.0726776,1.0693512,5.955353

98784785575096,-4.4871063,0.20289612,6.5885315

98784795584861,-3.9062958,-0.57310486,7.1003113

98784804862205,-3.3397675,-1.2134247,7.86203

98784815573875,-2.9232025,-1.844223,8.783234

98784825583641,-2.663742,-2.3083954,9.533051

98784835562889,-2.4161835,-2.4940643,10.159088

98784830802147,-4.3601074,1.6112366,4.559738

98784845572654,-2.2566986,-2.4036102,10.292389

98784854849998,-2.2090912,-2.3417206,10.644684

98784865561668,-1.963913,-2.389328,11.223114

98784875571434,-1.6282806,-2.3845673,11.299286

98784885581199,-1.2617035,-2.2203217,11.71109

98784895621483,-0.76420593,-2.241745,12.568024

98784904837791,-0.36192322,-2.120346,13.115509

98784915579979,0.018936157,-2.2084198,13.720123

98784925589744,0.25935364,-2.4845428,13.674896

98784935599510,0.37599182,-2.813034,13.56778

98784945578758,0.3783722,-3.184372,13.386871

98784954947654,0.29743958,-3.358139,12.972687

98784965598289,0.16889954,-3.5033417,12.529938

98784975577537,0.21888733,-3.6223602,12.813202

98784985587303,0.3212433,-3.6437836,13.151215

98784995597068,0.46406555,-3.479538,13.479706

98785004965965,0.8235016,-3.3557587,13.812958

98785015586082,1.0662994,-3.17247,13.908173

98785025595848,1.1234283,-2.9820404,13.613007

98785035575096,1.0639191,-2.8487396,13.37735

98785030814354,-0.19326782,-2.837906,12.743103

98785045554344,0.8568268,-2.8154144,13.210724

98785054953758,0.5426178,-2.813034,12.92746

98785065573875,0.35932922,-2.843979,12.810822

98785075553123,0.27363586,-2.9011078,12.632294

98785085593406,0.3617096,-3.0463104,12.308563

98785095572654,0.5164337,-3.089157,12.408539

98785104941551,0.6830597,-3.0296478,12.132416

98785115592186,0.72828674,-2.889206,11.865814

98785125540916,0.5926056,-2.7463837,11.6753845

98785135581199,0.40455627,-2.6487885,11.38974

98785145560447,0.23316956,-2.5083466,11.177887

98785154929344,0.016555786,-2.4393158,11.030304

98785165549461,-0.014389038,-2.427414,10.882721

98785175559227,0.04273987,-2.453598,10.62088

98785185568992,0.06892395,-2.4845428,10.55423

98785195548240,0.16175842,-2.479782,10.347137

98785204947654,0.20222473,-2.4250336,10.290009

98785215567772,0.21888733,-2.4416962,10.225739

98785225516502,0.13319397,-2.3607635,10.001984

98785235556785,0.13319397,-2.2203217,9.918671

98785230796043,0.3257599,-2.6531982,11.420563

98785245566551,0.04512024,-2.0655975,9.690155

98785254935447,-0.014389038,-1.9132538,9.897247

98785265555565,-0.0048675537,-1.8466034,9.780609

98785275565330,-0.050094604,-1.8942108,9.647308

98785285544578,-0.04295349,-2.0322723,9.687775

98785295523826,0.016555786,-2.1084442,9.713959

98785304923240,0.07606506,-2.2131805,9.747284

98785315543358,0.099868774,-2.2274628,9.78537

98785325553123,0.21650696,-2.1869965,9.887726

98785335562889,0.27363586,-2.2084198,10.263824

98785345511619,0.3521881,-2.3536224,10.647064

98785354941551,0.38075256,-2.4869232,10.823212

98785365317527,0.3950348,-2.6511688,11.051727

98785375571434,0.3355255,-2.6559296,11.235016

98785385550682,0.3212433,-2.6154633,11.534943

98785395529930,0.2950592,-2.491684,11.71347

98785404898826,0.34266663,-2.3226776,12.125275

98785415549461,0.640213,-2.2893524,12.48233

98785425528709,0.79493713,-2.3560028,13.065521

98785435507957,0.89967346,-2.4869232,13.436859

98785430747215,0.26863098,-2.2703094,10.810837

98785445517723,0.9068146,-2.5511932,13.736786

98785454917137,0.80207825,-2.5226288,13.851044

98785465537254,0.7306671,-2.453598,14.060516

98785475547020,0.6473541,-2.2536469,14.060516

98785485526268,0.6306915,-2.132248,13.9843445

98785495505516,0.64497375,-2.1679535,13.860565

98785504965965,0.6997223,-2.2060394,13.622528

98785515525047,0.6759186,-2.3155365,13.515411

98785525504295,0.76875305,-2.6630707,13.755829

98785535514061,0.57118225,-3.005844,13.865326

98785545523826,0.29981995,-3.3628998,13.786774

98785554900118,-0.01914978,-3.5009613,13.970062

98785565520235,-0.17149353,-3.646164,13.786774

98785575530001,-0.36192322,-3.4842987,13.563019

98785585509249,-0.39762878,-3.2462616,13.444

98785595519014,-0.2976532,-3.0843964,13.098846

98785604887911,-0.2881317,-2.9510956,12.832245

98785615508028,-0.35002136,-2.8011322,12.641815

98785625517794,-0.48094177,-2.8844452,12.310944

98785635497042,-0.8141937,-2.8082733,12.487091

98785630736299,0.20983887,-2.8020782,13.511719

98785645506807,-1.0379486,-2.7559052,12.389496

98785654875704,-1.297409,-2.767807,12.406158

98785665495821,-1.4497528,-2.9130096,12.322845

98785675475069,-1.5521088,-3.1343842,11.834869

98785685484835,-1.5759125,-3.2819672,11.187408

98785695799776,-1.5116425,-3.1629486,10.482819

98785704863497,-1.464035,-2.998703,9.840118

98785715239473,-1.5521088,-2.6368866,9.1093445

98785725493380,-1.7377777,-2.2250824,8.540436

98785735472628,-1.9710541,-1.7252045,8.083405

98785745482393,-2.2686005,-1.3419647,7.6454163

98785754851290,-2.4852142,-1.0467987,7.73349

98785765379854,-2.349533,-0.8682709,7.385956

98785775481172,-2.1472015,-0.6945038,6.7551575

98785785460421,-2.066269,-0.48979187,6.25766

98785795439669,-2.07341,-0.24461365,5.848236

98785804869600,-2.1971893,0.043411255,5.405487

98785815337130,-2.3328705,0.34571838,4.629486

98785825438448,-2.4852142,0.6504059,3.8249207

98785835448213,-2.5709076,1.202652,3.3631287

98785830687471,-1.906311,-1.5022888,8.252289

98785845427462,-2.5256805,1.7953644,3.422638

98785855467745,-2.4304657,2.3023834,3.1774597

98785864714571,-2.33049,2.7189484,2.6061707

98785875517794,-2.380478,2.9903107,2.1419983

98785885436006,-2.4542694,3.2069244,1.5849915

98785895445772,-2.528061,3.4021149,1.1731873

98785904814669,-2.5756683,3.6734772,0.64712524

98785914671846,-2.5447235,3.9972076,-0.16696167

98785925505587,-2.5375824,4.5684967,-1.0048523

98785935454317,-2.5899506,5.5611115,-1.5904236

98785945433565,-2.7303925,6.784622,-1.4428406

98785954832979,-2.8589325,7.848648,-1.240509

98785964690157,-3.0374603,8.700821,-1.0357971

98785975523897,-3.337387,8.938858,-1.2286072

98785985442110,-3.7896576,9.426834,-2.3140564

98785995421358,-4.284775,9.567276,-3.10672

98786004790255,-4.817978,9.314957,-3.382843

98786014677950,-5.3488007,9.334,-3.459015

98786025420137,-5.5011444,9.379227,-3.2376404

98786035399385,-5.2631073,9.414932,-2.97818

98786030638643,-3.2933502,6.146332,-0.5717468

98786045409151,-4.817978,9.39827,-3.0162659

98786055418917,-4.601364,9.379227,-3.0162659

98786064635225,-4.7013397,9.284012,-3.0591125

98786075407930,-4.998886,8.938858,-3.1305237

98786085417696,-5.3916473,8.615128,-3.1114807

98786095396944,-5.736801,8.272354,-3.0329285

98786105406710,-5.9843597,7.853409,-2.5282898

98786114714571,-5.8986664,7.4011383,-1.8736877

98786125365206,-5.563034,6.929825,-1.2571716

98786135405489,-5.2131195,6.508499,-0.80966187

98786145384737,-4.787033,6.0371857,-0.49783325

98786155394503,-4.6346893,5.6396637,-0.12173462

98786164641329,-4.7180023,5.268326,0.011566162

98786175383516,-5.108383,4.9255524,0.080596924

98786185362764,-5.7248993,4.706558,0.43051147

98786195372530,-6.1224213,4.513748,1.1255798

98786205382296,-6.0581512,4.1876373,1.9396667

98786214629122,-5.4701996,3.723465,2.8108826

98786225371309,-4.6108856,3.352127,3.4559631

98786235381075,-3.8467865,2.7951202,3.8606262

98786230620333,-5.1994324,6.386505,-0.5869751

98786245360323,-3.458786,2.3904572,3.660675

98786255370088,-3.837265,2.1405182,3.2655334

98786264616915,-4.5894623,1.8739166,3.1369934

98786275389620,-5.3083344,1.5263824,3.660675

98786285368868,-5.3797455,1.0693512,4.891327

98786295348116,-4.5894623,0.22193909,6.25766

98786305357881,-3.2945404,-0.7611542,7.2883606

98786314665743,-2.1591034,-1.6490326,7.809662

98786325377413,-1.4140472,-2.196518,7.702545

98786335356661,-1.2093353,-2.3988495,7.450226

98786345335909,-1.5901947,-2.3393402,7.3407288

98786355345674,-2.194809,-2.056076,7.99057

98786364745088,-2.33049,-1.9727631,9.578278

98786375365206,-1.9044037,-2.2774506,10.599457

98786385374971,-0.9808197,-2.7082977,11.037445

98786395354219,-0.028671265,-3.3724213,11.089813

98786405363985,0.44740295,-3.7318573,11.013641

98786414763399,0.3950348,-3.6794891,11.408783

98786425383516,-0.023910522,-3.339096,12.187164

98786435362764,-0.38572693,-2.9296722,12.963165

98786430602022,-2.1918335,-1.3094788,8.016632

98786445372530,-0.3952484,-2.8487396,13.808197

98786455351778,-0.07865906,-2.896347,14.33902

98786464751192,0.47120667,-3.2129364,14.089081

98786475371309,0.9449005,-3.4962006,13.532074

98786485350557,1.1615143,-3.7247162,13.332123

98786495360323,1.0067902,-3.6437836,13.520172

98786505370088,0.61164856,-3.4105072,14.024811

98786514708467,0.41645813,-3.0939178,14.886505

98786525359102,0.46644592,-2.998703,15.143585

98786535338350,0.61164856,-2.9296722,14.610382

98786545348116,0.77589417,-2.8820648,14.074799

98786555357881,0.935379,-2.6963959,13.5035095

98786564726778,0.80207825,-2.4893036,13.044098

98786575560518,0.6187897,-2.1941376,12.915558

98786585356661,0.35456848,-2.132248,12.694183

98786595488497,0.13319397,-2.2274628,12.470428

98786605498262,0.1474762,-2.3583832,12.48233

98786614684053,0.33790588,-2.5345306,12.113373

98786625517794,0.5259552,-2.6963959,11.784882

98786635466524,0.54499817,-2.5059662,11.718231

98786630705782,0.5196533,-2.8486176,13.404373

98786645476290,0.6473541,-3.0034637,11.223114

98786655486055,0.78541565,-3.1534271,12.194305

98786664702364,1.2234039,-4.167465,11.661102

98786675505587,1.0758209,-4.7911224,14.012909

98786685484835,0.659256,-2.0132294,13.5035095

98786695464083,0.31410217,0.16719055,12.577545

98786705321260,-0.1738739,1.0455475,11.796783

98786714659639,-0.60472107,0.85035706,10.630402

98786725432344,-0.85466003,0.14576721,10.0781555

98786735411592,-0.6118622,-0.38267517,9.775848

98786745421358,-0.19767761,-0.9920502,9.295013

98786755400606,0.11653137,-1.4062347,9.14743

98786764677950,0.30934143,-1.651413,9.368805

98786775481172,0.4116974,-1.651413,9.771088

98786785307833,0.45454407,-1.6061859,9.832977

98786795287081,0.48786926,-1.6180878,10.075775

98786805296846,0.48072815,-1.4895477,10.178131

98786814665743,0.44026184,-1.272934,10.099579

98786825285860,0.3355255,-1.0801239,9.954376

98786835265108,0.22364807,-0.93730164,9.778229

98786830504366,0.2761383,-1.4503937,10.747757

98786845274874,0.10939026,-0.95158386,9.690155

98786855284639,0.06654358,-0.9968109,9.652069

98786864653536,0.2212677,-1.0563202,9.675873

98786875273653,0.25935364,-1.125351,9.740143

98786885252901,0.35694885,-1.1610565,9.823456

98786895262667,0.44740295,-1.1205902,10.10434

98786905241915,0.5021515,-1.1324921,10.192413

98786914671846,0.5426178,-1.0729828,10.130524

98786925291963,0.49501038,-0.9825287,10.130524

98786935271212,0.35694885,-0.7992401,10.028168

98786945403047,0.22602844,-0.70640564,9.947235

98786955412813,0.13319397,-0.727829,9.823456

98786964629122,0.07368469,-0.7421112,9.823456

98786975432344,0.18080139,-0.8492279,9.725861

98786985411592,0.24745178,-1.0348969,9.754425

98786995390840,0.2712555,-1.0848846,9.768707

98787005400606,0.3355255,-1.0444183,9.935333

98787014616915,0.39265442,-1.125351,9.894867

98787025420137,0.32600403,-1.0777435,9.816315

98787035399385,0.261734,-1.0253754,9.875824

98787030638643,0.29029846,-0.99086,9.876663

98787045378633,0.20698547,-1.0206146,9.775848

98787055388399,0.19032288,-1.0158539,9.728241

98787064604708,0.1308136,-0.9896698,9.690155

98787075407930,0.11891174,-0.98490906,9.537811

98787085387178,0.102249146,-1.0015717,9.716339

98787095396944,0.10462952,-0.99443054,9.861542

98787105406710,0.16175842,-1.0015717,9.892487

98787114592501,0.17604065,-1.0396576,9.942474

98787125639864,0.21174622,-1.1348724,9.971039

98787135374971,0.19508362,-1.9346771,9.2378845

98787145384737,0.08558655,-0.17558289,10.973175

98787155425020,0.5283356,-1.818039,9.028412

98787164580294,0.17842102,-1.3943329,9.609222

98787175078340,0.04273987,-1.6680756,9.832977

98787185210176,0.052261353,-1.9941864,9.763947

98787195219942,0.22364807,-2.0465546,10.123383

98787205199190,0.34028625,-1.4705048,10.066254

98787215269991,0.99012756,-1.4086151,10.082916

98787225432344,1.0353546,-0.9991913,10.016266

