98761767159631,0.48072815,0.3361969,9.709198

98761786446740,0.36408997,-0.41600037,9.544952

98761796425988,-0.0048675537,-0.580246,9.7829895

98761811471154,-0.116744995,-0.53263855,9.730621

98761831490685,0.08320618,-0.73735046,10.035309

98761841530969,0.14985657,-0.63261414,10.037689

98761852120568,0.1712799,-0.43980408,10.182892

98761860268762,0.059402466,-0.2160492,10.373322

98761871468713,-0.06437683,-0.05418396,10.466156

98761881447961,-0.20481873,0.03627014,10.704193

98761891579797,-0.19291687,0.20289612,10.842255

98761902291467,-0.073898315,0.22669983,11.07077

98761912331750,-0.031051636,0.17671204,11.730133

98761922372033,0.13557434,0.048171997,12.020538

98761932351281,0.29981995,-0.18034363,12.48233

98761941598107,0.35456848,-0.20652771,12.834625

98761952370812,0.5402374,-0.11369324,13.108368

98761962380578,0.75923157,-0.36839294,13.774872

98761972359826,0.95680237,-1.2062836,14.329498

98761982247521,1.0258331,-1.9156342,14.66275

98761991646935,0.82588196,-2.5916595,15.093597

98762002267053,0.35694885,-2.613083,15.776764

98762012276818,-0.028671265,-2.158432,16.855072

98762022256066,-0.071517944,-1.3348236,17.188324

98762017495324,0.25256348,-0.7039032,12.678467

98762032357385,0.10462952,-1.0658417,17.047882

98762041634728,0.35932922,-1.4562225,16.731293

98762047768762,0.5688019,-2.1298676,16.212372

98762061501672,0.68544006,-3.1510468,15.87912

98762072274377,0.37599182,-4.2412567,15.648224

98762082253625,-0.023910522,-4.8672943,15.514923

98762091653039,-0.3714447,-5.0791473,15.053131

98762102273156,-0.4380951,-4.9791718,14.962677

98762112282922,-0.50712585,-4.467392,14.381866

98762122262170,-0.5856781,-3.903244,14.115265

98762132271935,-0.60472107,-3.403366,13.5225525

98762141640832,-0.7332611,-3.036789,12.910797

98762152291467,-0.8260956,-2.8796844,12.260956

98762162301232,-1.0046234,-2.5988007,11.420685

98762172280480,-1.104599,-2.4416962,11.170746

98762182259728,-1.085556,-2.1941376,10.889862

98762191659142,-0.9498749,-1.9561005,10.037689

98762202309777,-0.82133484,-2.0203705,9.126007

98762212289025,-0.7927704,-1.8704071,7.952484

98762222298791,-0.8237152,-1.4943085,6.9027405

98762217538049,-0.42892456,-2.9618073,13.087067

98762232308556,-0.86180115,-0.9872894,6.071991

98762241677453,-0.9474945,-0.28269958,5.288849

98762252328088,-1.0046234,0.23860168,4.7913513

98762262307336,-1.0522308,0.65992737,4.058197

98762272286584,-1.1545868,1.0622101,3.365509

98762282296349,-1.2307587,1.4240265,2.3633728

98762291665246,-1.418808,1.773941,1.2660217

98762302315881,-1.5782928,1.9715118,0.45669556

98762312356164,-1.8948822,2.2071686,-0.39785767

98762322304894,-2.1852875,2.6356354,-1.2762146

98762332314660,-2.4828339,3.0641022,-1.8189392

98762341683556,-2.6280365,3.3997345,-2.4164124

98762352303674,-2.8446503,3.9305573,-3.4137878

98762362282922,-3.208847,4.582779,-4.242157

98762372292687,-3.4349823,5.0993195,-4.8539124

98762382302453,-3.6539764,5.4587555,-5.3490295

98762391671349,-3.9800873,5.694412,-5.770355

98762402321984,-4.2942963,6.1585846,-6.1297913

98762412301232,-4.5085297,6.7084503,-6.7915344

98762422310998,-4.6727753,7.205948,-7.4009094

98762417550256,-2.451889,3.1002808,-1.1099396

98762432290246,-4.8298798,7.60347,-7.6437073

98762441659142,-5.041733,7.7938995,-7.6389465

98762452309777,-5.222641,7.943863,-7.3628235

98762462319543,-5.3535614,7.8438873,-7.1176453

98762472298791,-5.2393036,7.7224884,-6.9200745

98762482308556,-5.1559906,7.5701447,-6.501129

98762491677453,-4.8536835,7.4344635,-5.6775208

98762502297570,-4.560898,7.201187,-4.8229675

98762512307336,-4.3847504,6.879837,-4.1945496

98762522286584,-4.332382,6.3632965,-3.6018372

98762532296349,-4.408554,5.789627,-3.0519714

98762541695763,-4.582321,5.115982,-2.4568787

98762552224328,-4.663254,4.6327667,-1.7784729

98762562295129,-4.5918427,4.378067,-0.85964966

98762572304894,-4.3347626,4.223343,0.24246216

98762582314660,-3.9229584,3.9019928,1.363617

98762591683556,-3.5944672,3.333084,2.3443298

98762602151086,-3.3659515,2.5737457,2.8561096

98762612313439,-3.3611908,1.7906036,3.3726501

98762622292687,-3.496872,0.9884186,3.622589

98762617531945,-4.4648438,5.5542145,-2.7913208

98762632332970,-3.6587372,0.4099884,3.7225647

98762642373254,-3.7111053,0.39094543,5.012726

98762651589562,-3.273117,0.47901917,7.335968

98762662392785,-2.489975,0.086257935,8.7951355

98762672341515,-1.8758392,-0.19462585,9.999603

98762682320763,-1.3093109,-0.21128845,11.265961

98762691689660,-0.97843933,-0.43980408,11.52066

98762701577355,-1.0665131,-0.6207123,11.146942

98762712380578,-1.3450165,-0.84446716,11.046967

98762722298791,-1.4521332,-0.9801483,11.6753845

98762732308556,-1.354538,-0.8682709,12.551361

98762741677453,-1.0308075,-0.5778656,13.774872

98762751565148,-0.76182556,-0.03514099,14.91507

98762762398888,-0.6261444,0.21003723,15.529205

98762772317101,-0.5118866,0.32429504,15.776764

98762782326867,-0.53330994,0.10292053,15.279266

98762792306115,-0.6261444,-0.061325073,14.584198

98762801583459,-0.72850037,0.13148499,13.977203

98762812417199,-0.7832489,0.42903137,13.70108

98762822304894,-0.77134705,0.56233215,13.686798

98762817544152,-1.444397,-0.085372925,11.764893

98762832284142,-0.6689911,0.30049133,13.910553

98762842324426,-0.54997253,0.038650513,13.872467

98762851571252,-0.60710144,-0.2398529,13.529694

98762862374474,-0.5928192,-0.36601257,12.970306

98762872323205,-0.6451874,-0.44218445,12.601349

98762882302453,-0.61424255,-0.3398285,12.332367

98762892129113,-0.5999603,-0.18510437,12.170502

98762901589562,-0.55711365,-0.13035583,12.034821

98762912331750,-0.5214081,-0.21366882,12.139557

98762922372033,-0.37382507,-0.35173035,12.011017

98762932320763,-0.18339539,-0.46836853,11.90152

98762942391564,-0.0667572,-0.46836853,11.789642

98762951577355,-0.014389038,-0.40885925,11.623016

98762962289025,0.0236969,-0.14701843,11.525421

98762972329308,-0.057235718,0.01008606,11.465912

98762982339074,-0.13102722,0.11720276,11.158844

98762992348840,-0.21195984,0.09101868,10.901764

98763001595666,-0.36668396,0.026748657,10.675629

98763012307336,-0.38572693,-0.03514099,10.68515

98763022347619,-0.19529724,-0.18510437,10.704193

98763017586877,-0.3659668,-0.1698761,12.000183

98763032326867,-0.01676941,-0.19700623,10.825592

98763042336633,0.22840881,-0.14463806,10.870819

98763051613976,0.35456848,-0.030380249,10.775604

98763062356164,0.2379303,0.10292053,10.780365

98763072365929,0.1474762,0.24098206,10.716095

98763082345178,-0.009628296,0.28858948,10.68277

98763092324426,-0.14768982,0.30525208,10.506622

98763101571252,-0.18577576,0.279068,10.330475

98763112343957,-0.0667572,0.17433167,10.344757

98763122353722,0.059402466,0.11958313,10.523285

98763132332970,0.18080139,-0.013717651,10.511383

98763142373254,0.2879181,-0.106552124,10.251923

98763151772668,0.35932922,-0.22319031,10.666107

98763162392785,0.34742737,0.060073853,10.913666

98763172372033,0.37361145,0.11244202,11.220734

98763182381799,0.34980774,-0.049423218,11.427826

98763192391564,0.33790588,-0.28746033,11.396881

98763201760461,0.2879181,-0.43980408,11.561127

98763212380578,0.26887512,-0.32792664,11.820587

98763222390344,0.2379303,-0.19224548,12.258575

98763217629601,0.18164062,-0.016448975,10.919266

98763232369592,0.15699768,-0.05180359,12.587067

98763242379357,0.2212677,0.024368286,12.92746

98763251778771,0.29029846,0.03388977,13.467804

98763262398888,0.3117218,0.16481018,13.682037

98763272408654,0.33314514,0.14814758,14.217621

98763282418420,0.35456848,0.23146057,15.36972

98763292397668,0.40693665,0.5242462,16.859833

98763301766564,0.51405334,0.5980377,18.06668

98763312417199,0.6259308,0.4028473,18.859344

98763322396447,0.7092438,0.060073853,19.190216

98763332406213,0.8782501,0.1219635,19.125946

98763342415978,1.082962,0.1719513,19.180695

98763351784875,1.1162872,0.09815979,19.004547

98763362404992,0.98298645,0.017227173,18.485626

98763372414758,0.7639923,-0.3564911,17.709625

98763382394006,0.5830841,-0.84684753,17.140717

98763392403771,0.4521637,-1.5109711,16.245697

98763401772668,0.39979553,-2.0394135,14.97934

98763412423303,0.24269104,-2.6368866,14.155731

98763422402551,0.10700989,-3.0748749,13.134552

98763417641808,0.52667236,-0.39601135,16.219513

98763432412316,-0.13578796,-3.3628998,11.896759

98763442391564,-0.34288025,-3.3081512,11.137421

98763451790978,-0.40953064,-3.2176971,10.451874

98763462441613,-0.36906433,-2.9677582,9.387848

98763472420861,-0.30717468,-2.6297455,8.350006

98763482430627,-0.30003357,-2.1060638,7.5192566

98763492409875,-0.39762878,-1.4705048,7.071747

98763501809289,-0.4452362,-1.215805,6.9931946

98763512429406,-0.39048767,-0.79447937,6.605194

98763522408654,-0.23814392,-0.18034363,6.1195984

98763532479455,-0.028671265,-0.05418396,5.115082

98763542397668,-0.114364624,0.11482239,3.5821228

98763551766564,-0.38572693,0.35523987,1.980133

98763562417199,-0.81895447,0.5432892,0.5590515

98763572396447,-1.3331146,0.78370667,-0.66207886

98763582406213,-1.9734344,1.1621857,-0.9048767

98763592385461,-2.2805023,1.3883209,-1.176239

98763601784875,-2.4994965,1.8001251,-1.5523376

98763612404992,-2.554245,2.633255,-1.6713562

98763622384240,-2.3066864,3.480667,-2.2140808

98763617623498,-0.8815613,-0.45230103,4.429413

98763632394006,-2.182907,4.0614777,-3.2304993

98763642403771,-2.4209442,4.794632,-4.446869

98763651772668,-2.894638,5.737259,-5.756073

98763662423303,-3.504013,6.848892,-6.5177917

98763672402551,-4.0895844,7.9272003,-6.910553

98763682412316,-4.670395,8.919815,-6.9700623

98763692391564,-5.0131683,9.598221,-6.660614

98763701790978,-5.02507,9.771988,-6.808197

98763712411095,-4.89653,9.552994,-7.0557556

98763722420861,-4.710861,9.084061,-7.0224304

98763732400109,-4.658493,8.448502,-6.872467

98763742379357,-4.76799,8.077164,-6.6772766

98763751778771,-4.8298798,7.641556,-6.5487366

98763762398888,-4.7560883,7.3368683,-6.1440735

98763772408654,-4.7203827,7.079788,-5.563263

98763782418420,-4.491867,6.784622,-4.96817

98763792397668,-4.349045,6.463272,-4.484955

98763801797082,-4.227646,5.9895782,-3.9874573

98763812417199,-4.182419,5.308792,-3.3328552

98763822396447,-4.2324066,4.761307,-2.7710876

98763817635705,-4.2312164,7.2093964,-5.6364594

98763832406213,-4.2395477,4.2257233,-2.0950623

98763842415978,-4.3014374,3.711563,-1.4356995

98763851784875,-4.2966766,3.2283478,-0.59780884

98763862466027,-4.344284,2.890335,0.32815552

98763872414758,-4.313339,2.4452057,0.96847534

98763882577111,-4.2205048,2.02388,1.6564026

98763892159631,-4.0848236,1.6930084,2.6418762

98763901772668,-3.8039398,1.4502106,3.6582947

98763912545373,-3.375473,1.119339,4.686615

98763922524621,-3.061264,0.43855286,5.8458557

98763932534387,-2.913681,-0.3969574,6.8836975

98763942513635,-2.804184,-1.208664,7.7096863

98763951760461,-2.7113495,-1.7775726,9.042694

98763962807824,-2.3114471,-2.1655731,10.047211

98763972573449,-1.8210907,-2.1941376,10.870819

98763982552697,-1.290268,-2.0441742,11.489716

98763992562463,-0.9403534,-1.9894257,11.763458

98764001778771,-0.7404022,-2.0441742,12.09433

98764012276818,-0.72850037,-2.1869965,12.306183

98764022591760,-0.96177673,-2.1631927,12.622772

98764017831017,-2.8632202,0.25276184,6.0243835

98764032571008,-1.1569672,-1.8942108,13.793915

98764042550256,-1.1284027,-2.003708,14.750824

98764051766564,-0.82847595,-2.2179413,15.255463

98764062234094,-0.4047699,-2.517868,15.072174

98764072579553,-0.0667572,-2.6702118,14.415192

98764082436730,-0.0024871826,-2.4583588,13.717743

98764092415978,-0.03819275,-1.9965668,13.172638

98764102425744,-0.052474976,-1.7704315,13.167877

98764111672570,-0.0834198,-1.8275604,14.108124

98764122506310,0.04512024,-1.8704071,14.834137

98764132394006,0.18318176,-1.9727631,14.815094

98764142495324,0.34266663,-2.0394135,14.488983

98764152413537,0.40693665,-2.0655975,14.179535

98764161660363,0.3688507,-1.7704315,13.815338

98764172494103,0.22840881,-1.5847626,13.520172

98764182381799,0.06892395,-1.4490814,13.353546

98764192422082,0.0046539307,-1.2895966,13.18454

98764202431847,-0.06913757,-1.1372528,13.017914

98764211648156,-0.04295349,-1.0110931,12.67038

98764222481896,-0.023910522,-1.0396576,12.449005

98764217721154,-0.112457275,-1.8293457,13.88913

98764232400109,-0.07865906,-1.1182098,12.091949

98764242409875,-0.15483093,-1.253891,11.765839

98764252419640,-0.2571869,-1.4919281,11.3802185

98764261666467,-0.26670837,-1.715683,11.011261

98764272408654,-0.18815613,-1.8799286,10.756561

98764282418420,-0.12388611,-1.991806,10.466156

98764292397668,-1.0681152E-4,-1.9251556,10.351898

98764302315881,0.057022095,-1.7775726,10.263824

98764311654260,0.059402466,-1.5776215,10.135284

98764322488000,-0.06437683,-1.3086395,10.180511

98764332406213,-0.23576355,-1.2229462,10.140045

98764342415978,-0.3381195,-1.1586761,10.04483

98764352334191,-0.35954285,-1.1634369,9.971039

98764361672570,-0.39286804,-1.1777191,9.987701

98764372506310,-0.22148132,-1.4443207,10.1091

98764382424523,-0.06913757,-1.5633392,10.758942

98764392403771,0.39265442,-2.196518,11.632538

98764402321984,0.84254456,-3.222458,11.696808

98764411660363,0.62117004,-3.293869,11.304047

98764422494103,0.061782837,-2.2250824,11.1493225

98764417733361,-0.035812378,-1.7354431,10.759888

98764432412316,-0.24528503,-1.4633636,11.344513

98764442391564,-0.3809662,-1.0372772,11.487335

98764452431847,-0.23814392,-1.1991425,11.818207

98764461678674,0.12843323,-1.779953,11.915802

98764472420861,0.5259552,-2.3488617,12.432343

98764482430627,0.7330475,-2.6606903,13.177399

98764492409875,0.79493713,-2.517868,13.972443

98764502419640,0.64497375,-2.2774506,14.834137

98764511666467,0.52119446,-1.9537201,15.522064

98764522408654,0.42121887,-1.6918793,16.00528

98764532418420,0.56166077,-1.6038055,16.638458

98764542428185,0.77589417,-1.4705048,17.364471

98764552407433,1.0662994,-1.4871674,18.335663

98764561745812,1.2353058,-1.6038055,18.614166

98764572426965,1.3471832,-1.7371063,18.499908

98764582406213,1.2614899,-2.196518,18.176178

98764592415978,0.9877472,-2.5678558,17.464447

98764602395226,0.6902008,-2.6226044,16.981232

98764611794640,0.41645813,-2.6987762,16.559906

98764622414758,0.21412659,-2.729721,16.302826

98764617654015,0.5730896,-1.9824066,15.372345

98764632424523,0.11891174,-2.6963959,15.767242

98764642403771,0.018936157,-2.8392181,15.100739

98764652413537,-0.20005798,-2.9106293,14.043854

98764661782433,-0.48332214,-3.1962738,13.136932

98764672433068,-0.8237152,-3.4723969,12.384735

98764682412316,-0.957016,-3.4938202,11.458771

98764692391564,-1.0141449,-3.4485931,10.206696

98764702401330,-0.9879608,-3.191513,9.133148

98764711800744,-1.0379486,-2.8987274,8.173859

98764722420861,-1.1117401,-2.4202728,7.252655

98764732400109,-1.3235931,-1.6418915,6.693268

98764742379357,-1.3664398,-0.9468231,6.424286

98764752450158,-1.2426605,-0.4945526,5.776825

98764761788537,-1.1783905,0.05293274,5.1841125

98764772439172,-0.957016,0.39808655,4.186737

98764782418420,-0.7761078,0.52900696,3.1655579

98764792397668,-0.7332611,0.6646881,2.0277405

98764802407433,-0.93559265,0.8646393,1.280304

98764811776330,-1.2021942,1.2693024,0.4447937

98764822426965,-1.5259247,1.9072418,-0.34072876

98764817666222,-0.8859558,-1.3982544,7.5750732

98764832406213,-1.7663422,2.4571075,-0.64779663

98764842415978,-2.0115204,2.85701,-0.97628784

98764852395226,-1.9877167,3.1569366,-1.2762146

98764861794640,-1.8401337,3.3426056,-2.1331482

98764872475793,-1.7068329,3.6044464,-3.094818

98764882424523,-1.8472748,4.082901,-3.8922424

98764892464806,-2.2805023,4.6946564,-4.396881

98764902230431,-2.9303436,5.6848907,-4.787262

98764911782433,-3.6777802,6.89888,-5.1038513

98764922433068,-4.2704926,8.084305,-5.3109436

98764932412316,-4.6989594,8.907913,-5.339508

98764942422082,-4.9250946,9.267349,-5.449005

98764952401330,-4.9441376,9.317337,-6.013153

98764961800744,-4.7584686,9.022171,-6.448761

98764972420861,-4.7013397,8.508011,-6.615387

98764982430627,-4.746567,7.9724274,-6.5487366

98764992409875,-4.908432,7.636795,-6.493988

98765002419640,-5.08934,7.393997,-6.2154846

98765011788537,-5.146469,7.179764,-5.6679993

98765022439172,-4.991745,6.967911,-4.9181824

98765017678429,-3.6614685,6.3518677,-4.5664825

98765032418420,-4.7251434,6.7108307,-4.1350403

98765042428185,-4.4037933,6.3942413,-3.3423767

98765052407433,-4.144333,5.8872223,-2.618744

98765061806847,-3.9039154,5.2802277,-2.1545715

98765072426965,-3.913437,4.6113434,-1.9474792

98765082436730,-4.0443573,4.006729,-1.7594299

98765092446496,-4.370468,3.6639557,-1.2452698

98765102425744,-4.6727753,3.6806183,0.04727173

98765111794640,-4.568039,3.4711456,1.6064148

98765122445275,-4.2514496,3.0093536,2.8061218

98765132394006,-3.670639,2.3547516,3.4988098

98765142403771,-3.273117,1.3645172,3.6916199

98765152413537,-2.9303436,0.48139954,3.5821228

98765161812951,-2.8898773,-0.14225769,3.8891907

98765172433068,-2.830368,-0.39457703,5.667328

98765182412316,-2.3328705,-0.8896942,7.3121643

98765192422082,-1.8353729,-1.4347992,8.433319

98765202401330,-1.3616791,-2.2369843,8.995087

98765211800744,-1.021286,-2.934433,8.978424

98765222451379,-0.69755554,-3.5866547,8.840363

98765217690637,-3.292038,1.9648438,2.5072632

98765232400109,-0.34526062,-4.0722504,9.728241

98765242409875,0.052261353,-3.960373,11.468292

98765252206017,0.62117004,-3.81279,13.134552

98765261788537,1.2710114,-3.7009125,14.862701

98765272408654,1.878006,-3.7509003,15.56015

98765282387902,2.1446075,-3.7675629,15.312592

98765292397668,2.051773,-3.3795624,14.934113

98765302407433,1.6899567,-2.5511932,14.681793

98765311806847,1.3114777,-1.6299896,15.23642

98765322640588,1.1638947,-1.087265,16.169525

98765332436730,1.2971954,-0.92063904,16.957428

98765342446496,1.5852203,-1.3610077,16.983612

98765352425744,1.8851471,-2.0608368,16.464691

98765361886193,2.1208038,-2.6368866,15.519684

98765372567345,2.0803375,-2.8487396,14.755585

98765382424523,1.7923126,-2.59404,14.21286

98765392434289,1.3400421,-2.0774994,13.986725

98765402413537,0.91633606,-1.530014,13.82962

98765411812951,0.659256,-1.1658173,13.879608

98765422372033,0.55451965,-1.022995,13.689178

98765417611291,1.3034973,-2.4965668,14.568375

98765432442834,0.67829895,-1.022995,13.225006

98765442422082,0.7830353,-1.1039276,12.465668

98765452462365,0.8639679,-1.2062836,11.889618

98765461831262,0.74256897,-1.2776947,11.45401

98765472359826,0.62117004,-1.2776947,11.220734

98765482461144,0.49739075,-1.2776947,10.892242

98765492470910,0.49263,-1.3205414,10.792267

98765502450158,0.5330963,-1.3467255,10.6875305

98765512520959,0.6306915,-1.3348236,10.551849

98765521706750,0.8377838,-1.5752411,10.504242

98765532540490,0.89967346,-1.3895721,10.716095

98765542458703,1.1091461,-1.3586273,10.575653

98765552461197,1.1377106,-1.7894745,10.470917

98765562440445,1.416214,-2.767807,11.144562

98765571687271,1.3257599,-3.5033417,10.604218

98765582521011,0.8782501,-3.0724945,9.773468

98765592439224,0.62831116,-2.627365,9.832977

98765602448990,0.5164337,-2.3536224,10.166229

98765612458755,0.49263,-2.0917816,10.092438

98765621705581,0.5330963,-1.8537445,10.23526

98765616944839,0.78089905,-1.7775726,10.864746

98765632539322,0.7092438,-1.9394379,10.294769

98765642457534,0.85920715,-2.132248,10.4566345

98765652467300,0.9306183,-2.344101,10.404266

98765661836197,0.88539124,-2.5012054,10.49234

98765671693374,0.8044586,-2.5654755,10.647064

98765682313491,0.80207825,-2.4297943,10.920807

98765692201187,0.8377838,-2.2941132,11.242157

98765702455093,0.9068146,-2.446457,11.473053

98765712525894,1.0448761,-2.7797089,11.861053

98765721711685,1.2781525,-3.3414764,12.632294

98765732545425,1.58284,-3.7580414,13.394012

98765742463638,1.756607,-4.0413055,14.108124

98765752473404,1.7280426,-4.0222626,14.934113

98765762483169,1.6161652,-3.800888,15.9600525

98765771729995,1.6185455,-3.5937958,17.012177

98765782563736,1.749466,-3.517624,17.304962

98765792481948,1.9446564,-3.7913666,17.264496

98765802461197,2.025589,-4.3364716,16.90268

98765812501480,2.0422516,-5.1457977,17.126434

98765821748306,1.9779816,-5.852768,16.919342

98765816987564,1.3550415,-3.3317108,13.567535

98765832459976,1.923233,-6.3383636,16.488495

98765842500259,1.7851715,-6.424057,16.190948

98765852479507,1.6209259,-6.147934,15.736298

98765862397720,1.5423737,-5.93132,15.764862

98765871736099,1.4495392,-5.4123993,15.422089

98765882478286,1.4781036,-4.988693,15.038849

98765892488052,1.4971466,-4.8054047,14.33902

98765902253677,1.3376617,-4.614975,13.44162

98765912538101,1.0448761,-4.3412323,12.468048

98765921754409,0.72114563,-4.050827,11.953888

98765932557632,0.36647034,-3.7509003,11.2612

98765942506363,0.21888733,-3.5747528,10.23288

98765952485611,0.14033508,-3.4652557,9.225983

98765962495376,0.08320618,-3.0724945,7.842987

98765971833755,-0.0024871826,-2.941574,6.828949

98765982575943,-0.15959167,-2.3179169,6.295746

98765992524673,-0.2738495,-1.6490326,5.712555

98766002503921,-0.3952484,-1.068222,5.193634

98766012483169,-0.45713806,-0.49217224,4.634247

98766021882583,-0.49284363,-0.3065033,3.8749084

98766017121841,0.671402,-3.7846985,10.897354

98766032594253,-0.49760437,0.062454224,2.782318

98766042512466,-0.5118866,0.4766388,1.8753967

98766052491714,-0.5856781,0.8289337,1.1184387

98766062501480,-0.76420593,1.2931061,0.27340698

98766071900894,-1.1260223,1.8715363,-0.18362427

98766082521011,-1.380722,2.300003,-0.4454651

98766092530777,-1.5949554,2.6356354,-1.1072083

98766102510025,-1.8734589,3.0212555,-1.7356262

98766112519790,-1.8925018,3.5044708,-2.2450256

98766121888687,-1.8544159,4.211441,-2.561615

98766132508804,-1.8591766,4.90889,-2.8996277

98766142518570,-1.94487,5.9848175,-3.825592

98766152528335,-2.1614838,7.277359,-4.8753357

98766162538101,-2.6232758,8.688919,-5.665619

98766171906997,-3.273117,9.981461,-5.9631653

98766182557632,-3.882492,10.971695,-5.9393616

98766192536880,-4.4299774,11.790543,-6.077423

98766202546646,-4.691818,12.019058,-6.082184

98766212525894,-4.5775604,11.77388,-5.915558

98766221925308,-4.246689,11.231155,-5.9250793

98766217164566,-2.2885895,5.7416687,-2.7698975

98766232545425,-3.8801117,10.759842,-5.884613

98766242524673,-3.682541,10.226639,-5.858429

98766252534439,-3.7182465,9.864822,-5.6965637

98766262544204,-3.8348846,9.391129,-5.41568

98766271913101,-3.7848969,8.707962,-5.241913

98766282533218,-3.7039642,7.893875,-4.9967346

98766292542984,-3.561142,7.077408,-4.768219

98766302522232,-3.4730682,6.187149,-4.6944275

98766312531997,-3.5468597,5.4444733,-4.401642

98766321900894,-3.632553,4.65419,-3.6827698

98766332551529,-3.7706146,3.7972565,-2.5449524

98766342530777,-3.7111053,2.7855988,-1.2428894

98766352510025,-3.4445038,1.8810577,-0.46450806

98766362519790,-3.1850433,1.119339,0.2305603

98766371919204,-2.8565521,0.57185364,0.9898987

98766382539322,-2.425705,0.17433167,1.9848938

98766392518570,-2.0139008,-0.13035583,3.1822205

98766402497818,-1.5997162,-0.5445404,4.9841614

98766412507583,-0.9951019,-1.6371307,6.7742004

98766421906997,-0.5214081,-3.0463104,7.971527

98766417146255,-3.067093,4.2589264,-1.438797

98766432557632,-0.18101501,-4.7387543,8.328583

98766442658950,0.08558655,-6.4145355,7.6263733

98766452668716,0.21650696,-7.5356903,7.407379

98766462678482,0.4188385,-8.159348,7.9691467

98766471894790,0.659256,-7.9617767,9.375946

98766482698013,0.99250793,-7.540451,11.589691

98766492677261,1.3947906,-7.097702,13.136932

98766502687027,1.7089996,-7.000107,13.839142

98766512696792,1.8661041,-6.969162,13.234528

98766521882583,1.7708893,-6.6954193,11.756317

98766532716323,1.6566315,-6.3359833,11.361176

98766542695572,1.5138092,-5.8242035,12.908417

98766552674820,1.628067,-5.1005707,15.6458435

98766562684585,1.9589386,-4.6244965,17.666779

98766571900894,2.4135895,-4.769699,18.4404

98766582765152,2.692093,-5.152939,17.714386

98766592683365,2.7849274,-5.410019,16.298065

98766602693130,2.5540314,-5.3814545,15.255463

98766612672378,2.1255646,-4.6125946,15.015045

98766621888687,1.7089996,-3.2724457,14.957916

98766617127945,1.4984589,-6.0298615,12.976379

98766632691909,1.3757477,-2.0465546,15.253082

98766642549087,1.2210236,-1.1277313,15.417328

98766652558853,1.102005,-0.77305603,15.224518

98766662538101,1.0805817,-0.7444916,14.603241

98766671906997,1.1186676,-0.83732605,13.867706

98766682557632,1.121048,-1.1467743,13.194061

98766692536880,1.1805573,-1.3990936,12.494232

98766702546646,1.1781769,-1.5633392,11.825348

98766712525894,1.1948395,-1.5776215,11.430206

98766721925308,1.2543488,-1.4871674,11.239777

98766732545425,1.3257599,-1.4324188,10.925568

98766742524673,1.351944,-1.3729095,10.663727

98766752534439,1.3352814,-1.420517,10.43045

98766762513687,1.2281647,-1.3491058,10.10672

98766771913101,1.2400665,-1.3229218,10.625641

98766782655288,1.2162628,-1.0087128,10.62088

98766792512466,1.2733917,-0.91111755,10.532806

98766802522232,1.2257843,-0.8992157,10.30191

98766812531997,1.1805573,-0.9872894,10.1091

98766821900894,1.1710358,-1.2110443,10.056732

98766817140152,1.2187653,-1.2309265,11.946152

98766832673599,1.2400665,-1.530014,9.935333

98766842530777,1.1734161,-1.7133026,9.825836

98766852510025,1.102005,-1.446701,9.733002

98766862519790,0.91871643,-1.1539154,9.91629

98766871888687,0.86872864,-0.9872894,9.880585

98766882478286,0.91871643,-1.0896454,9.91153

98766892427017,0.89967346,-1.2181854,9.906769

98766902436782,0.99964905,-1.3848114,9.802032

98766912629654,1.0543976,-1.4919281,9.963898

98766922608902,1.0353546,-1.4776459,10.059113

98766932374527,0.97346497,-1.3967133,10.1091

98766942628433,0.8639679,-1.465744,10.061493

98766952638198,0.8568268,-1.5276337,10.125763

98766962617447,0.8568268,-1.4800262,10.159088

98766972566177,0.90205383,-1.3705292,10.018646

98766981782486,0.871109,-1.2776947,10.016266

98766992616226,0.8306427,-1.2062836,10.061493

98767002656509,0.80921936,-1.4157562,10.320953

98767012635757,0.9044342,-1.7513885,10.616119

98767022706558,1.0044098,-2.1346283,10.718475

98767017945816,0.95417786,-1.4259949,10.057083

98767031770279,1.0639191,-2.427414,10.923187

98767042726089,1.082962,-2.5345306,11.165985

98767052644302,1.0139313,-2.5535736,11.658722

98767062654068,1.0710602,-2.4226532,12.251434

98767072694351,1.082962,-2.2322235,12.851288

98767081758072,1.1805573,-2.0465546,13.215485

98767092622329,1.3471832,-2.056076,13.386871

98767102540542,1.3543243,-2.1608124,13.960541

98767112519790,1.3590851,-2.3012543,14.807953

98767122560073,1.3590851,-2.510727,15.593475

98767131745865,1.3876495,-2.646408,16.338531

98767142579605,1.4233551,-2.5607147,16.990753

98767152497818,1.3805084,-2.5392914,17.212128

98767162507583,1.2829132,-2.536911,17.445404

98767172517349,1.230545,-2.677353,18.00003

98767181733657,1.2567291,-2.941574,17.847687

98767192628433,1.3090973,-3.3819427,17.733429

98767202485611,1.2329254,-3.9579926,17.171661

98767212495376,1.1710358,-4.307907,16.309967

98767222505142,0.88301086,-4.462631,15.757721

98767217744400,1.2236481,-2.7629242,15.031113

98767231751968,0.6092682,-4.345993,15.284027

98767242555191,0.33790588,-3.9579926,14.7222595

98767252503921,0.3212433,-3.7413788,14.40329

98767262483169,0.36647034,-3.543808,13.962921

98767272492935,0.44026184,-3.222458,13.196442

98767281739761,0.5188141,-3.089157,12.099091

98767292573501,0.4021759,-3.2176971,11.13266

98767302491714,0.27363586,-3.0605927,10.037689

98767312501480,0.18556213,-3.0724945,8.842743

98767322511245,-1.0681152E-4,-2.8225555,7.66922

98767331758072,-0.30003357,-2.2750702,6.4933167

98767342500259,-0.52378845,-1.8727875,5.8387146

98767352479507,-0.73088074,-1.4276581,4.65329

98767362458755,-0.9903412,-0.8325653,3.8153992

98767372468521,-1.1783905,-0.48265076,3.0941467

98767381745865,-1.290268,-0.063705444,2.082489

98767392488052,-1.4878387,0.5575714,1.2898254

98767402467300,-1.6354218,1.1574249,0.48049927

98767412477066,-1.5640106,1.5382843,-0.18362427

98767422456314,-1.5187836,1.9667511,-0.881073

98767417695572,-0.38822937,-1.7904205,7.4016724

98767431855728,-1.4949799,2.447586,-1.3738098

98767442475845,-1.3378754,2.9498444,-1.9403381

98767452455093,-1.3878632,3.5020905,-2.6211243

98767462495376,-1.6211395,4.428055,-3.3233337

98767472474624,-2.0115204,5.665848,-4.3016663

98767481874038,-2.5447235,7.224991,-4.9586487

98767492555191,-3.1993256,8.869827,-5.2133484

98767502503921,-3.7706146,10.638443,-5.1228943

98767512483169,-4.3657074,12.080948,-4.8158264

98767522462417,-4.613266,12.752213,-4.38974

98767531892349,-4.415695,12.661758,-4.670624

98767542512466,-4.1110077,12.059525,-5.101471

98767552491714,-3.7634735,11.32399,-5.3490295

98767562501480,-3.5111542,10.731277,-5.4966125

98767572480728,-3.394516,10.412308,-5.344269

98767581880142,-3.3469086,10.110001,-5.358551

98767592500259,-3.29216,9.5577545,-5.03006

98767602479507,-3.1874237,8.812698,-4.634918

98767612489273,-3.0112762,7.9867096,-4.1993103

98767622468521,-2.8589325,7.079788,-3.7946472

98767617707779,-3.0619812,8.564789,-4.352005

98767631867935,-2.7875214,6.2680817,-3.409027

98767642488052,-2.7708588,5.3825836,-2.9043884

98767652467300,-2.785141,4.4637604,-2.2569275

98767662477066,-2.766098,3.613968,-1.5856628

98767672486831,-2.6780243,2.9069977,-0.7406311

98767681855728,-2.6399384,2.3238068,-0.11697388

98767692475845,-2.747055,1.8667755,0.5423889

98767702485611,-2.8541718,1.5597076,1.6349792

98767712464859,-2.8636932,1.3549957,3.089386

98767722474624,-2.6327972,1.1026764,4.5628357

98767731874038,-2.1876678,0.69563293,5.738739

98767742494156,-1.7639618,-0.0922699,6.526642

98767752473404,-1.5497284,-1.0658417,7.1931458

98767762483169,-1.5616302,-2.0275116,7.7239685

98767772462417,-1.5544891,-3.203415,8.688019

98767781861831,-1.3212128,-4.543564,9.540192

98767792481948,-1.0807953,-5.191025,9.749664

98767802552749,-0.6856537,-5.1648407,10.68515

98767812470962,-0.26670837,-4.3816986,11.803925

98767822480728,0.0236969,-3.1700897,12.832245

98767817719986,-1.9736786,0.13493347,4.4648895

98767831849624,0.2046051,-2.241745,13.879608

98767842500259,0.23554993,-2.1346283,14.79129

98767852479507,0.19746399,-2.6059418,14.893646

98767862458755,0.31886292,-3.320053,15.700592

98767872468521,0.58070374,-4.0722504,15.705353

98767881867935,0.8615875,-4.429306,15.024567

98767892610122,0.9853668,-4.2126923,14.800812

98767902253677,1.0353546,-3.3938446,14.8246155

98767912507583,1.018692,-2.4012299,15.024567

98767922456314,0.94966125,-1.6014252,15.543488

98767931855728,0.8972931,-1.151535,15.648224

98767942475845,0.74494934,-1.2562714,15.407806

98767952455093,0.6735382,-1.6180878,14.777008

98767962434341,0.59498596,-2.0894012,13.82724

98767972474624,0.47358704,-2.306015,13.070282

98767981874038,0.34980774,-2.2631683,12.656097

98767992463638,0.20698547,-2.1465302,12.508514

98768002473404,0.19032288,-1.9346771,12.563263

98768012452652,0.25221252,-1.7561493,12.834625

98768022462417,0.37123108,-1.7847137,12.751312

98768017701675,0.55714417,-2.4359894,14.3116455

98768031861831,0.41645813,-1.8061371,12.363312

98768042481948,0.39027405,-1.8704071,11.908661

98768052430679,0.37361145,-1.8727875,11.725372

98768062470962,0.36647034,-1.863266,11.553986

98768072450210,0.43312073,-1.798996,11.363556

98768081849624,0.4426422,-1.9108734,11.177887

98768092469741,0.5426178,-2.0822601,11.046967

98768102479507,0.59736633,-2.1822357,10.697052

98768112489273,0.6354523,-2.1727142,10.444733

98768122468521,0.575943,-1.8918304,10.147186

98768131837417,0.5854645,-1.7513885,10.499481

98768142488052,0.55451965,-1.3871918,10.897003

98768152467300,0.5854645,-1.2657928,10.658966

98768162477066,0.59736633,-1.4776459,10.544708

98768172456314,0.77827454,-2.139389,10.773224

98768181855728,0.80207825,-2.4250336,10.316193

98768192567398,0.5902252,-2.0441742,9.971039

98768202485611,0.4521637,-1.6847382,10.049591

98768212464859,0.34980774,-1.4086151,10.159088

98768222474624,0.30934143,-1.2396088,10.035309

98768217713882,0.51893616,-1.8137512,10.816666

98768231843521,0.30934143,-1.2443695,10.032928

98768242646743,0.38313293,-1.4371796,10.140045

98768252473404,0.4426422,-1.587143,10.354279

98768262452652,0.4854889,-1.6252289,10.351898

98768272462417,0.47834778,-1.6466522,10.520905

98768281861831,0.44026184,-1.3943329,10.946991

98768292390396,0.47120667,-1.1110687,11.301666

98768302461197,0.52119446,-1.0372772,11.682526

98768312470962,0.5330963,-1.2039032,12.215729

98768322450210,0.6925812,-1.6371307,12.522797

98768332490493,0.86634827,-2.2774506,12.941742

98768342622329,1.018692,-2.8749237,13.308319

98768352448990,1.0710602,-3.3748016,13.8177185

98768362458755,1.0115509,-3.3938446,14.300934

98768372468521,0.89253235,-3.1938934,15.257843

98768382478286,0.9972687,-2.9772797,16.19809

98768391725113,1.0805817,-2.8273163,16.612274

98768402467300,1.3400421,-2.767807,16.928864

98768412538101,1.4566803,-2.7440033,16.921722

98768422456314,1.4590607,-2.9677582,16.933624

98768417695572,0.79756165,-2.1661682,13.164551

98768432466079,1.2924347,-3.2010345,16.9003

98768441712906,1.1448517,-3.550949,16.84793

98768452546646,1.1496124,-4.0151215,16.747955

98768462464859,1.2924347,-4.286484,16.417084

98768472444107,1.2971954,-4.3888397,15.902924

98768482453872,1.3043365,-4.255539,15.441132

98768491700698,1.1829376,-4.3364716,15.169769

98768502534439,1.0615387,-4.410263,14.803192

98768512483169,0.89253235,-4.498337,14.077179

98768522431900,0.5688019,-4.5102386,12.958405

98768532472183,0.27363586,-4.415024,12.201447

98768541719009,0.078445435,-4.3483734,11.918182

98768552552749,0.11177063,-4.26268,11.339752

98768562440445,0.13795471,-3.7723236,10.194794

98768572450210,0.009414673,-3.2795868,9.123627

98768582459976,-0.25004578,-2.5535736,8.023895

98768591706802,-0.68089294,-1.8489838,7.3907166

98768602510025,-1.1212616,-1.0587006,6.8955994

98768612428238,-1.4735565,-0.2160492,6.424286

98768622438003,-1.6068573,0.27192688,6.0577087

98768617677261,0.3332672,-3.3468323,12.241791

98768632447769,-1.5116425,0.30763245,5.3507385

98768641694595,-1.3664398,0.6099396,3.9963074

98768652528335,-1.3116913,0.8955841,2.710907

98768662446548,-1.4473724,1.3811798,1.8658752

98768672425796,-1.5092621,1.8096466,0.9708557

98768682435562,-1.502121,1.9905548,-0.08126831

98768691682388,-1.521164,2.031021,-1.1881409

98768702516128,-1.5759125,2.1238556,-2.1093445

98768712464859,-1.6782684,2.5666046,-2.6496887

98768722444107,-1.7306366,3.454483,-3.0757751

98768732453872,-1.8448944,4.570877,-3.3542786

98768741700698,-1.8353729,5.5563507,-3.8232117

98768752442886,-1.9662933,6.570389,-4.3111877

98768762452652,-2.1448212,7.6272736,-4.8539124

98768772431900,-2.2876434,8.203323,-4.9753113

98768782472183,-2.463791,8.496109,-5.2728577

98768791688491,-2.701828,8.348526,-5.3942566

98768802522232,-2.8208466,8.05336,-5.620392

98768812440445,-3.080307,8.293777,-6.001251

98768822450210,-3.1469574,8.793655,-6.0536194

98768817689468,-1.9723663,4.5842133,-2.1934967

98768832429458,-3.3207245,9.353043,-5.806061

98768841828872,-3.451645,9.636307,-5.5418396

98768852510025,-3.5778046,9.564896,-5.2157288

98768862428238,-3.5563812,9.088821,-5.0848083

98768872407486,-3.5778046,8.50087,-4.8110657

98768882173111,-3.8277435,8.091446,-4.4254456

98768891786148,-4.082443,7.92482,-3.7708435

98768902192642,-4.3799896,7.7486725,-2.9900818

98768912385513,-4.6156464,7.432083,-2.3807068

98768922395279,-4.6346893,6.9536285,-1.8546448

98768932405044,-4.6799164,6.3371124,-1.6047058

98768941804458,-4.6941986,5.6706085,-1.4428406

98768952394058,-4.851303,5.270706,-0.9691467

98768962373306,-4.9679413,4.6637115,-0.10031128

98768972383072,-5.172653,4.3495026,0.8732605

98768982392837,-5.2131195,3.9329376,1.9563293

98768991792251,-5.003647,3.3997345,3.2322083

98769002412368,-4.748947,2.614212,3.8963318

98769012361099,-4.5085297,1.8524933,4.001068

98769022462417,-4.3181,1.3764191,3.2988586

98769017701675,-4.3591614,6.188095,-1.4370117

98769032411148,-4.4109344,1.1717072,3.3179016

98769041780044,-4.4942474,0.97413635,4.108185

98769052400161,-4.280014,0.5766144,5.412628

98769062409927,-3.8920135,-0.51597595,7.28598

98769072389175,-3.1660004,-2.2131805,9.264069

98769082368423,-2.4090424,-3.615219,10.692291

98769091798355,-1.8044281,-4.9458466,10.816071

98769102418472,-1.7758636,-5.436203,10.10672

98769112428238,-2.0686493,-4.864914,10.0781555

98769122407486,-2.4042816,-3.5390472,10.649445

98769132386734,-2.4828339,-2.2512665,11.204071

98769141786148,-2.3995209,-1.4395599,12.018158

98769152406265,-1.9020233,-1.3110199,13.160736

98769162416031,-1.2498016,-1.946579,13.741547

98769172425796,-0.7094574,-2.5131073,13.836761

98769182405044,-0.55711365,-2.9701385,13.693939

98769191804458,-0.6285248,-3.1486664,13.117889

98769202424575,-0.9236908,-3.1105804,13.267853

98769212434341,-1.0831757,-3.0748749,13.758209

98769222413589,-1.1569672,-3.0510712,13.748688

98769217652847,-2.1899261,-2.3612366,10.663971

98769232423355,-1.0189056,-2.8820648,13.743927

98769241822769,-0.7332611,-2.6059418,13.417816

98769252442886,-0.44285583,-2.3917084,13.175018

98769262422134,-0.12626648,-2.3131561,12.822723

98769272431900,0.02607727,-2.2560272,12.810822

98769282441665,0.0974884,-2.1893768,13.041718

98769291810562,0.04512024,-1.9322968,13.303558

98769302430679,-0.09770203,-1.7133026,13.536835

98769312409927,-0.2476654,-1.6466522,13.798676

98769322419693,-0.24052429,-1.6490326,13.50827

98769332429458,-0.19767761,-1.7585297,12.9964905

98769341798355,-0.15245056,-1.8466034,12.372833

98769352418472,-0.026290894,-1.9751434,11.932465

98769362428238,0.06654358,-2.113205,11.789642

98769372407486,0.054641724,-2.248886,11.542084

98769382417251,-0.04295349,-2.3202972,11.38974

98769391786148,-0.08818054,-2.4059906,11.142181

98769402406265,-0.14292908,-2.3774261,10.968414

98769412416031,-0.17149353,-2.2941132,10.763702

98769422425796,-0.20957947,-2.158432,10.601837

98769417665054,-0.18244934,-2.1539154,12.432938

98769432405044,-0.19529724,-1.9322968,10.409027

98769441773941,-0.12388611,-1.779953,10.325714

98769452424575,-0.16673279,-1.7751923,10.075775

98769462403823,-0.15245056,-1.7823334,9.91391

98769472383072,-0.1405487,-1.9322968,10.011505

98769482423355,-0.05961609,-2.1370087,9.91629

98769491792251,0.016555786,-2.2084198,9.832977

98769502412368,0.052261353,-2.2655487,9.78775

98769512422134,0.099868774,-2.2750702,9.618744

98769522401382,0.059402466,-2.1703339,9.587799

98769532411148,0.1641388,-2.4607391,9.999603

98769541780044,0.57832336,-3.2843475,10.282867

98769552400161,0.3521881,-3.415268,10.311432

98769562409927,0.07130432,-2.4631195,10.585175

98769572389175,-0.04057312,-1.6252289,11.030304

98769582398941,-0.09770203,-1.106308,10.999359

98769591767837,-0.20957947,-1.1443939,10.830353

98769602510025,-0.3143158,-1.3395844,10.530426

98769612397720,-0.34049988,-1.7823334,10.151947

98769622376968,-0.24052429,-2.0536957,10.192413

98769617616226,-0.03437805,-2.0466766,10.219666

98769632447769,-0.18815613,-2.184616,10.49234

98769641786148,-0.15245056,-2.1750946,10.597076

98769652528335,-0.13816833,-2.1108246,11.125519

98769662385513,-0.114364624,-1.9037323,11.7777405

98769672395279,-0.012008667,-1.7894745,12.196686

98769682374527,0.06892395,-1.9584808,12.641815

98769691773941,0.13557434,-2.2655487,13.339264

98769702302505,0.16889954,-2.8677826,14.120026

98769712403823,0.061782837,-3.2986298,15.322113

98769722383072,-0.0024871826,-3.7247162,16.59085

98769732362320,-0.009628296,-4.224594,17.857208

98769741761734,-0.04295349,-4.781601,19.030731

98769752595474,0.15223694,-5.3171844,19.766266

98769762391616,0.38075256,-5.86467,19.79245

98769772370865,0.58070374,-6.321701,19.65915

98769782380630,0.7735138,-6.4026337,19.747223

98769791749527,1.0543976,-6.390732,19.554413

98769801637222,1.2424469,-6.493088,19.228302

98769812440445,1.3209991,-6.5311737,18.611786

98769822358657,1.268631,-6.5954437,17.947662

98769817597915,0.32743835,-4.16008,15.969925

98769832337906,1.1638947,-6.57164,16.940765

98769842378189,1.1091461,-6.476425,16.281403

98769851625015,1.3924103,-6.7596893,15.231659

98769862428238,1.7185211,-6.621628,13.391632

98769872346450,2.0041656,-6.514511,11.6492

98769882112075,1.9779816,-6.114609,10.111481

98769892396499,1.6685333,-5.069626,8.842743

98769901612808,1.3590851,-4.0912933,7.7501526

98769912324478,1.0782013,-3.3890839,6.881317

98769922364761,0.954422,-2.6821136,5.6792297

98769932344009,0.97584534,-1.9132538,4.372406

98769942414810,1.1734161,-1.2467499,3.198883

98769951600601,1.1448517,-0.5469208,1.9182434

98769962342788,0.9449005,0.21717834,0.91848755

98769972352554,0.73542786,0.6337433,0.45907593

98769982331802,0.42359924,1.1550446,-0.35263062

98769992433120,0.11177063,1.5549469,-1.1072083

98770001618911,-0.08580017,1.6525421,-1.8951111

98770012330581,-0.39048767,1.9524689,-2.7115784

98770022340347,-0.6856537,2.8546295,-3.1495667

98770017579605,0.93870544,-2.3988495,5.7205353

98770032350113,-1.0474701,4.0924225,-3.190033

98770042359878,-1.437851,5.5539703,-3.2376404

98770051606704,-1.7401581,6.796524,-3.5899353

98770062409927,-2.1662445,7.920059,-4.4563904

98770072328140,-2.6351776,8.584183,-5.0276794

98770082337906,-3.144577,8.974564,-5.320465

98770092347671,-3.4087982,9.155472,-5.5680237

98770101594497,-3.663498,9.350662,-5.7084656

98770112428238,-3.8658295,9.5767975,-5.6299133

98770122376968,-3.875351,9.855301,-5.5227966

98770132325698,-3.7777557,10.1671295,-5.325226

98770142365982,-3.7063446,10.3647,-5.09671

98770151612808,-3.632553,10.29805,-5.2657166

98770162354995,-3.746811,9.931473,-5.210968

98770172364761,-3.9943695,9.267349,-5.0586243

98770182313491,-4.177658,8.698441,-4.889618

98770192353775,-4.306198,8.031937,-4.4135437

98770201570083,-4.368088,7.5320587,-3.678009

98770212403823,-4.268112,6.8750763,-2.7591858

98770222322036,-4.0657806,6.1704865,-1.9450989

98770217561294,-3.3514252,8.359833,-4.5447083

98770232331802,-3.765854,5.5944366,-1.4190369

98770242402603,-3.6753998,5.1017,-0.8072815

98770251710464,-3.5278168,4.5042267,0.12106323

98770262361099,-3.5373383,4.018631,0.6661682

98770272340347,-3.6801605,3.4521027,0.8256531

98770282350113,-4.203842,2.9403229,0.9875183

98770292329361,-4.6489716,2.5666046,1.5469055

98770301698257,-4.8655853,2.0738678,2.3609924

98770312348892,-4.8155975,1.8334503,3.5487976

98770322358657,-4.139572,1.414505,4.629486

98770332337906,-3.3445282,0.9122467,5.1841125

98770342347671,-2.7351532,0.48139954,5.591156

98770351716568,-2.6399384,-0.016098022,6.1838684

98770362336685,-3.2421722,-0.45170593,6.302887

98770372346450,-4.144333,-0.7611542,5.788727

98770382325698,-4.810837,-1.0467987,5.8315735

98770392335464,-4.817978,-1.3443451,7.5692444

98770401704361,-3.8325043,-2.1251068,9.20932

98770412324478,-2.4994965,-3.2462616,10.530426

98770422303726,-1.3259735,-4.2983856,10.9184265

98770417542984,-3.7126465,1.0801849,4.2785034

98770432344009,-0.809433,-5.076767,10.578033

98770442323257,-1.0617523,-5.1196136,10.370941

98770451722671,-1.9543915,-4.3293304,10.0781555

98770462342788,-2.9113007,-3.581894,10.480438

98770472322036,-3.1588593,-2.824936,12.122894

98770482331802,-2.3352509,-2.510727,14.003387

98770492311050,-1.0141449,-2.9130096,15.026947

98770501710464,0.16889954,-3.486679,14.85318

98770512330581,0.67115784,-4.012741,14.222382

98770522340347,0.5021515,-4.0294037,13.846283

98770532350113,-0.06199646,-3.6509247,13.367828

98770542329361,-0.9236908,-3.165329,13.603485

98770551728775,-1.3831024,-2.52977,14.641327

98770562348892,-1.1331635,-2.4297943,14.843658

98770572328140,-0.5999603,-2.8273163,14.619904

98770582337906,0.037979126,-3.3295746,13.95816

98770592347671,0.38789368,-3.7651825,13.201202

98770601716568,0.42121887,-3.7842255,12.732269

98770612367202,0.15699768,-3.8484955,12.439484

98770622315933,-0.22862244,-3.8627777,12.399017

98770617555191,-0.7614746,-3.5539246,13.069443

98770632356216,-0.5856781,-3.8437347,12.35379

98770642335464,-0.7570648,-3.8556366,12.34903

98770651734878,-0.5832977,-3.896103,12.187164

98770662354995,-0.27622986,-4.031784,11.9062805

98770672334243,0.078445435,-3.9199066,11.561127

98770682344009,0.26649475,-3.7342377,11.311188

98770692323257,0.38313293,-3.3795624,11.256439

98770701722671,0.33314514,-2.953476,11.165985

98770712373306,0.19508362,-2.6083221,11.108856

98770722352554,0.07606506,-2.3274384,11.156464

98770732362320,0.040359497,-2.0584564,11.211212

98770742341568,0.06654358,-1.9846649,11.018402

98770751740982,0.15699768,-1.9894257,10.799408

98770762361099,0.22602844,-2.1179657,10.473297

98770772340347,0.25697327,-2.1465302,10.121002

98770782350113,0.25935364,-2.1417694,9.7829895

98770792329361,0.23554993,-2.132248,9.566376

98770801728775,0.19032288,-2.158432,9.490204

98770812348892,0.12605286,-2.158432,9.423553

98770822358657,0.11653137,-2.1298676,9.485443

98770817597915,0.040237427,-2.7783966,10.886414

98770832337906,0.121292114,-2.1298676,9.442596

98770842347671,0.19746399,-2.1084442,9.316437

98770851777603,0.31886292,-2.3393402,9.623505

98770862367202,0.6425934,-2.9177704,9.680634

98770872346450,0.6973419,-3.3105316,10.166229

98770882173111,0.57118225,-2.9677582,10.23526

98770892335464,0.38313293,-2.3107758,10.306671

98770901704361,0.13319397,-2.0465546,10.278107

98770912324478,-0.028671265,-2.0132294,10.313812

98770922303726,-0.021530151,-2.2250824,10.442352

98770932313491,0.080825806,-2.4036102,10.48996

98770942323257,0.26887512,-2.5035858,10.454254

98770951722671,0.3045807,-2.555954,10.573273

98770962312271,0.21412659,-2.5059662,10.675629

98770972322036,0.04750061,-2.3083954,11.120758

98770982301284,0.057022095,-2.151291,11.701569

98770992311050,0.20698547,-2.2322235,12.153839

98771001710464,0.4116974,-2.4893036,12.175262

98771012422134,0.5259552,-3.0034637,12.539459

98771022309829,0.723526,-3.4366913,12.753693

98771017549087,0.2928009,-2.4979858,10.722168

98771032319595,0.8306427,-3.979416,12.960785

98771042329361,0.8544464,-4.1698456,13.7534485

98771051698257,0.9710846,-4.1293793,14.036713

98771062501480,0.9782257,-4.0793915,14.498505

98771072328140,1.0424957,-4.0294037,14.59848

98771082307388,1.056778,-3.9913177,14.962677

98771092317154,1.0424957,-3.8699188,15.143585

98771101716568,0.954422,-3.8437347,15.191193

98771112245132,0.85920715,-3.9270477,15.069794

98771122346450,0.80921936,-4.1936493,14.946014

98771132325698,0.78541565,-4.6697235,14.834137

98771142335464,0.7663727,-5.3100433,14.693695

98771152345230,0.86634827,-5.9027557,14.710358

98771162416031,0.9520416,-6.3240814,13.95578

98771172334243,0.9234772,-6.474045,13.274994

98771182313491,0.78541565,-6.302658,12.653717

98771192323257,0.5664215,-5.9217987,12.525177

98771202333023,0.29029846,-5.3171844,12.667999

98771211579849,0.11891174,-4.83873,12.625153

98771222413589,0.121292114,-4.7387543,12.22287

98771217652847,0.77874756,-4.800644,13.966248

98771232301284,0.06416321,-4.698288,11.77536

98771242311050,0.08320618,-4.641159,11.32785

98771252320816,0.13557434,-4.5173798,10.901764

98771261567642,0.23078918,-4.462631,10.835114

98771272401382,0.3117218,-4.107956,10.037689

98771282319595,0.345047,-3.7270966,9.352142

98771292298843,0.31886292,-3.1367645,8.223846

98771302247573,0.1879425,-2.4131317,7.3145447

98771311555435,-0.08580017,-1.6918793,6.529022

98771322389175,-0.43095398,-0.93492126,6.0053406

98771332307388,-0.7189789,-0.31602478,5.919647

98771342317154,-0.6594696,0.1053009,5.5102234

98771352204849,-0.5356903,0.52900696,4.9794006

98771361543228,-0.30955505,0.96461487,4.2200623

98771372376968,-0.15959167,1.2240753,3.2060242

98771382295181,-0.27861023,1.5263824,2.1039124

98771392304947,-0.6023407,1.9167633,0.9779968

98771402192642,-1.1664886,2.1619415,0.1567688

98771411531021,-1.6996918,2.5618439,-0.42166138

98771422547866,-2.0043793,3.0974274,-0.4692688

98771417787124,-0.3487091,-1.0279999,5.924286

98771432313491,-2.1281586,3.6115875,-0.7001648

98771442414810,-2.1638641,4.3161774,-1.111969

98771452333023,-2.2043304,4.8493805,-1.6285095

98771461579849,-2.4209442,5.506363,-2.2902527

98771472413589,-2.6542206,6.1847687,-2.9519958

98771482453872,-3.1660004,7.058365,-3.4066467

98771492433120,-3.6873016,7.8272247,-3.6280212

98771502442886,-4.280014,8.512772,-3.5256653

98771511537124,-4.746567,8.986465,-3.420929

98771522523452,-4.8274994,9.160233,-3.4947205

98771532441665,-4.7061005,9.243546,-3.3995056

98771542420913,-4.287155,9.093582,-3.3542786

98771552430679,-4.182419,9.086441,-3.6113586

98771561524917,-4.479965,9.148331,-3.8922424

98771572419693,-4.9631805,9.172134,-4.254059

98771582429458,-5.3868866,8.853165,-4.318329

98771592408706,-5.593979,8.429459,-3.9493713

98771602418472,-5.6058807,7.867691,-3.466156

98771611512710,-5.4059296,7.3820953,-2.9829407

98771622407486,-5.255966,6.956009,-2.1498108

98771617646743,-4.107315,7.5622864,-3.0768433

98771632295181,-5.0917206,6.3133087,-1.2976379

98771642243911,-4.922714,5.7205963,-0.7572937

98771652253677,-4.979843,5.0469513,-0.67874146

98771661622573,-5.1345673,4.263809,-0.7073059

98771672242691,-5.422592,3.6806183,-0.6668396

98771682252456,-5.6249237,3.3140411,-0.066986084

98771692231704,-5.7082367,2.9308014,0.7066345

98771702241470,-5.5606537,2.6356354,1.6564026

98771711610366,-5.2321625,2.2761993,2.3990784

98771722261001,-4.89653,1.728714,3.1679382

98771732270767,-4.6989594,1.0907745,3.532135

98771742219497,-4.7441864,0.38142395,3.6701965

98771752259781,-4.8227386,-0.22795105,3.5749817

98771761628677,-4.9179535,-0.35173035,4.1962585

98771772248794,-4.6561127,-0.42314148,5.6340027

98771782258560,-4.2062225,-0.34934998,7.22171

98771792237808,-3.6301727,-0.5516815,8.257172

98771802217056,-3.1993256,-1.1086884,8.635651

98771811616470,-3.03508,-1.9561005,8.528534

98771822236587,-2.9493866,-2.85112,8.302399

98771817475845,-4.671707,1.5781555,3.2654114

98771832215835,-2.8565521,-3.4962006,8.535675

98771842225601,-2.3519135,-3.5914154,9.187897

98771852204849,-1.6449432,-3.2724457,10.213837

98771861604263,-0.96177673,-3.3105316,11.71347

98771872224380,-0.4714203,-3.4438324,12.151459

98771882264663,-0.43571472,-3.3676605,11.768219

98771892274429,-0.65708923,-3.3010101,11.6944275

98771901979019,-0.91893005,-3.1034393,11.703949

98771911561538,-1.0450897,-2.9772797,12.272858

98771922303726,-0.707077,-3.1581879,13.755829

98771932313491,0.040359497,-3.5081024,14.686554

98771942353775,0.93299866,-3.6890106,14.712738

98771952333023,1.5685577,-3.7032928,14.5104065

98771961579849,1.6256866,-3.1439056,14.255707

98771972261001,1.249588,-2.3798065,14.5746765

98771982362320,0.6925812,-1.5204926,15.436371

98771992372085,0.24269104,-1.1539154,15.867218

98772002381851,0.16651917,-1.3467255,15.826752

98772011567642,0.37599182,-1.6656952,15.186432

98772022370865,0.62117004,-2.0060883,14.327118

98772017610122,-0.22671509,-2.8569489,13.11908

98772032380630,0.7735138,-2.0894012,13.691559

98772042359878,0.7663727,-1.908493,13.346405

98772052369644,0.49977112,-1.4966888,13.098846

98772061585952,0.10939026,-1.2634125,13.039337

98772072450210,-0.16911316,-1.0634613,12.770355

98772082368423,-0.3547821,-0.95396423,12.408539

98772092347671,-0.30717468,-1.0515594,11.877716

98772102357437,-0.22862244,-1.3514862,11.461151

98772111573745,-0.0048675537,-1.6752167,11.127899

98772122224380,0.23316956,-2.1941376,11.404022

98772132203628,0.511673,-2.9106293,10.718475

98772142213394,0.39265442,-2.8011322,10.485199

98772152192642,0.061782837,-1.7942352,10.656586

98772161592056,-0.20481873,-0.8682709,11.0660095

98772172212173,-0.31193542,-0.26841736,11.046967

98772182160904,-0.36668396,-0.2803192,10.956512

98772192201187,-0.10960388,-0.6611786,10.504242

98772202210952,0.040359497,-1.1110687,10.025787

98772211579849,0.11177063,-1.4633636,9.644928

98772222199966,0.054641724,-1.5323944,9.4045105

98772217439224,0.07487488,-1.4369354,11.436752

98772232179214,-0.09056091,-1.4490814,9.406891

98772242188980,-0.054855347,-1.2110443,9.416412

98772252198745,-0.073898315,-1.0206146,9.702057

98772261567642,0.033218384,-1.0015717,9.830597

98772272218277,0.06416321,-1.0325165,10.04483

98772282197525,0.15937805,-0.9968109,10.037689

98772292176773,0.20698547,-1.1967621,10.294769

98772302186538,0.19508362,-1.0967865,10.223358

98772311555435,0.1879425,-0.9991913,10.23526

98772322206070,0.19508362,-0.8896942,10.04007

98772332185318,0.102249146,-0.84684753,9.999603

98772342195083,-0.026290894,-0.7778168,9.840118

98772352174331,-0.050094604,-0.9801483,9.925812

98772361573745,-0.06913757,-1.1134491,9.794891

98772372193863,-0.031051636,-1.2396088,9.856781

98772382173111,-0.021530151,-1.2205658,9.923431

98772392182876,-0.18101501,-0.9063568,9.904388

98772402162124,-0.20957947,-0.68022156,10.075775

98772411561538,-0.264328,-0.6754608,9.999603

98772422334243,-0.1572113,-0.78019714,9.918671

98772417573501,-0.004272461,-1.0057373,9.923553

98772432191421,-0.12388611,-0.8516083,9.944855

98772442170669,-0.10484314,-0.9896698,9.899628

98772452180435,-0.13816833,-1.170578,9.809174

98772461579849,-0.18101501,-1.4919281,9.730621

98772472322036,-0.15959167,-1.6347504,9.752045

98772482179214,-0.031051636,-1.587143,9.835358

98772492188980,-0.023910522,-1.3681488,9.873444

98772502198745,-0.023910522,-1.1348724,9.837738

98772511567642,-0.031051636,-1.1229706,9.735382

98772521882583,-0.1405487,1.8643951,9.894867

98772532197525,-0.10246277,-1.6799774,9.78775

98772542207290,-0.5380707,-1.5395355,9.694916

98772551972915,-0.75468445,-1.2824554,9.730621

98772562013198,-0.25480652,-1.6680756,10.04007

98772571473648,0.037979126,-1.6038055,10.282867

98772582307388,0.3783722,-1.4443207,10.261444

98772592195083,1.082962,-1.8227997,10.0138855

98772602174331,0.68782043,-1.3967133,9.921051

98772612245132,-0.51664734,-0.7825775,9.892487

