16125215843433,-1.0284271,0.7718048,9.773468

16125225761645,-0.56425476,1.0598297,10.270966

16125245140308,-0.51664734,0.7741852,9.654449

16125255119556,-0.51426697,0.8979645,9.59256

16125270042651,-0.32383728,1.0265045,9.390228

16125280296558,-0.35002136,0.96699524,9.425934

16125290062183,-0.31907654,1.0384064,9.471161

16125299949878,-0.411911,1.0693512,9.516388

16125310417407,-0.49046326,0.9788971,9.640167

16125320335620,-0.54045105,1.0074615,9.754425

16125329887622,-0.5047455,0.93367004,9.816315

16125339836352,-0.495224,0.9289093,9.702057

16125350517505,-0.35954285,0.8075104,9.649689

16125360252612,-0.32383728,0.82655334,9.511627

16125370231860,-0.30955505,0.8860626,9.394989

16125380272143,-0.29051208,0.90034485,9.318817

16125390251391,-0.26908875,1.0217438,9.392609

16125399620288,-0.27146912,0.9884186,9.490204

16125410148852,-0.21434021,0.9598541,9.411652

16125420128100,-0.31669617,0.85035706,9.4687805

16125430076831,-0.32621765,0.86701965,9.46402

16125440086597,-0.31907654,0.9860382,9.473541

16125449455493,-0.3309784,0.89082336,9.537811

16125459984058,-0.35716248,0.9027252,9.690155

16125469902270,-0.3881073,0.85035706,9.759186

16125465141528,-0.35942078,0.93307495,9.544479

16125479881518,-0.40953064,0.92414856,9.706818

16125489860766,-0.3881073,0.98365784,9.7829895

16125499290698,-0.4047699,0.9788971,9.599701

16125527916186,-0.5365448,1.1347198,9.84935

16125537986987,-0.5403137,1.1554413,9.882324

16125548057788,-0.5567932,1.1493988,9.9127655

16125558128589,-0.5990143,1.0890656,9.93811

16125568199390,-0.6235657,1.0533142,9.929001

16125578270190,-0.61634827,1.0617371,9.858032

16125588340991,-0.6186981,1.1024475,9.816666

16125598411792,-0.6367035,1.1961365,9.823883

16125608482593,-0.6518707,1.2688751,9.818192

16125618553393,-0.66270447,1.3097687,9.792938

16125628624194,-0.6830902,1.3572083,9.7777405

16125638694995,-0.71676636,1.4137421,9.776535

16125648765796,-0.7351227,1.4786835,9.734161

16125658836597,-0.73391724,1.5543518,9.639282

16125668907397,-0.70739746,1.6108246,9.517349

16125678978198,-0.65086365,1.6445007,9.363373

16125689048999,-0.6467285,1.6482391,9.370087

16125699119800,-0.69966125,1.6193695,9.551727

16125695152515,-0.64471436,1.3297577,9.738953

16125709190600,-0.72612,1.6386108,9.652786

16125719261401,-0.72612,1.7059784,9.673233

16125729332202,-0.7643738,1.7896423,9.74321

16125739403003,-0.8377533,1.8882751,9.858688

16125749473804,-0.90385437,1.980896,9.970734

16125759544604,-0.9638214,2.068451,10.0798645

16125769615405,-1.0024567,2.1919556,10.166504

16125779686206,-1.0241852,2.3439941,10.235275

16125789757007,-1.0457764,2.488922,10.275726

16125799827808,-1.0673065,2.6288147,10.296051

16125809898608,-1.1508026,2.7179718,10.476105

16125819969409,-1.2766876,2.7724304,10.765381

16125830040210,-1.398941,2.8153381,11.054779

16125840111011,-1.5190582,2.8513641,11.344238

16125850181811,-1.4475098,2.8354187,11.442993

16125860252612,-1.2706757,2.7909088,11.436981

16125870323413,-1.130722,2.7046967,11.357193

16125880394214,-1.0092316,2.597641,11.240509

16125890465015,-0.9831848,2.4658203,11.43396

16125900535815,-1.0004425,2.3227692,11.768143

16125893974536,-1.0769806,2.4156952,10.7099

16125910606616,-0.99931335,2.1942291,11.981995

16125920677417,-0.9923096,2.0703278,12.157333

16125930748218,-0.97291565,1.9852295,12.466812

16125940819018,-0.9487457,1.9151306,12.8281555

16125950889819,-1.0203705,1.8543854,13.227554

16125960960620,-1.1236572,1.7967377,13.639526

16125971031421,-1.1020813,1.7871552,13.819595

16125981102222,-1.0431366,1.7919769,13.930267

16125991173022,-1.0074005,1.5920563,14.161148

16126001243823,-0.9778137,1.338028,14.423813

16126011314624,-1.0088959,0.85899353,14.622391

16126021385425,-1.0498047,0.3434906,14.810593

16126031456225,-1.1842957,0.09971619,15.202698

16126041527026,-1.3387451,-0.08610535,15.638306

16126051597827,-1.4006042,-0.061462402,15.479675

16126061668628,-1.4463196,-1.0681152E-4,15.217438

16126071739429,-1.2540283,0.091552734,14.3884735

16126081810229,-1.0270233,0.18763733,13.476822

16126091881030,-0.77008057,0.36317444,12.390366

16126101951831,-0.5094757,0.54844666,11.282471

16126093315356,-1.0458069,0.97128296,13.762253

16126112022632,-0.4076233,0.7117462,10.326401

16126122093433,-0.31176758,0.87423706,9.376053

16126132164233,-0.25334167,0.96214294,8.7933655

16126142235034,-0.1978302,1.0441895,8.239517

16126152305835,-0.47662354,1.1707764,7.649399

16126162376636,-0.77134705,1.2994995,7.057541

16126172447436,-0.7151184,1.9188538,5.328308

16126182518237,-0.6501465,2.5503845,3.5708313

16126192589038,-0.19291687,4.0341034,0.79351807

16126202659839,0.26481628,5.5198975,-1.9868774

16126212730640,0.49961853,6.859787,-4.8082733

16126222801440,0.7278595,8.169922,-7.5791473

16126232872241,0.7819977,8.692001,-9.011841

16126242943042,0.8345337,9.225922,-10.396927

16126253013843,0.8609619,9.953796,-11.002289

16126263084643,0.91482544,10.630447,-11.516861

16126273155444,1.30336,10.682175,-10.923813

16126283226245,1.6474152,10.69957,-10.267151

16126293297046,1.5769348,10.397186,-9.017822

16126294334643,0.39408875,6.009094,-2.145996

16126303367847,1.5052338,10.091766,-7.7661133

16126313438647,1.0308685,8.787262,-5.7385864

16126323509448,0.5785217,7.5884247,-3.7673187

16126333580249,0.26574707,7.059128,-2.1529846

16126343651050,-0.009185791,6.604965,-0.68104553

16126353721850,-0.08190918,6.5525208,0.029388428

16126363792651,-0.093688965,6.5663147,0.5764618

16126373863452,0.2130127,6.926346,0.26976013

16126383934253,0.46473694,7.13739,0.10887146

16126394005054,0.4923706,6.741028,0.54248047

16126404075854,0.4787445,6.1880035,1.1216125

16126414146655,0.31463623,5.0634155,2.23172

16126424217456,0.1734314,4.149704,3.2657623

16126434288257,0.103759766,3.8950653,4.0621033

16126444359058,0.051315308,3.7763824,4.758133

16126454429858,0.047698975,4.043442,5.1695404

16126464500659,0.054611206,4.1276093,5.6089478

16126474571460,0.08834839,3.745697,6.1197815

16126484642261,0.1812439,3.3597107,6.5187683

16126494713061,0.4082489,2.9645538,6.664093

16126492515796,0.24150085,5.27594,2.3176727

16126504783862,0.5667267,2.5095215,6.8941345

16126514854663,0.58236694,1.929718,7.30072

16126524925464,0.50283813,1.5543365,7.6657715

16126534996265,0.24301147,1.5663605,7.952072

16126545067065,0.08811951,1.6968536,8.141327

16126555137866,0.11454773,2.031952,8.162949

16126565208667,0.009338379,1.9399872,8.37793

16126575279468,-0.3063202,1.1652985,8.902008

16126585350268,-0.54248047,0.50361633,9.333069

16126595421069,-0.66378784,0.0051574707,9.6297455

16126605491870,-0.82769775,-0.28596497,10.210724

16126615562671,-1.0486908,-0.29917908,11.172791

16126625633472,-1.2210846,-0.42332458,12.145203

16126635704272,-1.332962,-0.68556213,13.130402

16126645775073,-1.5789948,-1.1818848,14.272217

16126655845874,-1.9783783,-1.945755,15.593048

16126665916675,-2.3026428,-2.1814423,16.833511

16126675987475,-2.5480347,-1.8626709,17.989517

16126686058276,-2.5674744,-1.3969116,18.420486

16126696129077,-2.368988,-0.7894287,18.152237

16126691856616,-1.0115204,0.0110321045,12.110275

16126706199878,-2.0891266,-0.36586,17.573364

16126716270679,-1.7371979,-0.10522461,16.71936

16126726341479,-1.467453,-0.039001465,16.068542

16126736412280,-1.2653656,-0.13282776,15.584961

16126746483081,-1.144928,-0.023590088,15.024338

16126756553882,-1.0861511,0.23905945,14.405518

16126766624683,-0.99108887,0.5862732,13.653137

16126776695483,-0.87023926,0.99354553,12.8059845

16126786766284,-0.84884644,1.2359772,12.256088

16126796837085,-0.88967896,1.3753052,11.892151

16126806907886,-0.9366455,1.4363098,11.659668

16126816978686,-0.9871826,1.4519348,11.503281

16126827049487,-1.0022736,1.4282074,11.379974

16126837120288,-0.9986572,1.3836975,11.274109

16126847191089,-0.95877075,1.3821716,11.083282

16126857261890,-0.90145874,1.4012756,10.851685

16126867332690,-0.7349243,1.4798584,10.427811

16126877403491,-0.517395,1.5862122,9.9142

16126887474292,-0.45991516,1.6013794,9.739731

16126897545093,-0.46714783,1.5796967,9.702393

16126891197436,-0.93559265,1.0188904,12.302368

16126907615893,-0.49734497,1.5943298,9.6094055

16126917686694,-0.53578186,1.6219482,9.496506

16126927757495,-0.54885864,1.5705566,9.428787

16126937828296,-0.5536804,1.4934387,9.375778

16126947899097,-0.5921936,1.4120483,9.444717

16126957969897,-0.6402893,1.329422,9.548309

16126968040698,-0.6633911,1.2902069,9.585754

16126978111499,-0.68203735,1.2587433,9.611404

16126988182300,-0.7315216,1.2994537,9.656372

16126998253100,-0.7884064,1.3575592,9.705994

16127008323901,-0.8015747,1.3365936,9.656418

16127018394702,-0.8063965,1.3005066,9.587845

16127028465503,-0.8804474,1.3295898,9.790192

16127038536304,-0.96572876,1.3692322,10.036407

16127048607104,-1.06073,1.4326477,10.357132

16127058677905,-1.1570587,1.4993439,10.688156

16127068748706,-1.205246,1.4869537,11.297668

16127078819507,-1.2509613,1.4705353,11.921402

16127088890308,-1.3664856,1.3340607,12.792801

16127098961108,-1.4879913,1.1872864,13.685394

16127090538257,-0.89250183,1.3861847,10.378326

16127109031909,-1.4870605,1.0939484,14.378601

16127119102710,-1.478653,1.0038605,15.059631

16127129173511,-1.5696106,0.7761383,15.713913

16127139244311,-1.6646423,0.5427704,16.367111

16127149315112,-1.7065277,0.448761,16.640015

16127159385913,-1.7472687,0.35791016,16.905197

16127169456714,-1.73526,0.4552002,16.949646

16127179527515,-1.7207184,0.5523834,16.98439

16127189598315,-1.5895996,0.64501953,16.571793

16127199669116,-1.4551086,0.7388611,16.144775

16127209739917,-1.2445984,0.8603668,15.392944

16127219810718,-1.0354614,0.96647644,14.653122

16127229881518,-0.8466034,0.84617615,14.090149

16127239952319,-0.67211914,0.72494507,13.549652

16127250023120,-0.65270996,0.59365845,13.251648

16127260093921,-0.6332855,0.46235657,12.953644

16127270164722,-0.55207825,0.68315125,12.234131

16127280235522,-0.46331787,0.88012695,11.518814

16127290306323,-0.32136536,0.9089966,10.833115

16127289909595,-1.111496,0.7163391,14.460892

16127300377124,-0.16595459,0.94065857,10.16423

16127310447925,0.068618774,0.9887848,9.59404

16127320518725,0.2747345,0.9996033,9.059341

16127330589526,0.33848572,0.8239746,8.702057

16127340660327,0.40766907,0.6958008,8.343201

16127350731128,0.5002899,0.77279663,7.9775085

16127360801929,0.6002197,0.8749237,7.553467

16127370872729,0.72772217,1.0722198,6.908676

16127380943530,0.8098297,1.2177124,6.271881

16127391014331,0.74017334,1.1900787,5.6617126

16127401085132,0.6934967,1.2607727,4.955078

16127411155933,0.71635437,1.6288757,3.9566498

16127421226733,0.7330475,2.0485687,2.9023895

16127431297534,0.7330475,2.6079407,1.6970367

16127441368335,0.67214966,3.22258,0.43395996

16127451439136,0.46284485,3.9720154,-0.9698639

16127461509936,0.2446289,4.793457,-2.4019165

16127471580737,0.00680542,5.7735596,-3.896103

16127481651538,-0.25154114,6.7761536,-5.392578

16127491722339,-0.5515442,7.8243103,-6.893753

16127489219897,0.36289978,2.9257965,2.620926

16127501793140,-0.854187,8.861542,-8.256592

16127511863940,-1.1616669,9.87886,-9.367584

16127521934741,-1.3661957,10.815186,-10.208466

16127532005542,-1.3974762,11.615143,-10.5946045

16127542076343,-1.3414459,12.064865,-10.593246

16127552147143,-1.1510925,11.975708,-9.995651

16127562217944,-0.99212646,11.563721,-9.003586

16127572288745,-0.8768158,10.702515,-7.4625397

16127582359546,-0.74357605,9.75885,-5.8816376

16127592430347,-0.587204,8.708694,-4.2492523

16127602501147,-0.3708191,7.844574,-2.898697

16127612571948,-0.08332825,7.201004,-1.8822174

16127622642749,0.15927124,6.7998962,-1.0908966

16127632713550,0.3529358,6.6627502,-0.5447693

16127642784350,0.53504944,6.382187,-0.06930542

16127652855151,0.7056122,5.958206,0.33544922

16127662925952,0.84646606,5.6914825,0.6578522

16127672996753,0.9597168,5.570999,0.9036255

16127683067554,0.9659424,5.3191223,1.1705017

16127693138354,0.88186646,4.9563904,1.4551544

16127688560718,-0.19648743,8.242355,-3.8996277

16127703209155,0.76490784,4.5038757,1.5002289

16127713279956,0.6221924,3.9810028,1.3575134

16127723350757,0.5039978,3.4458466,1.8583069

16127733421558,0.4038391,2.9016418,2.8332672

16127743492358,0.22117615,2.8299713,3.7723236

16127753563159,-0.015808105,3.0693512,4.68779

16127763633960,-0.23231506,2.9276428,5.3908997

16127773704761,-0.43649292,2.556488,5.9662476

16127783775561,-0.5760803,1.8169708,6.547348

16127793846362,-0.6796875,0.87242126,7.131668

16127803917163,-0.5919037,-0.12602234,8.129959

16127813987964,-0.40841675,-1.1513977,9.33522

16127824058765,-0.31886292,-1.3570862,10.453613

16127834129565,-0.27314758,-1.1802521,11.531433

16127844200366,-0.6669769,-1.3759003,12.98056

16127854271167,-1.2464752,-1.7289124,14.586548

16127864341968,-1.6333923,-1.8941956,15.584488

16127874412768,-1.9480896,-1.98909,16.3544

16127884483569,-2.0819855,-1.9110107,17.212158

16127894554370,-2.1541748,-1.77388,18.09996

16127887901538,-0.66160583,0.43998718,9.449982

16127904625171,-1.9437561,-1.9142151,18.34024

16127914695972,-1.6473389,-2.1389923,18.383469

16127924766772,-1.3556671,-1.9832001,17.989899

16127934837573,-1.0649109,-1.7545776,17.51271

16127944908374,-0.9277649,-1.4631195,16.856033

16127954979175,-0.8268738,-1.1568451,16.156982

16127965049975,-0.8044586,-0.6282654,15.515778

16127975120776,-0.79844666,-0.053253174,14.886642

16127985191577,-0.79652405,-0.05491638,14.598389

16127995262378,-0.7953186,-0.15957642,14.371033

16128005333179,-0.76293945,-0.30532837,14.133026

16128015403979,-0.72587585,-0.45724487,13.893417

16128025474780,-0.68618774,-0.09585571,13.423294

16128035545581,-0.6463165,0.29690552,12.939087

16128045616382,-0.7097473,0.7110596,12.406067

16128055687183,-0.78312683,1.1272888,11.868347

16128065757983,-0.7363739,1.334671,11.354218

16128075828784,-0.6810303,1.5271454,10.841766

16128085899585,-0.6257019,1.5531158,10.532547

16128095970386,-0.5703583,1.571167,10.233002

16128087211841,-0.84132385,-0.100128174,14.06337

16128106041186,-0.62553406,1.5963287,10.149216

16128116111987,-0.6831665,1.6213226,10.070801

16128126182788,-0.64604187,1.530304,9.998962

16128136253589,-0.60765076,1.4385834,9.925629

16128146324390,-0.48614502,1.3002472,9.756012

16128156395190,-0.36579895,1.1656342,9.589905

16128166465991,-0.27571106,1.1295929,9.516632

16128176536792,-0.19093323,1.0980835,9.447815

16128186607593,-0.19813538,1.1448517,9.456223

16128196671618,-0.20707703,1.1885223,9.46315

16128206742419,-0.23927307,1.1908264,9.4505005

16128216813220,-0.27146912,1.1931305,9.437836

16128226884021,-0.36761475,1.1235504,9.536499

16128236954822,-0.44555664,1.0671844,9.609009

16128247025622,-0.38781738,1.1092834,9.486313

16128257096423,-0.33946228,1.1550751,9.3802185

16128267167224,-0.34909058,1.2236328,9.376602

16128277238025,-0.35601807,1.2838898,9.3675995

16128287308825,-0.34880066,1.300705,9.330353

16128286576404,-0.38191223,1.2509766,9.561859

16128297379626,-0.33384705,1.3196869,9.275436

16128307450427,-0.28323364,1.3486023,9.1392975

16128317521228,-0.24121094,1.3321533,9.027878

16128327592029,-0.23280334,1.1375732,9.013458

16128337662829,-0.23103333,1.0123749,9.022995

16128347733630,-0.25268555,1.1314697,9.116821

16128357804431,-0.27607727,1.2315826,9.205963

16128367875232,-0.30491638,1.2724304,9.280426

16128377946033,-0.3271637,1.280014,9.357147

16128388016833,-0.33078003,1.1932678,9.440277

16128398087634,-0.32310486,1.1059113,9.505554

16128408158435,-0.2870636,1.0170288,9.52597

16128418229236,-0.25138855,0.9481659,9.534363

16128428300036,-0.2164917,0.9253082,9.515121

16128438370837,-0.1902008,0.94807434,9.483398

16128448441638,-0.18177795,1.0659637,9.425644

16128458512439,-0.18621826,1.1618042,9.374573

16128468583240,-0.21504211,1.2158508,9.336136

16128478654040,-0.24038696,1.2515717,9.311676

16128488724841,-0.25964355,1.2551727,9.311676

16128485917224,-0.2533722,1.1529083,9.310959

16128498795642,-0.28814697,1.2782288,9.279739

16128508866443,-0.33145142,1.3323517,9.196732

16128518937243,-0.3762207,1.3674469,9.142548

16128529008044,-0.42314148,1.3746643,9.130524

16128539078845,-0.44075012,1.3721161,9.110275

16128549149646,-0.4190979,1.3564758,9.078995

16128559220447,-0.41740417,1.2707062,9.080093

16128569291247,-0.44026184,1.0986786,9.120987

16128579362048,-0.48797607,1.0323181,9.170929

16128589432849,-0.5637665,1.0852509,9.231079

16128599503650,-0.6194458,1.0903778,9.2387085

16128609574450,-0.6542816,1.045929,9.191864

16128619645251,-0.6064606,1.0449371,9.000458

16128629716052,-0.47895813,1.0858307,8.669647

16128639786853,-0.4637146,1.1847839,8.513626

16128649857654,-0.5479126,1.3351593,8.512421

16128659928454,-0.6622925,1.3741913,8.624802

16128669999255,-0.80119324,1.3227081,8.829575

16128680070056,-0.97283936,1.2450714,9.179123

16128690140857,-1.1698151,1.1471863,9.640762

16128685227527,-0.6056671,1.2150269,9.067932

16128700211658,-1.294754,1.1052856,10.082184

16128710282458,-1.3704224,1.1016846,10.509781

16128720353259,-1.4247742,1.1024933,10.93811

16128730424060,-1.4656067,1.1060944,11.366898

16128740494861,-1.4806976,1.0466766,11.855759

16128750565661,-1.4806976,0.9503021,12.379837

16128760636462,-1.527298,0.7290344,13.127945

16128770707263,-1.5984955,0.44184875,13.994324

16128780778064,-1.7460632,0.21739197,14.914978

16128790848865,-1.9292603,0.022216797,15.860931

16128800919665,-2.1088867,-0.12684631,16.663025

16128810990466,-2.2869263,-0.25556946,17.401642

16128821061267,-2.371994,-0.19688416,17.709106

16128831132068,-2.420044,-0.063568115,17.844818

16128841202868,-2.4046326,0.045211792,17.749588

16128851273669,-2.3661346,0.14505005,17.570343

16128861344470,-2.296112,0.10525513,17.362335

16128871415271,-2.2158203,0.02003479,17.144943

16128881486072,-2.203888,-0.30656433,17.594055

16128891556872,-2.2062225,-0.68356323,18.182312

16128884690417,-1.9503479,0.2528839,15.361633

16128901627673,-2.1496735,-1.2160645,18.43164

16128911698474,-2.0772858,-1.7904205,18.589722

16128921769275,-2.03154,-2.2898102,18.149246

16128931840075,-1.9918365,-2.7721863,17.573029

16128941910876,-1.9542084,-2.5668335,16.47519

16128951981677,-1.9169617,-2.2269287,15.275284

16128962052478,-1.8598328,-1.9315643,13.730789

16128972123279,-1.7993164,-1.6437988,12.127655

16128982194079,-1.6849518,-1.7829132,10.8732605

16128992264880,-1.5663605,-1.9555054,9.6462555

16129002335681,-1.559906,-1.9381866,7.932358

16129012406482,-1.5659027,-1.8997498,6.1643066

16129022477283,-1.6934204,-1.151062,4.86322

16129032548083,-1.8317566,-0.3390808,3.6037445

16129042618884,-1.7904205,0.78256226,2.3272858

16129052689685,-1.7374878,1.9241486,1.0497589

16129062760486,-1.5558014,2.3434906,-0.31843567

16129072831286,-1.3688202,2.7332306,-1.6903992

16129082902087,-1.1605377,3.3533173,-2.4354553

16129092972888,-0.95225525,3.973404,-3.1805115

16129083970202,-1.6773224,-0.40315247,7.840851

16129103043689,-1.0761719,5.2003937,-4.359375

16129113114490,-1.1967773,6.426697,-5.544815

16129123185290,-1.1654968,7.6212006,-7.032837

16129133256091,-1.1341705,8.801163,-8.502701

16129143326892,-1.1016998,9.651642,-9.561279

16129153397693,-1.0722351,10.472992,-10.583725

16129163468493,-1.087204,10.865753,-11.074387

16129173539294,-1.1021729,11.258514,-11.565048

16129183610095,-0.6924896,11.050461,-11.259567

16129193680896,-0.3465271,10.790802,-10.912964

16129203751697,-0.56666565,10.097916,-10.229706

16129213822497,-0.740921,9.422211,-9.50325

16129223893298,-0.5917511,8.867645,-8.472305

16129233964099,-0.4429474,8.239075,-7.426697

16129244034900,-0.29618835,7.1756897,-6.294739

16129254105700,-0.16044617,6.1473694,-5.1256866

16129264176501,-0.07984924,5.294464,-3.7711334

16129274247302,-0.054107666,4.4862976,-2.4468231

16129284318103,-0.26550293,3.8713226,-1.2529144

16129283311023,-0.66755676,7.989563,-7.262375

16129294388904,-0.4320984,3.3629913,-0.18208313

16129304459704,-0.42608643,3.2655487,0.4145813

16129314530505,-0.45726013,3.1399536,1.0667572

16129324601306,-0.61483765,2.9186096,1.907608

16129334672107,-0.76226807,2.4456024,2.7299194

16129344742908,-0.878952,1.2113953,3.4961853

16129354813708,-0.9871979,-0.15359497,4.5388947

16129364884509,-1.0726013,-1.8725891,6.330063

16129374955310,-1.1936188,-3.1285858,8.093521

16129385026111,-1.401413,-3.2559052,9.78949

16129395096911,-1.5779572,-3.1685486,11.417572

16129405167712,-1.6846924,-2.6012878,12.89386

16129415238513,-1.9896088,-2.1631775,14.388367

16129425309314,-2.70755,-1.9942474,15.920792

16129435380115,-3.3139496,-2.252121,17.443115

16129445450915,-3.7145386,-3.2975159,18.946823

16129455521716,-3.8093414,-3.8196259,19.890045

16129465592517,-3.389511,-3.4611511,19.890045

16129475663318,-3.0021057,-2.8615723,19.886261

16129485734118,-2.6645966,-1.891098,19.876663

16129482651843,-1.9293976,-1.2803192,11.648956

16129495804919,-2.395279,-1.1326599,19.60875

16129505875720,-2.2232666,-0.67674255,18.972397

16129515946521,-2.0632324,-0.2927704,18.269333

16129526017322,-1.9188843,-0.0028533936,17.479004

16129536088122,-1.716568,0.29743958,16.573273

16129546158923,-1.4447021,0.61021423,15.529129

16129556229724,-1.2501068,0.86402893,14.592575

16129566300525,-1.140625,1.052887,13.774551

16129576371325,-1.158493,1.2286072,13.166992

16129586442126,-1.3052521,1.3909912,12.77243

16129596512927,-1.3871918,1.5758362,12.403427

16129606583728,-1.408844,1.7815399,12.0581665

16129616654529,-1.3462524,1.86203,11.714508

16129626725329,-1.211731,1.8356171,11.372192

16129636796130,-1.0810089,1.8763123,10.893616

16129646866931,-0.9533081,1.9702911,10.3068695

16129656937732,-0.8950043,2.0298615,9.944809

16129667008533,-0.8865967,2.064682,9.744217

16129677079333,-0.86447144,1.9718018,9.586029

16129687150134,-0.8331909,1.7937622,9.456116

16129681962146,-1.2905121,1.2642975,12.883896

16129697220935,-0.79592896,1.7128754,9.412872

16129707291736,-0.7550354,1.6912231,9.422501

16129717362536,-0.743515,1.5772858,9.388733

16129727433337,-0.7483368,1.411972,9.330811

16129737504138,-0.7764282,1.2031708,9.413681

16129747574939,-0.8160095,0.9729004,9.565994

16129757645740,-0.85891724,0.9036255,9.697891

16129767716540,-0.9033661,0.908432,9.820404

16129777787341,-0.92922974,0.84906006,9.83905

16129787858142,-0.9472351,0.7625885,9.8138275

16129797928943,-0.94010925,0.8373718,9.747803

16129807999743,-0.9232788,0.9745178,9.666

16129818070544,-0.90792847,0.9841614,9.658691

16129828141345,-0.8931122,0.9495697,9.677216

16129838212146,-0.90374756,0.890625,9.702621

16129848282947,-0.920166,0.82614136,9.729584

16129858353747,-1.0462494,0.8066101,9.807968

16129868424548,-1.2023926,0.79940796,9.900467

16129878495349,-1.1268921,0.7979889,9.832703

16129888566150,-0.9945679,0.7979889,9.725647

16129881333484,-0.9125061,0.99508667,9.670166

16129898636950,-0.82951355,0.8544922,9.495636

16129908707751,-0.6575012,0.9230652,9.23941

16129918778552,-0.621521,1.1153564,9.178925

16129928849353,-0.61039734,1.3302612,9.154221

16129938920154,-0.7080841,1.2824707,9.35582

16129948990954,-0.8154602,1.2112732,9.577576

16129959061755,-0.7956085,1.1994629,9.639465

16129969132556,-0.7582092,1.1958466,9.6792755

16129979203357,-0.7525177,1.2445526,9.638336

16129989274158,-0.7501068,1.2986755,9.58902

16129999344958,-0.6752014,1.3394318,9.341141

16130009415759,-0.5946045,1.3791199,9.077698

16130019486560,-0.5950928,1.4055481,9.13028

16130029557361,-0.6000519,1.430893,9.200195

16130039628161,-0.6272125,1.3399353,9.330139

16130049698962,-0.6543884,1.2489777,9.460068

16130059769763,-0.6844177,1.1551819,9.611374

16130069840564,-0.7140503,1.0631104,9.761124

16130079911365,-0.6948395,1.162796,9.711884

16130080704822,-0.68089294,1.2364502,9.437592

16130089982165,-0.67666626,1.2556152,9.668304

16130100052966,-0.6959076,1.102829,9.827103

16130110123767,-0.71157837,0.9586487,9.973907

16130120194568,-0.65696716,0.9830475,9.88559

16130130265368,-0.6023407,1.0074615,9.797272

16130140336169,-0.6023407,0.94770813,9.783585

16130150406970,-0.6077423,0.8999634,9.769089

16130160477771,-0.66908264,0.97694397,9.746231

16130170548572,-0.72650146,1.0444946,9.730194

16130180619372,-0.75177,1.0348663,9.769897

16130190690173,-0.76997375,1.034317,9.791122

16130200760974,-0.7411499,1.0943756,9.689026

16130210831775,-0.7171478,1.146759,9.595474

16130220902575,-0.7207489,1.1551819,9.55098

16130230973376,-0.7249756,1.1493225,9.523193

16130241044177,-0.732193,1.0735321,9.577332

16130251114978,-0.7403259,1.0117493,9.642029

16130261185779,-0.75234985,1.0093536,9.751495

16130271256579,-0.7722931,1.0061798,9.826767

16130281327380,-0.8216095,1.0001678,9.775055

16130280045642,-0.7216034,1.0253143,9.7387085

16130291398181,-0.85858154,1.0014496,9.736237

16130301468982,-0.85498047,1.0267029,9.739838

16130311539783,-0.85014343,1.0418701,9.730911

16130321610583,-0.84173584,1.0274506,9.685272

16130331681384,-0.83070374,1.0133667,9.63765

16130341752185,-0.8126526,1.0001373,9.584717

16130351822986,-0.8151245,0.979126,9.580582

16130361893786,-0.8668518,0.9394226,9.693649

16130371964587,-0.9008026,0.92881775,9.774414

16130382035388,-0.8961334,0.9814148,9.784927

16130392106189,-0.9034424,1.0141907,9.782867

16130402176990,-0.9417877,0.9956207,9.74823

16130412247790,-0.9486389,0.9990082,9.684067

16130422318591,-0.8981018,1.0423126,9.566177

16130432389392,-0.8701782,1.0828857,9.495758

16130442460193,-0.87979126,1.1189117,9.504166

16130452530993,-0.8903656,1.0885468,9.535355

16130462601794,-0.9024048,0.95602417,9.601624

16130472672595,-0.9169464,0.87690735,9.674332

16130482743396,-0.93496704,0.87210083,9.755997

16130479416980,-0.88560486,0.9927063,9.6675415

16130492814197,-0.9645386,0.8620453,9.776321

16130502884997,-1.0090485,0.8451996,9.717377

16130512955798,-1.0441895,0.833313,9.747498

16130523026599,-1.0682068,0.8273163,9.8832245

16130533097400,-1.0830994,0.8201599,9.94809

16130543168200,-1.0879059,0.81173706,9.93486

16130553239001,-1.0598297,0.77700806,9.891129

16130563309802,-0.9984894,0.7156677,9.816559

16130573380603,-0.9876251,0.70417786,9.747574

16130583451404,-1.0237122,0.73905945,9.683823

16130593522204,-1.0915985,0.736969,9.836136

16130603593005,-1.1866302,0.7032776,10.172958

16130613663806,-1.2377777,0.6629791,10.400177

16130623734607,-1.2545471,0.6174774,10.541473

16130633805408,-1.2465363,0.5683594,10.634277

16130643876208,-1.2200317,0.5165558,10.690903

16130653947009,-1.2675934,0.42303467,10.916534

16130664017810,-1.3651886,0.30134583,11.256287

16130674088611,-1.5044861,0.15513611,11.742432

16130684159411,-1.6692352,-0.0060272217,12.317841

16130678910388,-1.2045746,0.5880432,10.455688

16130694230212,-1.8733673,-0.22932434,13.078186

16130704301013,-2.1009216,-0.48954773,13.948456

16130714371814,-2.2369537,-0.95532227,14.891449

16130724442615,-2.3259735,-1.5267334,15.871872

16130734513415,-2.3370972,-1.7609558,16.489273

16130744584216,-2.3118744,-1.8378296,16.937286

16130754655017,-2.274002,-1.870163,17.134003

16130764725818,-2.2306976,-1.8833923,17.223022

16130774796618,-2.1429138,-1.9120178,17.223785

16130784867419,-2.037918,-1.9465942,17.190445

16130794938220,-1.916214,-1.8721771,16.839783

16130805009021,-1.7901459,-1.7694702,16.406754

16130815079822,-1.611496,-1.4159851,15.764282

16130825150622,-1.4157104,-0.9809265,15.053696

16130835221423,-1.4056396,-0.87506104,14.733948

16130845292224,-1.4464722,-0.8594513,14.521347

16130855363025,-1.3231506,-0.6071625,13.426559

16130865433825,-1.1595459,-0.29678345,12.115326

16130875504626,-0.9526367,0.5375366,10.642929

16130885575427,-0.736496,1.4836273,9.136078

16130877610339,-1.7503967,-1.0137177,14.847702

16130895646228,-0.5483093,1.7207794,8.248917

16130905717029,-0.36335754,1.8764801,7.4329834

16130915787829,-0.123794556,1.5907745,7.5027313

16130925858630,0.12438965,1.2353668,7.712372

16130935929431,0.17565918,0.87179565,7.651764

16130946000232,0.20204163,0.50723267,7.557022

16130956071033,-0.19577026,1.0941772,6.9200897

16130966141833,-0.63912964,1.7833099,6.22493

16130976212634,-0.9921875,2.6257477,4.397934

16130986283435,-1.3381653,3.4802246,2.482132

16130996354236,-1.2842407,4.2253265,0.35113525

16131006425036,-1.22789,4.969757,-1.7811584

16131016495837,-1.1352997,5.558548,-3.3674316

16131026566638,-1.0414734,6.141968,-4.93486

16131036637439,-1.1684875,6.716217,-6.332611

16131046708240,-1.2997437,7.2932587,-7.7232666

16131056779040,-1.6858978,8.351852,-8.28624

16131066849841,-2.0630798,9.411896,-8.8405

16131076920642,-2.1205292,10.523361,-9.083191

16131086991443,-2.1779785,11.634811,-9.325882

16131078019275,-0.9796295,4.833435,-0.14363098

16131097062243,-2.0822601,11.770966,-8.659058

16131107133044,-1.9762573,11.846924,-7.970398

16131117203845,-1.7328949,11.121643,-7.0149994

16131127274646,-1.501831,10.37178,-5.9905396

16131137345447,-1.3937225,9.376083,-4.2753906

16131147416247,-1.2777252,8.384628,-2.5714264

16131157487048,-1.09729,7.428299,-0.9595032

16131167557849,-0.92155457,6.5829315,0.5690613

16131177628650,-0.7772064,6.4782715,1.5410309

16131187699450,-0.64797974,6.4426117,2.375763

16131197770251,-0.60354614,6.793335,2.4418335

16131207841052,-0.55459595,7.1514893,2.438095

16131217911853,-0.48362732,7.546051,2.0928497

16131227982654,-0.4365387,7.851303,1.801117

16131238053454,-0.49066162,7.7779083,1.7361603

16131248124255,-0.5560303,7.593796,1.7385559

16131258195056,-0.66308594,6.998337,1.9911804

16131268265857,-0.73114014,6.3122406,2.327713

16131278336658,-0.67099,5.3282166,2.9400177

16131276841296,-0.9293976,7.7639008,-0.25431824

16131288407458,-0.598938,4.600174,3.6077118

16131298478259,-0.49205017,4.6217957,4.437683

16131308549060,-0.41757202,4.6453857,5.1744843

16131318619861,-0.4296112,4.6742706,5.6628876

16131328690661,-0.44340515,4.5684204,6.026108

16131338761462,-0.4614563,4.138962,6.088669

16131348832263,-0.43823242,3.5496216,6.4214478

16131358903064,-0.32531738,2.6127472,7.341507

16131368973865,-0.24064636,1.7381897,8.632797

16131379044665,-0.2124176,0.988266,10.666565

16131389115466,-0.16189575,0.47808838,12.474884

16131399186267,-0.07710266,0.33676147,13.936401

16131409257068,0.054656982,0.29211426,14.974884

16131419327868,0.26550293,0.41018677,15.301376

16131429398669,0.4275055,0.5940857,15.323013

16131439469470,0.5153198,0.87797546,14.881546

16131449540271,0.5578766,1.2701721,14.432312

16131459611072,0.5374603,1.8130798,13.972275

16131469681872,0.49235535,2.116455,13.753403

16131479752673,0.4153595,2.110443,13.846039

16131476212634,0.0063171387,2.1697998,10.96199

16131489823474,0.24224854,1.9719849,14.143036

16131499894275,-0.044815063,1.6765137,14.682343

16131509965075,-0.22392273,1.7631226,14.700668

16131520035876,-0.28407288,2.2707672,14.144897

16131530106677,-0.27075195,2.8478699,13.28215

16131540177478,-0.18307495,3.4952545,12.108704

16131550248279,-0.1665802,3.8630676,11.265808

16131560319079,-0.21710205,3.9677124,10.734116

16131570389880,-0.37278748,3.7801056,10.663071

16131580460681,-0.6194,3.3398132,10.99028

16131590531482,-0.7794037,3.2327576,11.24086

16131600602283,-0.87068176,3.3901062,11.430634

16131610673083,-0.81993103,3.6483002,11.296127

16131620743884,-0.66452026,3.9808197,10.922638

16131630814685,-0.52023315,4.0367126,10.545441

16131640885486,-0.38336182,3.9081726,10.1657715

16131650956286,-0.2681427,3.7460327,9.956345

16131661027087,-0.16737366,3.561493,9.860428

16131671097888,-0.121032715,3.404953,9.908142

16131681168689,-0.105392456,3.264206,10.03685

16131675583972,-0.36906433,3.3157043,11.419739

16131691239490,-0.07312012,3.1283722,10.222565

16131701310290,-0.03227234,2.995041,10.437561

16131711381091,0.04534912,3.0077362,10.44458

16131721451892,0.14038086,3.0895386,10.353149

16131731522693,0.1947937,3.1408386,10.214371

16131741593493,0.231781,3.179062,10.055298

16131751664294,0.26460266,3.1105042,9.960175

16131761735095,0.29615784,3.0099792,9.884186

16131771805896,0.30545044,2.9557343,9.935608

16131781876697,0.30667114,2.9183197,10.03334

16131791947497,0.36825562,2.8782654,10.116211

16131802018298,0.44885254,2.8373566,10.194397

16131812089099,0.46173096,2.6939545,10.219925

16131822159900,0.455719,2.5219269,10.230759

16131832230700,0.45454407,2.607483,10.178589

16131842301501,0.45454407,2.7562408,10.110977

16131852372302,0.39974976,2.838974,10.045151

16131862443103,0.3365326,2.91156,9.979599

16131872513904,0.39637756,2.9869995,9.812805

16131882584704,0.48085022,3.0630188,9.625778

16131874985827,0.31958008,2.9236603,10.088623

16131892655505,0.50090027,3.0435944,9.531387

16131902726306,0.51052856,3.0087128,9.451996

16131912797107,0.47772217,2.9366913,9.415024

16131922867908,0.43922424,2.8597107,9.383743

16131932938708,0.39874268,2.7664948,9.19809

16131943009509,0.3580475,2.6715393,8.99585

16131953080310,0.29992676,2.7020264,9.0017395

16131963151111,0.24130249,2.736023,9.013458

16131973221911,0.17103577,2.782196,8.930252

16131983292712,0.10006714,2.8291168,8.841232

16131993363513,0.1391449,2.92688,8.530121

16132003434314,0.1823883,3.0265808,8.210632

16132013505115,0.1028595,3.0614624,8.169373

16132023575915,0.02116394,3.0954132,8.133591

16132033646716,-0.028671265,3.2200165,8.197662

16132043717517,-0.07852173,3.3446045,8.261749

16132053788318,-0.111450195,3.4360352,8.344498

16132063859118,-0.14936829,3.513092,8.427689

16132073929919,-0.30093384,3.2677002,8.519104

16132074357165,0.1179657,3.0124512,8.729431

16132084000720,-0.4396515,3.0261993,8.606018

16132094071521,-0.38912964,2.8421478,8.626465

16132104142322,-0.3312683,2.6736145,8.639786

16132114213122,-0.1943512,2.672409,8.576126

16132124283923,-0.06977844,2.6616516,8.531143

16132134354724,-0.05279541,2.5677032,8.648865

16132144425525,-0.035812378,2.4737701,8.766571

16132154496325,-0.021728516,2.612152,8.879349

16132164567126,-0.013916016,2.7342682,8.96492

16132174637927,-0.04399109,2.7583313,8.886719

16132184708728,-0.06088257,2.7678223,8.813644

16132194779529,-0.010360718,2.7028656,8.766739

16132204850329,0.04283142,2.6556854,8.718704

16132214921130,0.107803345,2.686966,8.665787

16132224991931,0.16952515,2.7209625,8.645782

16132235062732,0.21876526,2.765396,8.752686

16132245133533,0.2521057,2.8192902,8.876877

16132255204333,0.23045349,2.9059143,9.060928

16132265275134,0.2247467,2.955902,9.223129

16132275345935,0.26805115,2.8933563,9.318161

16132273728503,0.04321289,2.7308502,8.850357

16132285416736,0.29693604,2.8135376,9.434296

16132295487536,0.28611755,2.6862183,9.608459

16132305558337,0.30065918,2.5506134,9.77002

16132315629138,0.3788452,2.3942413,9.899933

16132325699939,0.45925903,2.2551575,9.99855

16132335770740,0.5446625,2.1553192,10.02623

16132345841540,0.6194153,2.0830383,10.072357

16132355912341,0.67225647,2.0674133,10.156433

16132365983142,0.69314575,1.9936218,10.288345

16132376053943,0.6534424,1.8095703,10.5108795

16132386124743,0.6247864,1.6621704,10.680466

16132396195544,0.61517334,1.5780945,10.75853

16132406266345,0.58703613,1.4967499,10.830627

16132416337146,0.5292969,1.419754,10.893188

16132426407947,0.49891663,1.3964996,10.839966

16132436478747,0.50852966,1.451828,10.617432

16132446549548,0.52072144,1.5523987,10.366104

16132456620349,0.5363617,1.7135925,10.076187

16132466691150,0.5439148,1.8796387,9.832672

16132476761950,0.5415039,2.0516663,9.646225

16132473099841,0.53523254,1.9048615,10.232162

16132486832751,0.5103302,2.1440125,9.516312

16132496903552,0.44667053,2.1464233,9.450256

16132506974353,0.39001465,2.1447144,9.435196

16132517045154,0.34068298,2.1387024,9.473694

16132527115954,0.2821808,2.1553497,9.506683

16132537186755,0.21481323,2.1938324,9.534348

16132547257556,0.18508911,2.228485,9.553711

16132557328357,0.18869019,2.2597046,9.56572

16132567399158,0.17579651,2.337143,9.5256195

16132577469958,0.14933777,2.4526367,9.442612

16132587540759,0.16796875,2.517334,9.325043

16132597611560,0.22065735,2.543686,9.181351

16132607682361,0.22583008,2.5041504,9.089661

16132617753161,0.1968689,2.4172668,9.03537

16132627823962,0.1730957,2.3364105,9.0625

16132637894763,0.15264893,2.25943,9.1418915

16132647965564,0.10951233,2.170395,9.204559

16132658036365,0.05305481,2.0743103,9.2574005

16132668107165,0.06285095,2.083435,9.16832

16132678177966,0.108566284,2.1495972,9.002319

16132672501697,0.19721985,2.2652435,9.296448

16132688248767,0.1252594,2.2275085,8.964294

16132698319568,0.12765503,2.311203,8.98941

16132708390368,0.07255554,2.3750458,9.001587

16132718461169,-0.009750366,2.4295197,9.007629

16132728531970,-0.046295166,2.411789,9.16185

16132738602771,-0.064331055,2.3648682,9.375977

16132748673572,-0.099090576,2.2713318,9.738724

16132758744372,-0.1399231,2.1608276,10.155502

16132768815173,-0.11306763,2.2353668,10.5099945

16132778885974,-0.063827515,2.3710938,10.843918

16132788956775,-0.12757874,2.49646,11.18985

16132799027575,-0.22515869,2.618744,11.539368

16132809098376,-0.40005493,2.5218048,12.252243

16132819169177,-0.5894165,2.3838806,13.033096

16132829239978,-0.85569763,2.223877,13.7117

16132839310779,-1.1404572,2.0585632,14.365707

16132849381579,-1.4936676,1.8826599,15.317764

16132859452380,-1.8605652,1.7046204,16.329422

16132869523181,-1.8358154,1.5502319,17.031693

16132879593982,-1.7443848,1.3998566,17.68129

16132871842517,-0.58781433,2.1757507,12.211212

16132889664783,-1.6941528,1.327179,17.72313

16132899735583,-1.6497498,1.2655182,17.678726

16132909806384,-1.5076599,1.0282745,17.455719

16132919877185,-1.3599396,0.7808838,17.222412

16132929947986,-1.3342133,0.41915894,17.03444

16132940018786,-1.3197937,0.046813965,16.850677

16132950089587,-1.2851562,-0.037521362,16.243362

16132960160388,-1.2490692,-0.10128784,15.605804

16132970231189,-1.1314545,-0.12599182,14.564072

16132980301990,-1.009964,-0.14884949,13.503052

16132990372790,-1.0175934,-0.17173767,12.452255

16133000443591,-1.0284271,-0.19462585,11.401642

16133010514392,-1.0236511,-0.1611023,10.449707

16133020585193,-1.0187988,-0.13035583,9.498657

16133030655993,-1.0091553,-0.325531,8.623978

16133040726794,-1.0029144,-0.5135193,7.7538605

16133050797595,-1.086731,-0.51112366,7.004257

16133060868396,-1.1662598,-0.47639465,6.220413

16133070939197,-1.161438,0.19329834,4.7639923

16133071244372,-1.1938629,0.1257782,11.917236

16133081009997,-1.1529846,0.8582001,3.2657318

16133091080798,-1.100235,1.4648285,1.2566376

16133101151599,-1.0474701,2.0714874,-0.75253296

16133111222400,-1.1636658,3.3671722,-3.3515015

16133121293200,-1.2857208,4.707489,-5.9116974

16133131364001,-1.4529266,6.390396,-8.173218

16133141434802,-1.6208038,8.075821,-10.399048

16133151505603,-1.7928162,9.776764,-12.398315

16133161576404,-1.9119568,11.4214325,-14.267014

16133171647204,-1.748352,12.765137,-15.4375

16133181718005,-1.5416412,13.921631,-16.327835

16133191788806,-1.1368713,14.2183075,-15.931488

16133201859607,-0.80636597,14.164902,-15.128906

16133211930408,-0.7787018,12.684082,-12.670105

16133222001208,-0.7119293,11.243118,-10.233276

16133232072009,-0.50502014,9.94516,-7.875534

16133242142810,-0.33699036,8.701614,-5.6464996

16133252213611,-0.29248047,7.6309967,-3.8264618

16133262284411,-0.15830994,6.704254,-2.2117004

16133272355212,0.23022461,6.185791,-1.1795807

16133270585193,-0.9129791,8.710098,-8.237366

16133282426013,0.6109772,5.7740936,-0.31967163

16133292496814,0.9718628,5.6345673,0.101364136

16133302567615,1.2929077,5.481613,0.6335602

16133312638415,1.5223236,5.2978516,1.4214935

16133322709216,1.6610413,4.9188538,2.373642

16133332780017,1.6081238,4.1273346,3.6728058

16133342850818,1.5485992,3.2970734,4.7520294

16133352921618,1.4764252,2.3924408,5.408844

16133362992419,1.4608765,1.831543,5.7413025

16133373063220,1.5444489,1.8721313,5.506119

16133383134021,1.6347809,2.2833862,5.4254913

16133393204822,1.7366486,3.3266602,5.608368

16133403275622,1.6108856,3.616211,6.1296997

16133413346423,1.1837006,2.9078217,7.0991516

16133423417224,0.7405548,1.7600708,8.392609

16133433488025,0.27574158,0.016098022,10.125778

16133443558825,0.017608643,-1.0475006,11.741959

16133453629626,0.020019531,-1.2535095,13.210587

16133463700427,0.047088623,-0.8757477,14.1093445

16133473771228,0.1023407,0.16918945,14.356766

16133469956531,1.0403595,2.2840576,7.1003113

16133483842029,0.052078247,0.6445465,14.695358

16133493912829,-0.1103363,0.5146179,15.130829

16133503983630,-0.29629517,0.34954834,15.617615

16133514054431,-0.5052948,0.15016174,16.15451

16133524125232,-0.5952606,0.14562988,16.27037

16133534196033,-0.57717896,0.3179016,16.004105

16133544266833,-0.39971924,0.6229706,15.389816

16133554337634,-0.091033936,1.0373535,14.488983

16133564408435,0.14225769,1.2012482,13.710068

16133574479236,0.31788635,1.173584,13.024399

16133584550036,0.3244934,1.0907593,12.835144

16133594620837,0.21263123,0.96925354,12.993927

16133604691638,0.03135681,0.7571564,13.549072

16133614762439,-0.19444275,0.48690796,14.358627

16133624833240,-0.36087036,0.5401001,14.537384

16133634904040,-0.49198914,0.7855072,14.341309

16133644974841,-0.41679382,1.1581573,13.821671

16133655045642,-0.22976685,1.5997925,13.126648

16133665116443,-0.08807373,1.7543335,12.428818

16133675187243,0.031845093,1.7711182,11.729645

16133669297351,-0.16792297,0.8979645,14.088364

16133685258044,0.096343994,1.7754822,11.180252

16133695328845,0.13604736,1.7742767,10.697876

16133705399646,0.14575195,1.8466339,10.3220825

16133715470447,0.14335632,1.9487305,9.989365

16133725541247,0.11634827,2.0316162,9.725693

16133735612048,0.08026123,2.1073914,9.487503

16133745682849,0.013839722,2.077118,9.386627

16133755753650,-0.06262207,2.0117493,9.331131

16133765824450,-0.09260559,1.9520721,9.268417

16133775895251,-0.112472534,1.893631,9.204117

16133785966052,-0.13095093,1.7503662,9.174179

16133796036853,-0.14906311,1.583847,9.153671

16133806107654,-0.1817627,1.6111755,9.331528

16133816178454,-0.21784973,1.6833496,9.555283

16133826249255,-0.34916687,1.6432495,9.901321

16133836320056,-0.49954224,1.5807037,10.27182

16133846390857,-0.53300476,1.4714966,10.551224

16133856461658,-0.5465698,1.3543396,10.8151245

16133866532458,-0.45144653,1.1185913,10.686035

16133876603259,-0.3474121,0.87312317,10.524719

16133868729724,-0.16125488,1.6768188,9.880829

16133886674060,-0.19325256,0.9077301,10.123093

16133896744861,-0.03277588,0.9777069,9.691116

16133906815661,-0.012557983,1.2012787,9.49617

16133916886462,-0.005355835,1.4391022,9.323212

16133926957263,-0.11154175,1.4684296,9.313934

16133937028064,-0.22581482,1.4828644,9.31633

16133947098865,-0.26011658,1.5394135,9.330414

16133957169665,-0.29058838,1.59758,9.345306

16133967240466,-0.3119049,1.5288544,9.442459

16133977311267,-0.3332367,1.460144,9.539612

16133987382068,-0.31782532,1.2732086,9.7625885

16133997452868,-0.30215454,1.0872803,9.98233

16134007523669,-0.2841034,1.0139008,9.9414215

16134017594470,-0.2630005,0.94921875,9.89856

16134027665271,-0.16075134,1.1152191,9.803528

16134037736072,-0.06451416,1.2784729,9.699829

16134047806872,-0.066833496,1.3966522,9.454208

16134057877673,-0.06925964,1.5144653,9.209534

16134067948474,-0.10797119,1.5107117,9.276962

16134068040027,-0.17243958,1.3304749,9.531387

16134078019275,-0.15447998,1.4928741,9.349533

16134088090075,-0.27357483,1.3437042,9.469818

16134098160876,-0.39024353,1.2121735,9.604477

16134108231677,-0.4888916,1.2121735,9.846268

16134118302478,-0.57344055,1.2259369,10.0525055

16134128373279,-0.5710449,1.3247223,10.039261

16134138444079,-0.55841064,1.4315338,9.981598

16134148514880,-0.49354553,1.5792694,9.696945

16134158585681,-0.4271698,1.7003632,9.418396

16134168656482,-0.3538971,1.7015686,9.167358

16134178727283,-0.307312,1.6695709,9.022095

16134188798083,-0.36746216,1.5047607,9.299988

16134198868884,-0.42015076,1.3745422,9.544342

16134208939685,-0.44662476,1.3661346,9.670639

16134219010486,-0.46025085,1.3209686,9.766632

16134229081286,-0.4337921,1.160965,9.767822

16134239152087,-0.40478516,1.0533142,9.75412

16134249222888,-0.36869812,1.0917969,9.6987915

16134259293689,-0.35038757,1.135025,9.677628

16134269364490,-0.3767395,1.1901093,9.742294

16134267441882,-0.42904663,1.3361969,9.658737

16134279435290,-0.4103241,1.2352905,9.81395

16134289506091,-0.4610901,1.2570343,9.902176

16134299576892,-0.49090576,1.2531738,9.926483

16134309647693,-0.4776764,1.19664,9.8194275

16134319718493,-0.47155762,1.1547699,9.725357

16134329789294,-0.47877502,1.1403351,9.655594

16134339860095,-0.47843933,1.1525726,9.60939

16134349930896,-0.46520996,1.2103271,9.603378

16134360001697,-0.46090698,1.2755432,9.612381

16134370072497,-0.47050476,1.352417,9.644821

16134380143298,-0.4801178,1.3919373,9.6575775

16134390214099,-0.4897461,1.3774872,9.641937

16134400284900,-0.53715515,1.3459778,9.689972

16134410355700,-0.6345978,1.2918396,9.822296

16134420426501,-0.68370056,1.3072357,9.947556

16134430497302,-0.67407227,1.407074,10.0642395

16134440568103,-0.677536,1.472229,10.209366

16134450638904,-0.6955719,1.498703,10.3862

16134460709704,-0.7320404,1.4538727,10.659271

16134470780505,-0.7873688,1.335968,11.030991

16134466660632,-0.5752106,1.3088226,9.992706

16134480851306,-0.83961487,1.1604614,11.516098

16134490922107,-0.8889313,0.9306946,12.107941

16134500992908,-0.9684906,0.76683044,12.7656555

16134511063708,-1.0741882,0.65992737,13.480331

16134521134509,-1.2033234,0.54159546,14.177582

16134531205310,-1.3512878,0.41409302,14.860855

16134541276111,-1.4680786,0.30389404,15.392441

16134551346911,-1.5619049,0.20645142,15.812271

16134561417712,-1.5559845,0.103378296,16.112686

16134571488513,-1.4827118,-0.0035247803,16.332504

16134581559314,-1.4033813,-0.09802246,16.361511

16134591630115,-1.3202515,-0.18476868,16.271149

16134601700915,-1.1799469,-0.27082825,16.101242

16134611771716,-1.0074005,-0.35650635,15.886459

16134621842517,-0.83732605,-0.51597595,15.59613

16134631913318,-0.66848755,-0.71235657,15.268036

16134641984118,-0.52049255,-1.0640564,14.82756

16134652054919,-0.38237,-1.4892426,14.333893

16134662125720,-0.22294617,-1.5425262,13.78714

16134672196521,-0.054275513,-1.4340973,13.21727

16134666001452,-0.9703522,-0.24794006,14.818909

16134682267322,0.044799805,-1.2537689,12.654968

16134692338122,0.11697388,-1.0456696,12.095596

16134702408923,0.123672485,-1.1165619,12.005524

16134712479724,0.1076355,-1.2842712,12.078293

16134722550525,0.10366821,-1.4540558,11.295746

16134732621325,0.102493286,-1.6243134,10.315308

16134742692126,0.28134155,-0.73713684,8.773315

16134752762927,0.509552,0.43995667,7.077347

16134762833728,0.54196167,1.2311249,5.5135803

16134772904529,0.5263214,1.9276428,3.982193

16134782975329,0.36889648,2.7232819,2.891098

16134793046130,0.18122864,3.5400848,1.8938599

16134803116931,-0.28564453,4.3012543,0.7398987

16134813187732,-0.8035736,5.052246,-0.44270325

16134823258533,-1.1526947,5.9476624,-1.7658691

16134833329333,-1.4861603,6.856476,-3.1020813

16134843400134,-1.7873535,7.7230988,-4.147995

16134853470935,-2.084488,8.584427,-5.1572876

16134863541736,-2.309143,9.229416,-6.0024567

16134873612536,-2.526535,9.852798,-6.8312225

16134865342273,-0.5452118,3.3054657,3.0408325

16134883683337,-2.530075,10.599747,-7.228363

16134893754138,-2.5168457,11.3564,-7.5916443

16134903824939,-2.420288,11.944061,-7.479843

16134913895740,-2.3192139,12.5225525,-7.342224

16134923966540,-2.221878,12.291367,-6.795334

16134934037341,-2.124588,12.055237,-6.245941

16134944108142,-1.6789703,11.29422,-5.7508698

16134954178943,-1.2293396,10.52388,-5.251236

16134964249743,-0.8107147,9.443649,-4.1818237

16134974320544,-0.39746094,8.36647,-3.1168518

16134984391345,-0.15605164,7.3875885,-2.1944122

16134994462146,0.07948303,6.423355,-1.2842407

16135004532947,0.19935608,5.747223,-0.6150818

16135014603747,0.31929016,5.0724335,0.054229736

16135024674548,0.46618652,4.8421326,0.7849884

16135034745349,0.60575867,4.597885,1.520935

16135044816150,0.6719208,4.214142,2.3088684

16135054886950,0.74076843,3.8007355,3.0586243

16135064957751,0.83099365,3.1523438,3.5061188

16135064683093,-0.5963898,7.75296,-2.2509766

16135075028552,0.89653015,2.5558167,3.9453583

16135085099353,0.801651,2.2963715,4.3309174

16135095170154,0.677063,1.9966431,4.758484

16135105240954,0.38616943,1.4713287,5.4212646

16135115311755,0.13296509,0.99264526,6.2486877

16135125382556,0.019744873,0.6871643,7.6875916

16135135453357,-0.10115051,0.3240509,9.079636

16135145524158,-0.2539215,-0.2786255,10.276566

16135155594958,-0.39091492,-0.7868347,11.424301

16135165665759,-0.4703064,-0.95043945,12.39267

16135175736560,-0.53860474,-1.1165314,13.26561

16135185807361,-0.57102966,-1.2906952,13.830109

16135195878161,-0.62586975,-1.3947601,14.493225

16135205948962,-0.74635315,-1.2935638,15.444992

16135216019763,-0.89686584,-1.2058411,16.370865

16135226090564,-1.1250763,-1.1529999,17.229645

16135236161365,-1.2737274,-1.0168915,17.850204

16135246232165,-1.234024,-0.68367004,17.906738

16135256302966,-1.1564484,-0.49934387,17.91658

16135266373767,-0.99765015,-0.634079,17.82637

16135264023913,-0.49118042,-0.31887817,12.772491

16135276444568,-0.850708,-0.65571594,17.536102

16135286515368,-0.72680664,-0.4572296,16.856445

16135296586169,-0.6241455,-0.16329956,16.260483

16135306656970,-0.55918884,0.29981995,15.812988

16135316727771,-0.5052643,0.73402405,15.306717

16135326798572,-0.469162,1.1213684,14.705246

16135336869372,-0.41368103,1.4403534,13.990799

16135346940173,-0.32948303,1.6580963,13.109039

16135357010974,-0.26979065,1.8777161,12.309891

16135367081775,-0.24336243,2.0999298,11.622879

16135377152575,-0.22015381,2.2190552,11.006699

16135387223376,-0.20098877,2.2082825,10.479813

16135397294177,-0.17506409,2.1575623,10.027512

16135407364978,-0.14102173,2.0589447,9.664688

16135417435779,-0.1083374,1.9913788,9.3520355

16135427506579,-0.07751465,1.9654846,9.106644

16135437577380,-0.07817078,1.9488678,8.990982

16135447648181,-0.110702515,1.9416351,9.006638

16135457718982,-0.12878418,1.8860626,9.002838

16135467789783,-0.13360596,1.7860565,8.981155

16135463364734,-0.27598572,1.5451813,11.676331

16135477860583,-0.19270325,1.7033234,9.214615

16135487931384,-0.29704285,1.634964,9.660767

16135498002185,-0.36114502,1.5278168,9.9318695

16135508072986,-0.3937378,1.3902588,10.065811

16135518143786,-0.35694885,1.2776947,10.106155

16135528214587,-0.2715454,1.182663,10.080902

16135538285388,-0.19792175,1.1491699,9.942993

16135548356189,-0.1318512,1.1551819,9.732803

16135558426990,-0.12452698,1.212326,9.576218

16135568497790,-0.15211487,1.299881,9.451492

16135578568591,-0.1767273,1.3583527,9.363419

16135588639392,-0.19969177,1.40065,9.295746

16135598710193,-0.21932983,1.4969177,9.159668

16135608780993,-0.23735046,1.6194305,8.990311

16135618851794,-0.2121582,1.5999451,8.982849

16135628922595,-0.16764832,1.5169525,9.047806

16135638993396,-0.1993866,1.3808289,9.294357

16135649064197,-0.26193237,1.2232513,9.614349

16135659134997,-0.2722931,1.1694641,9.732239

16135669205798,-0.26365662,1.1534271,9.776627

16135662186755,-0.24028015,1.3469086,9.587326

16135679276599,-0.23083496,1.2162781,9.909836

16135689347400,-0.1920929,1.2984619,10.064819

16135699418200,-0.19647217,1.3775635,10.093994

16135709489001,-0.21330261,1.4557495,10.086777

16135719559802,-0.1947174,1.4591827,10.030746

16135729630603,-0.16708374,1.443573,9.96228

16135739701404,-0.1590271,1.3856812,9.882843

16135749772204,-0.15542603,1.318222,9.800919

16135759843005,-0.14035034,1.3580933,9.744278

16135769913806,-0.12307739,1.4185181,9.69249

16135779984607,-0.13217163,1.4879608,9.603577

16135790055408,-0.14389038,1.5583191,9.510956

16135800126208,-0.18338013,1.5795288,9.450043

16135810197009,-0.22668457,1.5939636,9.393509

16135820267810,-0.263443,1.5770264,9.461365

16135830338611,-0.299469,1.5566101,9.54303

16135840409411,-0.4008789,1.4929962,9.653702

16135850480212,-0.5081024,1.4255219,9.7669525

16135860551013,-0.5660858,1.4584808,9.953079

16135870621814,-0.62106323,1.4975739,10.1436615

16135861680163,-0.26527405,1.459732,9.796555

16135880692615,-0.611969,1.5225372,9.97171

16135890763415,-0.6024933,1.5474243,9.797546

16135900834216,-0.51823425,1.4885559,9.668137

16135910905017,-0.43333435,1.4285736,9.540085

16135920975818,-0.43333435,1.3948975,9.522049

16135931046618,-0.43304443,1.3608856,9.505707

16135941117419,-0.42222595,1.3151703,9.550217

16135951188220,-0.40927124,1.267334,9.591446

16135961259021,-0.35466003,1.1778564,9.568207

16135971329822,-0.30003357,1.0883942,9.544952

16135981400622,-0.34118652,1.0559692,9.488846

16135991471423,-0.3831787,1.0337067,9.441879

16136001542224,-0.43362427,1.1129761,9.486328

16136011613025,-0.47961426,1.190033,9.532867

16136021683825,-0.48924255,1.2489777,9.596634

16136031754626,-0.50717163,1.3046265,9.6519165

16136041825427,-0.58055115,1.3383026,9.650711

16136051896228,-0.64682007,1.3745422,9.640396

16136061967029,-0.67329407,1.4250641,9.579056

16136061295642,-0.48736572,1.3042908,9.577087

16136072037829,-0.7007904,1.4604187,9.53598

16136082108630,-0.73327637,1.4231415,9.58049

16136092179431,-0.7426605,1.3940125,9.6026

16136102250232,-0.65605164,1.398819,9.531631

16136112321033,-0.59143066,1.3697357,9.511902

16136122391833,-0.6070709,1.2169495,9.679108

16136132462634,-0.61816406,1.0860748,9.815338

16136142533435,-0.6145477,1.0259247,9.851425

16136152604236,-0.6131134,1.0063629,9.915085

16136162675036,-0.6179199,1.1038055,10.058228

16136172745837,-0.65019226,1.1948395,10.231461

16136182816638,-0.753479,1.2693024,10.482483

16136192887439,-0.8690338,1.3098602,10.749496

16136202958240,-1.0136108,1.2700958,11.054306

16136213029040,-1.1499481,1.1725006,11.378494

16136223099841,-1.2688446,0.952713,11.743622

16136233170642,-1.3535309,0.7911682,12.04689

16136243241443,-1.3715668,0.74305725,12.229736

16136253312243,-1.3402405,0.72702026,12.361816

16136263383044,-1.2213287,0.7678528,12.403854

16136260636462,-0.9015503,1.0929108,10.762039

16136273453845,-1.1483612,0.7708893,12.566666

16136283524646,-1.1507721,0.7119446,12.927551

16136293595447,-1.1902313,0.5976715,13.398605

16136303666247,-1.2852631,0.40039062,14.034958

16136313737048,-1.4207001,0.21133423,14.664337

16136323807849,-1.6116791,0.033569336,15.284119

16136333878650,-1.7584381,-0.1232605,15.761795

16136343949450,-1.8488007,-0.25338745,16.058167

16136354020251,-1.8076172,-0.18061829,15.997192

16136364091052,-1.6142426,0.12686157,15.522751

16136374161853,-1.4243317,0.33538818,15.092865

16136384232654,-1.2381592,0.43748474,14.710922

16136394303454,-1.0219574,0.30116272,14.470688

16136404374255,-0.7757416,-0.07357788,14.372208

16136414445056,-0.56921387,-0.46794128,14.3016815

16136424515857,-0.39959717,-0.8805542,14.257172

16136434586658,-0.37077332,-1.2276306,14.327515

16136444657458,-0.46220398,-1.5187378,14.495926

16136454728259,-0.5050659,-1.3101654,14.157898

16136464799060,-0.5098877,-0.70988464,13.422882

16136460007800,-1.0760345,-0.20819092,14.543976

16136474869861,-0.47755432,-0.31936646,12.2821045

16136484940661,-0.41851807,-0.0796051,10.849579

16136495011462,-0.2924652,-0.0019226074,9.553299

16136505082263,-0.12284851,-0.02960205,8.345551

16136515153064,-0.12516785,0.10700989,7.1449585

16136525223865,-0.22966003,0.34121704,5.9486847

16136535294665,-0.5342102,0.84651184,4.7430115

16136545365466,-0.9486542,1.5007019,3.5322113

16136555436267,-1.2966309,2.4224854,1.7982025

16136565507068,-1.6118011,3.4762878,-0.19390869

16136575577868,-1.7033997,4.772751,-2.1901245

16136585648669,-1.6949768,6.17778,-4.188202

16136595719470,-1.5531464,7.5051575,-5.78981

16136605790271,-1.3573608,8.801163,-7.2311554

16136615861072,-1.2585602,9.674744,-8.01767

16136625931872,-1.1955719,10.392349,-8.562347

16136636002673,-1.1944275,10.501785,-8.639603

16136646073474,-1.2084503,10.462036,-8.602203

16136656144275,-1.1090393,10.347305,-8.366821

16136666215075,-0.97509766,10.209747,-8.0711975

16136659287585,-0.98558044,5.281891,-1.1629028

16136676285876,-1.3610382,10.158478,-7.5862427

16136686356677,-1.8819122,10.129608,-7.0521393

16136696427478,-1.5461273,10.528992,-7.0628815

16136706498279,-1.0160522,11.025482,-7.1971893

16136716569079,-1.1215363,10.2291565,-5.563736

16136726639880,-1.3569489,9.168594,-3.5690002

16136736710681,-1.3815308,8.389893,-3.3897247

16136746781482,-1.3850403,7.639389,-3.3920593

16136756852283,-1.1290436,6.178421,-2.1132812

16136766923083,-0.8341675,4.6110077,-0.6425476

16136776993884,-0.61227417,3.8618622,0.68496704

16136787064685,-0.39846802,3.2036438,1.9965973

16136797135486,-0.2992401,2.7090912,3.1598206

16136807206286,-0.21022034,2.229126,4.3098297

16136817277087,-0.31666565,2.0236053,5.250061

16136827347888,-0.43571472,1.8358307,6.1767273

16136837418689,-0.53479004,1.308609,6.9539795

16136847489490,-0.63386536,0.7813873,7.731247

16136857560290,-0.48686218,0.45881653,8.617035

16136858597888,-0.8465729,5.0400543,0.84588623

16136867631091,-0.3355255,0.1396637,9.503708

16136877701892,-0.26335144,-0.3018036,10.031799

16136887772693,-0.20191956,-0.7448883,10.581207

16136897843493,-0.5736389,-1.2525482,11.989883

16136907914294,-0.9376526,-1.765213,13.385635

16136917985095,-1.1398315,-2.3833923,14.510452

16136928055896,-1.3420258,-3.0016022,15.6353

16136938126697,-1.3999176,-2.241516,15.608826

16136948197497,-1.4272461,-1.4506073,15.508972

16136958268298,-1.1533966,-0.39364624,14.710251

16136968339099,-0.9223938,0.50009155,14.005966

16136978409900,-1.0412903,0.06048584,14.073227

16136988480700,-1.1622162,-0.43156433,14.2473755

16136998551501,-1.2969513,-1.2832489,15.154388

16137008622302,-1.4354248,-1.984726,16.060852

16137018693103,-1.5954132,-1.8247375,16.964264

16137028763904,-1.7209167,-1.5753326,17.66867

16137038834704,-1.6776123,-0.88845825,17.399216

16137048905505,-1.6057739,-0.30900574,17.097702

16137058976306,-1.4130096,-0.184906,16.66037

16137057877673,-1.201477,-1.0915527,15.037186

16137069047107,-1.2273407,-0.102767944,16.237534

16137079117908,-1.0675964,-0.17362976,15.867584

16137089188708,-0.9041443,-0.20803833,15.460754

16137099259509,-0.7285156,-0.12261963,14.932648

16137109330310,-0.5509796,0.04714966,14.275864

16137119401111,-0.36784363,0.46400452,13.242157

16137129471911,-0.18815613,0.83306885,12.2005005

16137139542712,-0.017333984,1.0784607,11.138306

16137149613513,0.1386261,1.2790833,10.138931

16137159684314,0.25994873,1.3751678,9.286133

16137169755115,0.3453369,1.4590454,8.57341

16137179825915,0.35375977,1.5167999,8.160797

16137189896716,0.30633545,1.5235443,7.8629456

16137199967517,0.15019226,1.4310608,7.7884827

16137210038318,0.06880188,1.2920837,7.7539673

16137220109118,0.12173462,1.0695343,7.79126

16137230179919,0.113601685,0.9367523,7.9023743

16137240250720,0.005340576,0.95118713,8.134537

16137250321521,-0.07357788,0.94493103,8.384506

16137260392322,-0.10845947,0.90763855,8.661179

16137257218493,-0.09579468,0.8872528,10.225739

16137270463122,-0.18641663,0.7832031,9.050858

16137280533923,-0.32354736,0.53900146,9.595779

16137290604724,-0.42289734,0.31929016,10.007675

16137300675525,-0.47462463,0.13041687,10.251877

16137310746325,-0.47782898,0.06259155,10.417984

16137320817126,-0.4249115,0.13476562,10.493774

16137330887927,-0.37139893,0.29908752,10.399261

16137340958728,-0.31726074,0.5613251,10.123779

16137351029529,-0.29782104,0.72190857,9.990143

16137361100329,-0.31225586,0.78326416,9.994949

16137371171130,-0.31654358,0.8249359,10.006729

16137381241931,-0.31175232,0.84895325,10.02475

16137391312732,-0.33909607,0.92352295,9.983719

16137401383533,-0.393219,1.0402069,9.893509

16137411454333,-0.39282227,1.0730438,9.848953

16137421525134,-0.35072327,1.0417633,9.839325

16137431595935,-0.31498718,1.0423126,9.764648

16137441666736,-0.28370667,1.0651703,9.644348

16137451737536,-0.26341248,1.0543213,9.580475

16137461808337,-0.2501831,1.0218353,9.552811

16137456528796,-0.34858704,0.7170563,9.966278

16137471879138,-0.23849487,1.025711,9.558456

16137481949939,-0.22769165,1.0508881,9.583633

16137492020740,-0.22465515,1.0216675,9.636185

16137502091540,-0.2258606,0.9625397,9.703751

16137512162341,-0.26185608,0.9164734,9.78656

16137522233142,-0.31478882,0.8767853,9.876785

16137532303943,-0.3309784,0.9013672,9.950302

16137542374743,-0.3309784,0.95428467,10.016464

16137552445544,-0.31381226,0.9496155,9.9288025

16137562516345,-0.28977966,0.9219818,9.779877

16137572587146,-0.23266602,0.89378357,9.639618

16137582657947,-0.16349792,0.86538696,9.502518

16137592728747,-0.15383911,0.9022064,9.502274

16137602799548,-0.1585083,0.9547272,9.534958

16137612870349,-0.15403748,0.912323,9.503662

16137622941150,-0.14678955,0.8410187,9.452911

16137633011950,-0.17402649,0.7882538,9.54216

16137643082751,-0.21006775,0.7402191,9.6670685

16137653153552,-0.20692444,0.80584717,9.610733

16137663224353,-0.19490051,0.89727783,9.513306

16137655869616,-0.22599792,0.90486145,9.664688

16137673295154,-0.145401,0.88227844,9.386826

16137683365954,-0.08859253,0.84646606,9.254669

16137693436755,-0.09298706,0.84002686,9.26709

16137703507556,-0.103515625,0.83651733,9.293976

16137713578357,-0.14381409,0.87924194,9.307938

16137723649158,-0.1884613,0.92871094,9.319992

16137733719958,-0.27520752,0.9185028,9.504166

16137743790759,-0.36662292,0.9016571,9.707474

16137753861560,-0.40153503,0.925827,9.826538

16137763932361,-0.4316101,0.9534912,9.938416

16137774003161,-0.49224854,0.88464355,10.0130005

16137784073962,-0.5547333,0.80989075,10.085297

16137794144763,-0.5276184,0.79219055,10.069977

16137804215564,-0.5004883,0.7745056,10.054642

16137814286365,-0.45510864,0.8344116,9.937439

16137824357165,-0.40959167,0.8956604,9.818756

16137834427966,-0.42643738,0.92453,9.836807

16137844498767,-0.4439087,0.9518585,9.855286

16137854569568,-0.48721313,0.9169769,9.891373

16137855179919,-0.36239624,0.8784485,9.726807

16137864640368,-0.5298767,0.880249,9.9340515

16137874711169,-0.55892944,0.804718,10.115326

16137884781970,-0.5879822,0.729187,10.2966

16137894852771,-0.6812897,0.76872253,10.617874

16137904923572,-0.7672272,0.7956543,10.930344

16137914994372,-0.77441406,0.68788147,11.147064

16137925065173,-0.78871155,0.57351685,11.406326

16137935135974,-0.867157,0.399765,12.048264

16137945206775,-0.92962646,0.23387146,12.687195

16137955277575,-0.88272095,0.12200928,13.305496

16137965348376,-0.87080383,-0.032730103,13.985245

16137975419177,-1.0596619,-0.43330383,15.0173645

16137985489978,-1.2633514,-0.8184967,16.13768

16137995560779,-1.5396118,-1.1283875,17.689514

16138005631579,-1.7926636,-1.4322662,19.039078

16138015702380,-1.9454498,-1.710144,19.514236

16138025773181,-2.0524445,-1.8788757,19.847305

16138035843982,-1.9862823,-1.6346741,19.642792

16138045914783,-1.8555756,-1.469986,19.365433

16138055985583,-1.5091248,-1.5710297,18.844574

16138054520740,-1.2145691,-0.47694397,15.1645355

16138066056384,-1.2464752,-1.7165375,18.237778

16138076127185,-1.2332458,-1.9944305,17.375244

16138086197986,-1.2088928,-2.1565704,16.40207

16138096268786,-1.1548309,-2.010025,15.1336975

16138106339587,-1.104248,-1.7957306,13.804962

16138116410388,-1.0620728,-1.416214,12.329102

16138126481189,-1.0168915,-1.0448456,10.943039

16138136551990,-0.9651642,-0.6911926,9.752136

16138146622790,-0.92274475,-0.44230652,8.668015

16138156693591,-0.89868164,-0.40020752,7.7946777

16138166764392,-0.8737793,-0.27052307,7.017166

16138176835193,-0.84736633,0.016555786,6.411804

16138186905993,-0.84625244,0.32521057,5.904907

16138196976794,-0.8872223,0.66978455,5.5615387

16138207031589,-0.9998474,0.96313477,4.8786926

16138217102390,-1.219986,1.1796722,3.6865845

16138227173191,-1.4892731,1.5537872,2.2775726

16138237243991,-1.8260956,2.1444244,0.5706024

16138247314792,-2.0900116,3.0144653,-1.4657745

16138257385593,-2.2620392,4.236679,-3.9174347

16138253784519,-1.2645569,0.36547852,6.726837

16138267456394,-2.1844635,5.6122284,-6.2842712

16138277527194,-1.8181152,7.165268,-8.553177

16138287597995,-1.5477295,8.388504,-10.439468

16138297668796,-1.3805237,9.257019,-11.914276

16138307739597,-1.2568817,10.079544,-12.69928

16138317810398,-1.1762848,10.856674,-12.802734

16138327881198,-1.1624908,11.437317,-12.44017

16138337951999,-1.2093353,11.839691,-11.654633

16138348022800,-1.1668243,11.781738,-10.445663

16138358093601,-1.0489349,11.335449,-8.87944

16138368164402,-0.92222595,10.059265,-6.9361877

16138378235202,-0.78871155,8.140579,-4.7011414

16138388306003,-0.489151,7.1983795,-2.7770386

16138398376804,-0.07171631,6.949356,-1.0736389

16138408447605,-0.019546509,6.0690002,0.5225525

16138418518405,-0.20480347,4.778244,2.0490723

16138428589206,0.054885864,4.465637,2.971634

16138438660007,0.57896423,4.734268,3.5352936

16138448730808,0.78263855,4.9838104,4.0569916

16138458801609,0.8079834,5.2227173,4.5553284

16138453125339,-0.5623474,8.067398,-4.782028

16138468872409,0.99357605,5.358032,4.6426086

16138478943210,1.2582397,5.4422455,4.52713

16138489014011,1.2827759,5.2276154,4.659897

16138499084812,1.1999054,4.8792877,4.903717

16138509155612,1.1664124,4.4836884,5.1691284

16138519226413,1.1531677,4.06868,5.44339

16138529297214,1.1956024,3.7357483,5.870041

16138539368015,1.2585907,3.4331512,6.3529816

16138549438816,1.2315826,3.0694122,6.922119

16138559509616,1.1824799,2.690689,7.512436

16138569580417,1.0766754,2.6171112,7.918457

16138579651218,0.953598,2.6364136,8.268387

16138589722019,0.697464,2.3886414,9.169159

16138599792819,0.40678406,2.0715485,10.212936

16138609863620,0.21911621,1.6832123,11.066544

16138619934421,0.055267334,1.2784119,11.87616

16138630005222,-0.0107421875,0.9512329,12.652206

16138640076023,-0.05760193,0.6392517,13.421692

16138650146823,-0.046066284,0.7458954,13.6501465

16138660217624,-0.02848816,0.8959656,13.8224945

16138652466159,0.73280334,2.7567902,8.717773

16138670288425,-0.034729004,1.1126709,13.79335

16138680359226,-0.0443573,1.3388214,13.735596

16138690430027,0.007522583,1.3653717,13.524643

16138700500827,0.066467285,1.3689728,13.296082

16138710571628,0.067977905,1.1892395,13.239822

16138720642429,0.06437683,0.99316406,13.198929

16138730713230,-0.014373779,0.93969727,13.220703

16138740784030,-0.09817505,0.8962555,13.246521

16138750854831,-0.24986267,1.1196747,13.27356

16138760925632,-0.40156555,1.3431091,13.300613

16138770996433,-0.4389801,1.2806244,13.059448

16138781067234,-0.473938,1.2118988,12.813034

16138791138034,-0.516037,1.122879,12.755295

16138801208835,-0.5568085,1.0379333,12.6996765

16138811279636,-0.54356384,1.1173401,12.729752

16138821350437,-0.5319977,1.19487,12.74353

16138831421237,-0.55529785,1.2333374,12.414871

16138841492038,-0.57850647,1.2721405,12.08606

16138851562839,-0.56484985,1.4272614,11.711288

16138851776462,-0.3105011,1.2238312,12.847717

16138861633640,-0.54634094,1.588913,11.327499

16138871704441,-0.4753723,1.8210907,10.846329

16138881775241,-0.41255188,2.0229034,10.376938

16138891846042,-0.41856384,1.9688568,10.007004

16138901916843,-0.4326477,1.9111938,9.660568

16138911987644,-0.5037384,1.828064,9.479858

16138922058444,-0.6490936,1.7242279,9.4752655

16138932129245,-1.2204895,1.5016937,10.4809265

16138942200046,-1.6808777,1.4381561,11.239532

16138952270847,-1.597992,2.152832,10.789108

16138962341648,-1.5198364,2.662613,10.367416

16138972412448,-1.4620056,2.2867126,10.069824

16138982483249,-1.3626862,1.9665985,9.775238

16138992554050,-1.1092377,1.8536987,9.4917755

16139002624851,-0.83218384,1.7526703,9.2217865

16139012695652,-0.47610474,1.6913147,8.996841

16139022766452,-0.26464844,1.6139374,8.893204

16139032837253,-0.48358154,1.4888153,9.15065

16139042908054,-0.6801605,1.4436951,9.38208

16139052978855,-0.81707764,1.6118469,9.544235

16139051117282,-0.8722687,1.8289337,9.809891

16139063049655,-0.9593811,1.708313,9.703369

16139073120456,-1.1148071,1.6299896,9.855179

16139083191257,-1.2401733,1.6168671,9.959137

16139093262058,-1.3002319,1.7453766,9.959137

16139103332859,-1.3607178,1.8434906,9.91423

16139113403659,-1.4220581,1.8807831,9.7795105

16139123474460,-1.4714355,1.9562988,9.67128

16139133545261,-1.4990234,2.10141,9.611328

16139143616062,-1.5338135,2.1701355,9.630615

16139153686862,-1.5808716,2.1085968,9.785065

16139163757663,-1.6574707,2.0638428,9.953186

16139173828464,-1.7789764,2.0445862,10.142044

16139183899265,-1.8727722,1.9947205,9.904373

16139193970066,-1.9280243,1.9022369,9.073196

16139204040866,-1.8531189,1.7808228,8.448288

16139214111667,-1.6101379,1.6220245,8.089813

16139224182468,-1.6735077,1.7006836,8.352371

16139234253269,-2.1000519,2.0608063,9.351166

16139244324069,-2.212799,2.1790771,10.010162

16139254394870,-1.8834229,1.9565887,10.190384

16139250427585,-1.6504211,1.9112854,9.603027

16139264465671,-1.6197968,1.8417511,10.297287

16139274536472,-1.4219208,1.834549,10.330856

16139284607273,-1.2563629,1.76828,10.181808

16139294678073,-1.1212158,1.6464081,9.86084

16139304748874,-1.0241394,1.6265259,9.462769

16139314819675,-0.95918274,1.692688,8.999634

