96694844641107,-0.29051208,-4.7387543,8.7118225

96694852453607,0.12843323,-4.898239,8.607086

96694860266107,0.33790588,-4.6840057,8.509491

96694868078607,0.17842102,-4.6506805,8.618988

96694877478021,0.021316528,-4.6554413,8.611847

96694901770013,0.123672485,-4.6173553,8.676117

96694911749261,0.1641388,-4.8173065,8.63327

96694926824944,0.10939026,-4.872055,8.671356

96694946813958,0.037979126,-4.5483246,8.754669

96694956823724,0.07606506,-4.4911957,8.797516

96694967352288,0.13319397,-4.5269012,8.828461

96694977453607,0.16651917,-4.6173553,8.683258

96694986853021,0.11891174,-4.6816254,8.733246

96694996862786,0.1712799,-4.5864105,8.75943

96695006994622,0.10462952,-4.524521,8.814178

96695017462151,0.1474762,-4.51976,8.747528

96695027441399,0.099868774,-4.5269012,8.709442

96695037451165,0.12843323,-4.6197357,8.809418

96695047460931,0.14509583,-4.4721527,8.754669

96695057012933,0.19508362,-4.410263,8.833221

96695067480462,0.17366028,-4.4388275,8.816559

96695077490228,0.24983215,-4.5864105,8.804657

96695087469476,0.20222473,-4.667343,8.752289

96695097509759,0.10700989,-4.705429,8.657074

96695107061761,0.13557434,-4.826828,8.733246

96695117559808,0.15461731,-4.800644,8.569

96695127569573,0.14033508,-4.6578217,8.642792

96695137487786,0.19032288,-4.705429,8.69278

96695132727044,0.14390564,-4.595688,8.744675

96695147497552,0.21888733,-4.6697235,8.685638

96695157110589,0.17366028,-4.833969,8.716583

96695203466790,0.18458557,-4.7704163,8.65567

96695213537591,0.1869812,-4.7716064,8.653275

96695223608392,0.1921997,-4.688202,8.687866

96695233679192,0.1993103,-4.548401,8.747101

96695243749993,0.23048401,-4.4255066,8.796066

96695253820794,0.27830505,-4.314316,8.837906

96695263891595,0.31973267,-4.304367,9.076263

96695273962396,0.35691833,-4.3619385,9.445648

96695284033196,0.43540955,-3.9628448,9.449112

96695294103997,0.53974915,-3.278061,9.223648

96695304174798,0.43730164,-3.2661743,9.204529

96695314245599,0.21357727,-3.649002,9.3064575

96695324316399,0.16473389,-3.9988098,9.242828

96695334387200,0.18556213,-4.335449,9.113251

96695344458001,0.22026062,-4.2704315,9.068878

96695354528802,0.26216125,-3.9962158,9.068878

96695364599603,0.2920227,-4.012924,8.977615

96695374670403,0.31593323,-4.1731415,8.841309

96695368902581,0.27626038,-4.205078,8.993423

96695384741204,0.32279968,-4.297867,8.810547

96695394812005,0.3216095,-4.405792,8.829742

96695404882806,0.3005066,-4.277298,8.851166

96695414953607,0.27062988,-4.0444946,8.873566

96695425024407,0.28749084,-3.9046936,8.853287

96695435095208,0.3173828,-3.7908325,8.821075

96695445166009,0.31658936,-3.9864197,8.865692

96695455236810,0.30337524,-4.3071136,8.94136

96695465307610,0.31732178,-4.6160736,8.932861

96695475378411,0.3413086,-4.920685,8.893295

96695485449212,0.30993652,-4.7518463,8.902847

96695495520013,0.25964355,-4.4213715,8.929199

96695505590814,0.2521515,-4.441986,8.832947

96695515661614,0.25836182,-4.5749817,8.697479

96695525732415,0.2709961,-4.8394775,8.627609

96695535803216,0.2848053,-5.128586,8.570023

96695545874017,0.27764893,-5.0217133,8.590698

96695555944817,0.26441956,-4.8003693,8.634003

96695566015618,0.28173828,-4.6058197,8.710449

96695576086419,0.306839,-4.4181213,8.795334

96695569036858,0.29267883,-4.4850006,8.799423

96695586157220,0.54467773,-4.09848,8.463806

96695596228021,0.8337097,-3.7470856,8.032074

96695606298821,0.59347534,-3.4045868,8.8050995

96695616369622,0.23799133,-3.0640259,9.840454

96695626440423,0.22137451,-3.34964,9.588669

96695636511224,0.23988342,-3.70018,9.20343

96695646582024,0.25691223,-3.8426971,9.167404

96695656652825,0.27366638,-3.9480743,9.193756

96695666723626,0.31202698,-3.9524689,9.194336

96695676794427,0.35386658,-3.9405212,9.19075

96695686865228,0.39369202,-4.002487,9.050735

96695696936028,0.43319702,-4.075531,8.890289

96695707006829,0.40493774,-3.9634094,8.880096

96695717077630,0.3675995,-3.826477,8.89006

96695727148431,0.3586731,-3.8990479,8.958191

96695737219232,0.35064697,-3.9781647,9.028137

96695747290032,0.3206787,-3.9175262,9.010757

96695757360833,0.2881012,-3.8403015,8.983002

96695767431634,0.28442383,-3.843048,8.947723

96695777502435,0.28323364,-3.8526306,8.911789

96695769171136,0.36909485,-3.7951813,9.011276

96695787573235,0.30665588,-3.9081116,8.982147

96695797644036,0.3318329,-3.9668732,9.060104

96695807714837,0.34933472,-4.0219574,9.00975

96695817785638,0.3664093,-4.0768585,8.952423

96695827856439,0.3301239,-4.1121826,8.95694

96695837927239,0.29367065,-4.147461,8.961639

96695847998040,0.30081177,-4.0135193,9.082718

96695858068841,0.30918884,-3.8748322,9.207062

96695868139642,0.33283997,-3.7770844,9.135254

96695878210442,0.35679626,-3.6800842,9.059814

96695888281243,0.25323486,-4.156296,8.875793

96695898352044,0.1499176,-4.63591,8.691116

96695908422845,0.15820312,-5.1055603,8.507751

96695918493646,0.16648865,-5.575226,8.324387

96695928564446,0.15805054,-5.4606323,8.418091

96695938635247,0.15228271,-5.3461456,8.5086975

96695948706048,0.22544861,-5.2861786,8.484711

96695958776849,0.3058319,-5.197525,8.497192

96695968847649,0.5282135,-4.545929,9.225311

96695969335931,0.31576538,-4.4464417,8.914627

96695978918450,0.7275238,-3.8913422,9.905823

96695988989251,0.54911804,-3.1884613,9.806427

96695999060052,0.37734985,-2.5765991,9.68277

96696009130853,0.2944641,-3.1802826,9.234955

96696019201653,0.2450409,-3.600113,8.871475

96696029272454,0.3921814,-2.9397278,9.003555

96696039343255,0.517334,-2.3624573,9.1180725

96696049414056,0.42259216,-2.6166992,9.056915

96696059484857,0.33738708,-2.952652,9.015045

96696069555657,0.33261108,-3.9772797,9.135803

96696079626458,0.3244934,-4.8733063,9.222565

96696089697259,0.29081726,-4.78067,9.0481415

96696099768060,0.24736023,-4.6944733,8.877579

96696109838860,0.14198303,-4.6489716,8.731491

96696119909661,0.0680542,-4.6293945,8.6262665

96696129980462,0.174469,-4.7585144,8.755386

96696140051263,0.2778778,-4.860138,8.924545

96696150122064,0.3652954,-4.814636,9.307724

96696160192864,0.43177795,-4.5937805,9.591141

96696170263665,0.39585876,-3.5148773,9.386383

96696169500726,0.31814575,-3.7885132,9.114822

96696180334466,0.35687256,-2.7311249,9.2434845

96696190405267,0.30410767,-3.275589,9.378998

96696200476067,0.28648376,-3.7224884,9.411423

96696210546868,0.4122162,-3.7715912,9.023453

96696220617669,0.46609497,-3.8344574,8.742874

96696230688470,0.24816895,-3.9494019,8.868607

96696240759271,0.06996155,-4.08078,8.940308

96696250830071,0.03164673,-4.2699738,8.821762

96696260900872,0.04975891,-4.406372,8.758804

96696270971673,0.25332642,-4.3692474,8.878555

96696281042474,0.40634155,-4.245285,8.965088

96696291113274,0.40394592,-3.8543243,8.949493

96696301184075,0.37782288,-3.443863,8.981033

96696311254876,0.28442383,-2.9780426,9.146271

96696321325677,0.23902893,-2.6709442,9.2860565

96696331396478,0.32165527,-2.7871094,9.357895

96696341467278,0.40257263,-3.097992,9.371414

96696351538079,0.47920227,-3.8978882,9.23851

96696361608880,0.49325562,-4.389145,9.089584

96696371679681,0.35914612,-4.149658,8.902786

96696369635003,0.306015,-3.7837524,9.040314

96696381750482,0.25357056,-4.260193,8.701767

96696391821282,0.21179199,-5.153137,8.468979

96696401892083,0.18318176,-5.866684,8.298172

96696411962884,0.18318176,-6.190262,8.262085

96696422033685,0.22828674,-6.2781525,8.48584

96696432104485,0.36239624,-5.9009705,9.222244

96696442175286,0.4610443,-4.9287567,9.666183

96696452246087,0.4933777,-2.8439941,9.563202

96696462316888,0.46957397,-1.5770416,9.523697

96696472387689,0.34623718,-1.7602539,9.596741

96696482458489,0.2974701,-1.7647705,9.694855

96696492529290,0.3742218,-1.4685516,9.835159

96696502600091,0.44161987,-1.4884949,9.817642

96696512670892,0.49421692,-2.0073853,9.551025

96696522741692,0.45083618,-2.9463348,9.287567

96696532812493,0.26164246,-4.5233765,9.028915

96696542883294,0.12384033,-5.6436462,8.705353

96696552954095,0.060287476,-6.1041565,8.28801

96696563024896,0.014541626,-6.1224365,8.130508

96696573095696,-0.007003784,-5.5404663,8.325699

96696569769280,0.2700653,-4.185562,9.0060425

96696583166497,0.07019043,-5.4031677,8.595581

96696593237298,0.27494812,-5.840225,8.962006

96696603308099,0.43258667,-5.091797,9.098923

96696613378899,0.5322876,-2.8853455,8.953583

96696623449700,0.5279846,-1.971344,9.028397

96696633520501,0.4048462,-2.5344849,9.354797

96696643591302,0.36021423,-3.0849152,9.414261

96696653662103,0.40213013,-3.6213684,9.179565

96696663732903,0.4247589,-3.5559845,9.107712

96696673803704,0.42713928,-2.8587952,9.206787

96696683874505,0.45742798,-2.580124,9.289566

96696693945306,0.5162811,-2.7302704,9.355621

96696704016107,0.4749756,-3.2088623,9.3706665

96696714086907,0.33825684,-4.0003815,9.337082

96696724157708,0.20796204,-4.2886963,9.22966

96696734228509,0.08343506,-4.1258545,9.05603

96696744299310,0.09786987,-4.0637665,8.90361

96696754370110,0.23098755,-4.0877533,8.769287

96696764440911,0.2094574,-4.573456,8.598541

96696774511712,0.06367493,-5.430069,8.398544

96696769750970,0.33029175,-3.81398,9.059113

96696784582513,0.08850098,-5.7012024,8.412964

96696794653314,0.23750305,-5.546234,8.58342

96696804724114,0.35476685,-5.2247467,8.846695

96696814794915,0.44921875,-4.7835693,9.1766815

96696824865716,0.512619,-3.7625122,9.267105

96696834936517,0.5545349,-2.3399506,9.191666

96696845007317,0.50320435,-2.16716,9.266586

96696855078118,0.39045715,-2.8171692,9.440475

96696865148919,0.35203552,-3.4649048,9.443863

96696875219720,0.3594818,-4.111206,9.341949

96696885290521,0.37382507,-4.1430664,9.111969

96696895361321,0.39108276,-3.9153442,8.827896

96696905432122,0.32199097,-4.004013,8.763351

96696915502923,0.20289612,-4.275879,8.825897

96696925573724,0.2048645,-4.1566315,8.903152

96696935644524,0.27072144,-3.8309174,8.988174

96696945715325,0.29187012,-3.9136353,9.087463

96696955786126,0.29067993,-4.200592,9.193863

96696965856927,0.24731445,-4.2009583,9.213211

96696975927728,0.18373108,-4.063797,9.190765

96696969274896,0.33790588,-3.947754,9.094818

96696985998528,0.15830994,-4.01416,9.053268

96696996069329,0.14451599,-3.99115,8.880753

96697006140130,0.15623474,-4.550064,8.679459

96697016210931,0.17904663,-5.362015,8.465668

96697026281732,0.17869568,-5.590744,8.384186

96697036352532,0.1690979,-5.587143,8.355392

96697046423333,0.20149231,-5.3238373,8.443832

96697056494134,0.24938965,-4.9645996,8.575546

96697066564935,0.38926697,-4.77594,9.199112

96697076635735,0.5610657,-4.6464844,9.993347

96697086706536,0.5739136,-3.1148071,9.638031

96697096777337,0.5542755,-1.2965698,9.0477295

96697106848138,0.40689087,-1.7303314,9.036209

96697116918939,0.22128296,-2.8379822,9.197861

96697126989739,0.2144928,-3.6272888,9.174149

96697137060540,0.25759888,-4.3278046,9.098709

96697147131341,0.2645874,-4.50354,9.008057

96697157202142,0.26219177,-4.543045,8.913467

96697167272942,0.25671387,-4.444519,8.941208

96697177343743,0.25050354,-4.3127747,8.998383

96697169439690,0.28529358,-4.1938934,8.944626

96697187414544,0.25187683,-4.062378,9.046692

96697197485345,0.2541809,-3.79747,9.093918

96697207556146,0.3348999,-3.5367432,9.036774

96697217626946,0.43234253,-3.2769012,8.957382

96697227697747,0.43728638,-3.5056305,9.262512

96697237768548,0.4253235,-3.8236542,9.637924

96697247839349,0.4041443,-3.8003387,9.579987

96697257910149,0.38139343,-3.7189178,9.448273

96697267980950,0.35786438,-3.8278198,9.164215

96697278051751,0.33421326,-3.9660034,8.856735

96697288122552,0.27690125,-3.7495422,9.0434265

96697298193353,0.21798706,-3.5162048,9.253677

96697308264153,0.22673035,-3.4486237,9.252426

96697318334954,0.2434845,-3.4007263,9.2260895

96697328405755,0.29830933,-3.5755157,9.298584

96697338476556,0.35707092,-3.773407,9.381332

96697348547357,0.2966156,-3.9610748,9.285263

96697358618157,0.2259674,-4.147873,9.173904

96697368688958,0.14427185,-4.221237,9.064209

96697378759759,0.061782837,-4.286484,8.95462

96697369757073,0.29386902,-3.7661285,9.202179

96697388830560,0.14685059,-4.245697,8.938309

96697398901360,0.2319336,-4.2049103,8.921997

96697408972161,0.23439026,-4.354538,8.876587

96697419042962,0.23320007,-4.5125885,8.82988

96697429113763,0.2738037,-4.703171,8.874908

96697439184564,0.3157196,-4.89476,8.922806

96697449255364,0.40934753,-4.379776,9.016556

96697459326165,0.503952,-3.8516998,9.11116

96697469396966,0.6399994,-3.7070923,9.393372

96697479467767,0.774704,-3.5646362,9.675583

96697489538567,0.38494873,-3.3679657,9.57724

96697499609368,0.0060424805,-3.171997,9.47522

96697509680169,0.21351624,-3.0148926,9.17421

96697519750970,0.4092865,-2.8772888,8.882263

96697529821771,0.26582336,-3.305313,8.853561

96697539892571,0.12471008,-3.7301483,8.821411

96697549963372,0.03717041,-4.082733,8.711075

96697560034173,-0.03186035,-4.425064,8.614197

96697570104974,0.20228577,-4.599228,8.737625

96697580175774,0.43644714,-4.773407,8.861038

96697571234124,0.30029297,-3.9975128,9.011993

96697590246575,0.46385193,-4.034546,8.974396

96697600317376,0.48924255,-3.3204956,9.094299

96697610388177,0.5060272,-2.947525,9.288574

96697620458978,0.5006714,-2.6151123,9.462051

96697630529778,0.28904724,-2.660553,9.441727

96697640600579,0.10569763,-2.6983643,9.412262

96697650671380,0.16078186,-2.6720276,9.305679

96697660742181,0.20922852,-2.7540894,9.1961975

96697670812982,0.20809937,-3.6450806,9.064896

96697680883782,0.20698547,-4.5361023,8.933609

96697690954583,0.2966919,-4.743881,8.990875

96697701025384,0.3526764,-4.79776,9.05043

96697711096185,0.2087555,-3.9594727,9.119995

96697721166985,0.09199524,-3.3143463,9.163788

96697731237786,0.11709595,-3.679016,9.072922

96697741308587,0.14222717,-4.050583,8.975494

96697751379388,0.16740417,-4.455948,8.845978

96697761450189,0.18196106,-4.76622,8.741058

96697771520989,0.14962769,-4.657257,8.744644

96697770605462,0.24363708,-3.736374,9.081497

96697781591790,0.12931824,-4.573059,8.740936

96697791662591,0.1580658,-4.5898285,8.707397

96697801733392,0.18003845,-4.6441345,8.675125

96697811804192,0.17645264,-4.840515,8.647583

96697821874993,0.1768341,-4.997696,8.640167

96697831945794,0.19120789,-5.016861,8.703644

96697842016595,0.20193481,-4.9700775,8.757889

96697852087396,0.20074463,-4.70665,8.78183

96697862158196,0.19953918,-4.4222107,8.844345

96697872228997,0.198349,-4.073227,9.025436

96697882299798,0.23703003,-3.9544525,9.284897

96697892370599,0.38887024,-4.4888916,9.766739

96697902441399,0.45965576,-4.7013245,9.899689

96697912512200,0.3109436,-4.0417175,9.087753

96697922583001,0.1616211,-3.7722473,8.609772

96697932653802,0.0107421875,-4.4823303,8.970215

96697942724603,-0.047958374,-4.91745,9.163422

96697952795403,0.11154175,-4.701584,8.960754

96697962866204,0.17529297,-4.1849823,8.930084

96697972937005,0.027999878,-3.0054932,9.278534

96697970739739,0.1712799,-4.314331,9.020325

96697983007806,-0.027648926,-2.1338806,9.504303

96697993078607,0.10765076,-1.9039764,9.4743805

96698003149407,0.21557617,-1.8114014,9.435974

96698013220208,0.2694702,-1.9898224,9.38089

96698023291009,0.3095703,-2.5506287,9.302933

96698033361810,0.32391357,-3.8263397,9.182175

96698043432610,0.3584442,-4.741974,9.123459

96698053503411,0.42919922,-5.01062,9.176224

96698063574212,0.4560547,-5.0713043,9.27507

96698073645013,0.40901184,-4.7820435,9.451462

96698083715814,0.4051361,-4.3483124,9.595718

96698093786614,0.48197937,-3.644516,9.679871

96698103857415,0.55688477,-3.2453156,9.709686

96698113928216,0.6288452,-3.3088837,9.656921

96698123999017,0.73628235,-3.8387299,9.533615

96698134069817,0.89434814,-5.033783,9.309692

96698144140618,0.89886475,-5.5702515,9.101395

96698154211419,0.69499207,-5.21286,8.914307

96698164282220,0.4747467,-5.0460663,8.785828

96698174353021,0.2335968,-5.1224823,8.732101

96698170935052,0.45526123,-4.0741577,9.272873

96698184423821,-0.032287598,-5.1750183,8.637039

96698194494622,-0.32896423,-5.19783,8.490494

96698204565423,-0.45419312,-5.305771,8.417923

96698214636224,-0.38105774,-5.5121765,8.430893

96698224707024,-0.37794495,-5.6266327,8.340973

96698234777825,-0.4619751,-5.6266327,8.122986

96698244848626,-0.60687256,-5.4940033,7.6510468

96698254919427,-0.8149109,-5.2237854,6.9157257

96698264990228,-0.89315796,-5.3051453,6.712372

96698275061028,-0.84158325,-5.738083,7.04097

96698285131829,-0.83200073,-6.1762238,7.1089935

96698295202630,-0.8619385,-6.619278,6.931778

96698305273431,-0.87294006,-6.896286,6.839157

96698315344232,-0.86694336,-7.024414,6.822403

96698325415032,-0.8282318,-6.9925385,7.0095215

96698335485833,-0.7615509,-6.824051,7.370758

96698345556634,-0.80184937,-6.669037,7.503647

96698355627435,-0.92097473,-6.5239563,7.4682617

96698365698235,-1.0255127,-6.4306946,7.340744

96698375769036,-1.118454,-6.3785553,7.1401215

96698372228997,-0.76849365,-6.097473,7.4280853

96698385839837,-1.2002869,-6.283386,6.983017

96698395910638,-1.2689209,-6.1372223,6.8775177

96698405981439,-1.2910919,-6.1390533,6.761368

96698416052239,-1.2802887,-6.245941,6.6376495

96698426123040,-1.3052216,-6.2291718,6.6567383

96698436193841,-1.3536987,-6.1309814,6.7698517

96698446264642,-1.4123383,-5.9808807,6.8866425

96698456335442,-1.4756012,-5.807205,7.0050964

96698466406243,-1.4319763,-5.80867,6.956497

96698476477044,-1.3223419,-5.9183044,6.8046875

96698486547845,-1.2877502,-5.889145,6.9408875

96698496618646,-1.2949219,-5.7827454,7.2373962

96698506689446,-1.2583466,-5.7495728,7.4454346

96698516760247,-1.1983948,-5.755554,7.60614

96698526831048,-0.90286255,-6.0596466,7.97258

96698536901849,-0.489563,-6.512787,8.44191

96698546972649,-0.0921936,-6.308136,8.772324

96698557043450,0.2999878,-5.889511,9.057541

96698567114251,0.4713745,-5.1413574,9.051056

96698577185052,0.5411377,-4.241562,8.910309

96698571142571,-0.8603668,-5.802536,7.560196

96698587255853,0.6326752,-3.8916473,9.027878

96698597326653,0.7332611,-3.7707062,9.253006

96698607397454,0.844162,-4.0419006,9.4600525

96698617468255,0.9591217,-4.4669952,9.660034

96698627539056,1.2206726,-4.8412476,9.524261

96698637609857,1.536377,-5.1967316,9.264496

96698647680657,1.1816864,-5.245468,9.0486145

96698657751458,0.67497253,-5.22464,8.842682

96698667822259,0.5204315,-5.0022125,8.741135

96698677893060,0.47857666,-4.715271,8.672989

96698687963860,0.33662415,-4.815384,8.547836

96698698034661,0.16418457,-5.033325,8.405334

96698708105462,0.008178711,-5.3462524,8.280273

96698718176263,-0.14315796,-5.6861725,8.1601715

96698728247064,-0.11552429,-5.532654,8.163467

96698738317864,-0.042312622,-5.2534485,8.198212

96698748388665,-0.040527344,-4.8876038,8.490906

96698758459466,-0.048583984,-4.5098114,8.819168

96698768530267,0.19998169,-4.4056244,8.846649

96698778601067,0.5079498,-4.3647156,8.804535

96698771276849,0.47953796,-4.8301544,8.808701

96698788671868,0.49848938,-3.986267,9.018707

96698798742669,0.42556763,-3.5403137,9.284134

96698808813470,0.26275635,-4.1216583,9.061676

96698818884271,0.08314514,-4.895218,8.747955

96698828955071,0.14637756,-4.79924,8.856552

96698839025872,0.25094604,-4.555237,9.037064

96698849096673,0.25697327,-4.4725037,9.039825

96698859167474,0.25697327,-4.3996277,9.031738

96698869238274,0.29187012,-4.4599915,8.897507

96698879309075,0.33132935,-4.5377045,8.746857

96698889379876,0.2862091,-4.437668,8.68692

96698899450677,0.23103333,-4.3165436,8.637741

96698909521478,0.13240051,-4.357788,8.588654

96698919592278,0.029418945,-4.415268,8.539551

96698929663079,0.035003662,-4.5430603,8.373611

96698939733880,0.04988098,-4.6768646,8.197662

96698949804681,0.13212585,-4.8089447,8.181442

96698959875482,0.21438599,-4.941025,8.165222

96698969946282,0.27670288,-5.1217194,8.412659

96698980017083,0.33787537,-5.3052063,8.675293

96698971411126,0.21769714,-4.5618896,8.705399

96698990087884,0.22312927,-5.349182,8.744217

96699000158685,0.10118103,-5.387436,8.805191

96699010229485,0.111587524,-5.30632,8.649536

96699020300286,0.12582397,-5.2205505,8.488113

96699030371087,0.08929443,-4.9842834,8.495422

96699040441888,0.0546875,-4.771103,8.5056

96699050512689,0.055862427,-4.9832306,8.568527

96699060583489,0.05758667,-5.1915283,8.630875

96699070654290,0.11994934,-4.9840546,8.628479

96699080725091,0.17955017,-4.7862854,8.622421

96699090795892,0.12805176,-4.979065,8.469147

96699100866692,0.08818054,-5.1685486,8.338989

96699110937493,0.3564148,-5.2703247,8.821564

96699121008294,0.6088257,-5.3151855,9.281021

96699131079095,0.5509033,-4.242325,9.286819

96699141149896,0.49298096,-3.1694794,9.292603

96699151220696,0.29986572,-3.4276886,9.19017

96699161291497,0.12060547,-3.703354,9.078125

96699171362298,0.19554138,-4.1408234,8.81105

96699171575921,0.20793152,-4.7261353,8.760864

96699181433099,0.2507782,-4.5605164,8.551971

96699191503899,0.093673706,-4.788376,8.379288

96699201574700,-0.048797607,-5.028305,8.228638

96699211645501,-0.059570312,-5.3767548,8.276535

96699221716302,-0.04626465,-5.6306763,8.334595

96699231787103,0.15785217,-5.1358643,8.473145

96699241857903,0.31118774,-4.6895294,8.619019

96699251928704,0.24505615,-4.452835,8.796539

96699261999505,0.18563843,-4.27359,8.934006

96699272070306,0.16885376,-4.458267,8.817673

96699282141107,0.170578,-4.6086273,8.739838

96699292211907,0.2759552,-4.5667267,8.877533

96699302282708,0.35466003,-4.522049,8.969955

96699312353509,0.29710388,-4.4632874,8.830841

96699322424310,0.2314148,-4.456558,8.733292

96699332495110,0.12843323,-4.6888733,8.826691

96699342565911,0.06706238,-4.8542023,8.904083

96699352636712,0.18200684,-4.7356415,8.913666

96699362707513,0.27946472,-4.6020203,8.902344

96699372778314,0.30819702,-4.4092407,8.808945

96699371679681,0.18127441,-4.699951,8.706589

96699382849114,0.30174255,-4.2646027,8.745132

96699392919915,0.1668396,-4.295639,8.789307

96699402990716,0.08518982,-4.2724457,8.800827

96699413061517,0.1910553,-4.0583344,8.697372

96699423132317,0.25320435,-3.9562683,8.584702

96699433203118,0.17874146,-4.204468,8.443237

96699443273919,0.1209259,-4.518097,8.388138

96699453344720,0.09779358,-4.9681244,8.513092

96699463415521,0.09486389,-5.26239,8.626114

96699473486321,0.14755249,-5.1282654,8.706329

96699483557122,0.15150452,-5.012848,8.74884

96699493627923,0.029373169,-4.945801,8.693756

96699503698724,-0.0460968,-4.9494476,8.634842

96699513769524,-0.0077819824,-5.125473,8.566589

96699523840325,0.06289673,-5.3204803,8.525925

96699533911126,0.20800781,-5.559128,8.548706

96699543981927,0.33361816,-5.4845123,8.56044

96699554052728,0.41744995,-4.738495,8.548462

96699564123528,0.46803284,-4.16481,8.784042

96699574194329,0.45124817,-3.9405518,9.521606

96699571783440,0.19104004,-4.6818695,8.744202

96699584265130,0.42042542,-3.8610687,9.842056

96699594335931,0.3630371,-4.055969,9.372177

96699604406732,0.29240417,-4.1349792,9.066757

96699614477532,0.19766235,-4.003067,9.0607605

96699624548333,0.13572693,-3.8698883,8.934799

96699634619134,0.12974548,-3.7345886,8.604309

96699644689935,0.10592651,-3.9343872,8.405487

96699654760735,0.053237915,-4.6768036,8.419861

96699664831536,0.04446411,-5.1546326,8.434708

96699674902337,0.10322571,-5.2253876,8.450302

96699684973138,0.13012695,-5.2466583,8.483475

96699695043939,0.11099243,-5.1964417,8.5420685

96699705114739,0.12643433,-5.1396484,8.605743

96699715185540,0.19000244,-5.0736847,8.676498

96699725256341,0.25819397,-5.115692,8.76329

96699735327142,0.33242798,-5.2989044,8.871063

96699745397942,0.3629303,-5.057007,8.932419

96699755468743,0.33898926,-4.285843,8.93602

96699765539544,0.30297852,-3.8965912,8.982895

96699775610345,0.25268555,-3.9600525,9.081085

96699771948235,0.2000885,-4.5611725,8.770859

96699785681146,0.24943542,-3.983673,9.035065

96699795751946,0.29927063,-3.9623108,8.826233

96699805822747,0.28173828,-3.9290009,8.7114105

96699815893548,0.18626404,-3.8818817,8.705368

96699825964349,0.12728882,-4.0090637,8.6549225

96699836035149,0.10569763,-4.3148956,8.558975

96699846105950,0.12924194,-4.726532,8.596619

96699856176751,0.19628906,-5.2402344,8.763062

96699866247552,0.22018433,-5.12796,8.845276

96699876318353,0.204422,-4.440628,8.850128

96699886389153,0.15739441,-4.17659,8.808212

96699896459954,0.08555603,-4.2484283,8.729172

96699906530755,0.106552124,-4.725479,8.597473

96699916601556,0.19770813,-5.508606,8.42598

96699926672357,0.1775055,-5.8029633,8.337296

96699936743157,0.07826233,-5.750366,8.307404

96699946813958,0.13697815,-5.573715,8.423477

96699956884759,0.30368042,-5.3122864,8.639343

96699966955560,0.23536682,-4.4005127,8.588074

96699977026360,0.016235352,-3.0713348,8.365356

96699971838372,0.16151428,-4.551651,8.597321

96699987097161,-0.028640747,-2.6303864,8.518112

96699997167962,0.032730103,-2.7310333,8.899826

96700007238763,0.18891907,-3.349472,8.991882

96700017309564,0.38938904,-4.20961,8.948761

96700027380364,0.3251953,-4.8525543,8.82048

96700037451165,0.11172485,-5.3730316,8.644196

96700047521966,0.08578491,-5.5160065,8.568405

96700057592767,0.15882874,-5.459732,8.545654

96700067663567,0.17037964,-5.3042603,8.598831

96700077734368,0.15119934,-5.099182,8.689972

96700087805169,0.18118286,-4.403488,8.776062

96700097875970,0.23413086,-3.478836,8.859772

96700107946771,0.26312256,-3.3682098,8.889542

96700118017571,0.28407288,-3.5311432,8.901184

96700128088372,0.3468628,-4.214508,8.887756

96700138159173,0.42733765,-5.1177216,8.863724

96700148229974,0.38760376,-4.7944183,8.940796

96700158300774,0.30137634,-3.9969177,9.056946

96700168371575,0.19233704,-4.0292206,8.951828

96700178442376,0.07498169,-4.363312,8.76622

96700172003167,0.21913147,-4.3738403,8.824417

96700188513177,0.063446045,-4.8598022,8.598923

96700198583978,0.088027954,-5.4117584,8.437897

96700208654778,0.08805847,-5.500366,8.41832

96700218725579,0.08230591,-5.4796295,8.432144

96700228796380,0.19496155,-5.545639,8.647934

96700238867181,0.34869385,-5.6417236,8.933792

96700248949495,0.4091797,-4.5280914,8.97673

96700259020295,0.44032288,-3.0336761,8.943207

96700269091096,0.3408203,-3.1388397,9.080154

96700279161897,0.20291138,-3.7144928,9.267242

96700289232698,0.1824646,-3.9374695,9.134567

96700299303498,0.19364929,-4.0654907,8.915817

96700309374299,0.10675049,-4.388916,8.639053

96700319445100,0.0055389404,-4.74086,8.353821

96700329515901,0.001083374,-5.0655823,8.275391

96700339586702,0.020355225,-5.3836517,8.247681

96700349657502,0.12062073,-5.0924225,8.384338

96700359728303,0.23779297,-4.67395,8.555313

96700369799104,0.24894714,-4.3961487,8.736511

96700379869905,0.23937988,-4.1458893,8.9197235

96700372393098,0.1879425,-4.623062,8.704681

96700389940705,0.16821289,-4.048813,8.807007

96700400011506,0.08604431,-3.9790955,8.641434

96700410082307,0.16722107,-4.4174805,8.689224

96700420153108,0.25950623,-4.8904266,8.751511

96700430223909,0.34857178,-4.960022,8.67688

96700440294709,0.43719482,-4.9707947,8.582291

96700450365510,0.29777527,-4.6526184,8.756027

96700460436311,0.12867737,-4.291641,8.964706

96700470507112,0.18385315,-4.2480164,8.965134

96700480577912,0.2639618,-4.2396393,8.942413

96700490648713,0.25091553,-4.476166,9.005875

96700500719514,0.22853088,-4.7371826,9.077972

96700510790315,0.19850159,-4.545578,8.917419

96700520861116,0.16842651,-4.351227,8.755463

96700530931916,0.1306305,-4.3769836,8.775421

96700541002717,0.092315674,-4.417694,8.8077545

96700551073518,0.15734863,-4.3187103,8.827591

96700561144319,0.22799683,-4.212143,8.846756

96700571215120,0.2192688,-4.1837463,8.708115

96700581285920,0.20727539,-4.1585693,8.563004

96700572527375,0.21055603,-4.4254913,8.792755

96700591356721,0.19404602,-4.4106903,8.63002

96700601427522,0.18080139,-4.6697235,8.702301

96700611498323,0.22937012,-4.648407,8.825531

96700621569123,0.2779541,-4.627075,8.948746

96700631639924,0.20437622,-4.5815125,8.873459

96700641710725,0.13014221,-4.5358887,8.796005

96700651781526,0.08589172,-4.5000153,8.695572

96700661852327,0.044799805,-4.4726105,8.597778

96700671923127,0.12994385,-4.785614,8.606171

96700681993928,0.21154785,-5.098053,8.613037

96700692064729,0.20687866,-5.396866,8.582687

96700702135530,0.20222473,-5.6956635,8.552338

96700712206330,0.31513977,-4.735855,8.657898

96700722277131,0.41438293,-3.8409119,8.764465

96700732347932,0.301651,-3.951233,8.886795

96700742418733,0.19500732,-4.0540314,8.996506

96700752489534,0.16267395,-4.064804,8.952194

96700762560334,0.13265991,-4.064331,8.907257

96700772631135,0.12667847,-3.9469757,8.855774

96700772692170,0.19198608,-4.4883423,8.769196

96700782701936,0.1275177,-3.872635,8.824493

96700792772737,0.18986511,-4.185486,8.97525

96700802843537,0.25221252,-4.498337,9.126007

96700812914338,0.25474548,-4.622711,8.919174

96700822985139,0.24221802,-4.732956,8.732803

96700833055940,0.12348938,-4.743759,8.690826

96700843126741,0.034820557,-4.8022766,8.64035

96700853197541,0.13182068,-5.155533,8.537369

96700863268342,0.21339417,-5.414551,8.496689

96700873339143,0.20858765,-5.14592,8.804886

96700883409944,0.19902039,-4.7885437,9.0603485

96700893480745,0.1655426,-3.987503,9.051987

96700903551545,0.13542175,-3.4033813,9.0147705

96700913622346,0.12104797,-3.836853,8.842346

96700923693147,0.11073303,-4.2395935,8.680679

96700933763948,0.11793518,-4.50943,8.565552

96700943834748,0.12950134,-4.757538,8.466019

96700953905549,0.15823364,-4.920395,8.427689

96700963976350,0.20475769,-4.968338,8.502731

96700974047151,0.31611633,-4.5971527,8.991272

96700972826448,0.19032288,-4.595932,8.801804

96700984117952,0.40789795,-4.333191,9.401794

96700994188752,0.43307495,-4.4339294,9.5469055

96701004259553,0.39109802,-4.481018,9.5989685

96701014330354,0.13920593,-4.360443,9.360199

96701024401155,-0.014694214,-4.210312,9.160522

96701034471955,0.12779236,-3.9708405,9.079102

96701044542756,0.18997192,-3.8178558,8.955368

96701054613557,0.024215698,-3.9103394,8.711533

96701064684358,-0.07330322,-3.9833832,8.547363

96701074755159,0.0057373047,-4.006134,8.589279

96701084825959,0.09805298,-4.078781,8.648651

96701094896760,0.22277832,-4.2730713,8.75058

96701104967561,0.30273438,-4.4767914,8.831223

96701115038362,0.28118896,-4.7019043,8.863556

96701125109162,0.27563477,-4.762436,8.94693

96701135179963,0.30436707,-4.4702606,9.139725

96701145250764,0.3212433,-4.2144775,9.294937

96701155321565,0.3140564,-4.0324554,9.373978

96701165392366,0.32572937,-3.9857483,9.377563

96701175463166,0.3736267,-4.1988983,9.236267

96701172960725,0.22151184,-4.236023,9.055786

96701185533967,0.3896942,-4.4544983,8.980759

96701195604768,0.34777832,-4.787384,8.517349

96701205675569,0.122787476,-5.0728607,8.182587

96701215746370,-0.41845703,-5.276428,8.070023

96701225817170,-0.67189026,-5.4501953,8.014206

96701235887971,-0.45329285,-5.575119,8.051437

96701245958772,-0.27589417,-5.6623077,8.074844

96701256029573,-0.16111755,-5.6921997,8.077225

96701266100373,-0.18095398,-5.732315,8.042679

96701276171174,-0.39768982,-5.7873993,7.954056

96701286241975,-0.5288086,-5.800888,7.9561615

96701296312776,-0.540802,-5.7565155,8.084488

96701306383577,-0.5066681,-5.622055,8.2074585

96701316454377,-0.4122162,-5.3697815,8.323425

96701326525178,-0.353714,-5.1054993,8.451233

96701336595979,-0.34051514,-4.826065,8.593948

96701346666780,-0.31097412,-4.6002045,8.697037

96701356737580,-0.26202393,-4.437851,8.753143

96701366808381,-0.22909546,-4.436508,8.7604065

96701376879182,-0.2146759,-4.6214905,8.711166

96701373095002,-0.30551147,-5.2283936,8.296448

96701386949983,-0.2071991,-4.6567535,8.701218

96701397020784,-0.2071991,-4.531021,8.733551

96701407091584,-0.17881775,-4.524765,8.757599

96701417162385,-0.12133789,-4.640915,8.773178

96701427233186,-0.07234192,-4.689209,8.765106

96701437303987,-0.03163147,-4.6712494,8.733978

96701447374787,-0.037490845,-4.783142,8.630722

96701457445588,-0.08666992,-5.015808,8.460434

96701467516389,-0.14408875,-5.1467285,8.396286

96701477587190,-0.2087555,-5.1886444,8.425018

96701487657991,-0.21728516,-5.223343,8.4530945

96701497728791,-0.17901611,-5.2520447,8.480591

96701507799592,-0.18389893,-5.1506042,8.516083

96701517870393,-0.22340393,-4.9446564,8.557983

96701527941194,-0.22149658,-4.8336487,8.595856

96701538011995,-0.18792725,-4.795273,8.6306305

96701548082795,-0.13627625,-4.7951355,8.646622

96701558153596,-0.071640015,-4.8224792,8.649109

96701568224397,-0.09169006,-4.89859,8.611435

96701578295198,-0.154068,-4.9990997,8.55368

96701573259797,-0.14649963,-4.8930054,8.5963745

96701588365998,-0.18373108,-5.0721283,8.485855

96701598436799,-0.19212341,-5.127289,8.411499

96701608507600,-0.18713379,-5.165268,8.378876

96701618578401,-0.17398071,-5.1927643,8.371704

96701628649202,-0.13742065,-5.2912445,8.416611

96701638720002,-0.087127686,-5.4313354,8.49205

96701648790803,-0.05555725,-5.219925,8.59259

96701658861604,-0.03439331,-4.812851,8.707123

96701668932405,-0.07929993,-4.2061768,8.868774

96701679003205,-0.14860535,-3.525772,9.047821

96701689074006,-0.14663696,-3.6514587,9.033203

96701699144807,-0.10952759,-4.1747437,8.923035

96701709215608,-0.1124115,-4.4155426,8.853683

96701719286409,-0.13395691,-4.5245056,8.8033905

96701729357209,-0.14387512,-4.583618,8.736481

96701739428010,-0.14866638,-4.6207275,8.662247

96701749498811,-0.13337708,-4.666809,8.65361

96701759569612,-0.10972595,-4.7165985,8.672272

96701769640412,-0.12037659,-4.6236877,8.736389

96701779711213,-0.1399231,-4.4937134,8.812302

96701773485627,-0.12721252,-4.655197,8.694214

96701789782014,-0.12440491,-4.5702667,8.823639

96701799852815,-0.09553528,-4.7254486,8.81041

96701809923616,-0.06765747,-4.814041,8.819534

96701819994416,-0.040115356,-4.879898,8.836304

96701830065217,-0.04701233,-4.7692566,8.851227

96701840136018,-0.06491089,-4.602127,8.865555

96701850206819,-0.1053772,-4.564514,8.715393

96701860277620,-0.15284729,-4.5670166,8.514328

96701870348420,-0.20594788,-4.673889,8.5142975

96701880419221,-0.26000977,-4.798111,8.547653

96701890490022,-0.25915527,-4.980835,8.423935

96701900560823,-0.24351501,-5.1793213,8.257935

96701910631623,-0.1930542,-5.2007446,8.321182

96701920702424,-0.13438416,-5.1803894,8.438522

96701930773225,-0.11505127,-4.7352295,8.602097

96701940844026,-0.104263306,-4.197571,8.775726

96701950914827,-0.12010193,-4.4004974,8.750717

96701960985627,-0.14126587,-4.7515564,8.685989

96701971056428,-0.08042908,-4.9201355,8.787888

96701981127229,-0.012573242,-5.073105,8.904053

96701973619905,-0.123413086,-4.7992096,8.664932

96701991198030,-0.0076141357,-4.770584,8.789368

96702001268830,-0.01361084,-4.388626,8.63443

96702011339631,-0.12374878,-4.440918,8.648605

96702021410432,-0.24946594,-4.558258,8.68811

96702031481233,-0.21463013,-4.662018,8.816513

96702041552034,-0.15826416,-4.763962,8.956833

96702051622834,-0.053237915,-4.55484,8.624573

96702061693635,0.057388306,-4.3099976,8.238037

96702071764436,-0.19918823,-4.3622437,8.565567

96702081835237,-0.4625702,-4.419998,8.906357

96702091906037,-0.36843872,-4.362686,8.70784

96702101976838,-0.24371338,-4.295532,8.463181

96702112047639,-0.11151123,-4.591278,8.570755

96702122118440,0.021209717,-4.9117126,8.7022705

96702132189241,-0.057724,-5.0607147,8.633484

96702142260041,-0.14886475,-5.199829,8.553131

96702152330842,-0.210495,-5.255234,8.650955

96702162401643,-0.2709198,-5.30719,8.7561035

96702172472444,-0.13645935,-5.360504,8.597397

96702182543245,-2.1362305E-4,-5.4138184,8.436264

96702173723664,-0.14840698,-4.756363,8.633987

96702192614045,-0.0823822,-5.159668,8.583817

96702202684846,-0.16859436,-4.899826,8.737091

96702212755647,-0.14888,-4.4709625,8.733246

96702222826448,-0.12870789,-4.0450745,8.728134

96702232897248,-0.13830566,-4.2741394,8.668167

96702242968049,-0.14854431,-4.5031586,8.60759

96702253038850,-0.18840027,-4.7306213,8.518478

96702263109651,-0.22827148,-4.958069,8.429382

96702273180452,-0.1473999,-5.1444244,8.401886

96702283251252,-0.07002258,-5.313675,8.386597

96702293322053,-0.08917236,-5.131668,8.615295

96702303392854,-0.10522461,-4.9575806,8.822769

96702313463655,-0.07044983,-4.913208,8.682449

96702323534455,-0.04777527,-4.8571777,8.560883

96702333605256,-0.1795044,-4.652405,8.678223

96702343676057,-0.29655457,-4.441971,8.784851

96702353746858,-0.2554474,-4.170227,8.775711

96702363817659,-0.21434021,-3.8984833,8.766571

96702373888459,-0.18791199,-3.968979,8.809372

96702373857942,-0.15673828,-4.594986,8.666351

96702383959260,-0.16500854,-4.0733337,8.833801

96702394030061,-0.17100525,-4.454117,8.708069

96702404100862,-0.17277527,-4.8347626,8.583923

96702414171662,-0.14404297,-5.21434,8.4713745

96702424242463,-0.12663269,-5.519867,8.380356

96702434313264,-0.18292236,-5.3438416,8.429459

96702444384065,-0.22595215,-5.1820984,8.466187

96702454454866,-0.1912384,-5.1042633,8.430267

96702464525666,-0.14707947,-5.113022,8.405289

96702474596467,-0.052474976,-5.5848083,8.438812

96702484667268,0.024642944,-5.916519,8.505325

96702494738069,0.01625061,-5.562729,8.733185

96702504808870,-0.0060577393,-5.117447,8.925552

96702514879670,-0.0897522,-4.2685547,8.961426

96702524950471,-0.14907837,-3.6414948,8.986374

96702535021272,-0.10710144,-3.9365082,8.965988

96702545092073,-0.08192444,-4.1866302,8.92157

96702555162873,-0.12023926,-4.266861,8.78627

96702565233674,-0.16067505,-4.318207,8.675858

96702575304475,-0.20857239,-4.267914,8.653107

96702574022737,-0.12792969,-4.81279,8.648499

96702585375276,-0.24194336,-4.2899933,8.63649

96702595446077,-0.22756958,-4.549835,8.640091

96702605516877,-0.22055054,-4.7411957,8.617493

96702615587678,-0.23614502,-4.722,8.514343

96702625658479,-0.2370758,-4.712494,8.468933

96702635729280,-0.19642639,-4.730423,8.587296

96702645800080,-0.16770935,-4.705368,8.672455

96702655870881,-0.17131042,-4.563843,8.667648

96702665941682,-0.16296387,-4.514145,8.667633

96702676012483,-0.12464905,-4.6949463,8.679611

96702686083284,-0.087402344,-4.8562164,8.713272

96702696154084,-0.05267334,-4.971161,8.798294

96702706224885,-0.052368164,-4.8740387,8.83815

96702716295686,-0.1289978,-4.3028717,8.777084

96702726366487,-0.1667633,-4.0642242,8.741791

96702736437287,-0.12239075,-4.5283356,8.760986

96702746508088,-0.1166687,-4.976715,8.677612

96702756578889,-0.18721008,-5.3939667,8.391861

96702766649690,-0.24331665,-5.7390747,8.149796

96702776720491,-0.2720642,-5.9474335,7.9905396

96702774187532,-0.17292786,-4.903244,8.556625

96702786791291,-0.27720642,-6.0632477,7.9247284

96702796862092,-0.23997498,-6.012802,8.026825

96702806932893,-0.22750854,-5.8451843,8.149857

96702817003694,-0.25621033,-5.4829254,8.307678

96702827074495,-0.23606873,-5.2559204,8.420883

96702837145295,-0.13787842,-5.2451324,8.462799

96702847216096,-0.043441772,-4.9244385,8.7118225

96702857286897,0.045303345,-4.1329193,9.275482

96702867357698,0.055099487,-3.4611359,9.599945

96702877428498,-0.047714233,-2.9601746,9.583206

96702887499299,-0.13951111,-3.190216,9.359177

96702897570100,-0.21614075,-4.4247894,8.85025

96702907640901,-0.25126648,-5.0350037,8.469894

96702917711702,-0.23207092,-4.8287354,8.257614

96702927782502,-0.2655182,-4.6193695,8.245789

96702937853303,-0.3637085,-4.4062195,8.480499

96702947924104,-0.3327179,-4.410568,8.637482

96702957994905,-0.1504364,-4.6696014,8.70343

96702968065705,-0.014419556,-4.8036957,8.762512

96702978136506,0.07060242,-4.80011,8.813995

96702974291291,-0.14173889,-4.655197,8.705154

96702988207307,0.0016326904,-4.808548,8.812958

96702998278108,-0.22898865,-4.8296204,8.75676

96703008348909,-0.2989502,-4.945465,8.673096

96703018419709,-0.17610168,-5.175049,8.556442

96703028490510,-0.10391235,-5.5003967,8.516312

96703038561311,-0.07551575,-5.908539,8.542343

96703048632112,-0.13334656,-5.433716,8.669876

96703058702912,-0.2694397,-4.1575165,8.889542

96703068773713,-0.28878784,-3.4065094,8.948135

96703078844514,-0.20469666,-3.120636,8.864044

96703088915315,-0.11412048,-3.4829102,8.835953

96703098986116,-0.018173218,-4.378784,8.853943

96703109056916,0.021011353,-4.973999,8.791458

96703119127717,0.01625061,-5.3364563,8.666687

96703129198518,-0.06564331,-5.1507416,8.649063

96703139269319,-0.20803833,-4.5353546,8.715424

96703149340120,-0.2230072,-4.6321106,8.582733

96703159410920,-0.14865112,-5.2281494,8.310501

96703169481721,-0.20132446,-5.497223,8.210358

96703179552522,-0.33761597,-5.5510254,8.223511

96703174456086,-0.17744446,-4.8358765,8.624939

96703189623323,-0.34057617,-5.516098,8.271927

96703199694123,-0.2590332,-5.4249573,8.342682

96703209764924,-0.16157532,-5.2256927,8.542923

96703219835725,-0.0546875,-4.962204,8.820084

96703229906526,-0.0634613,-4.6284943,8.9756775

96703239977327,-0.11898804,-4.266388,9.082108

96703250048127,-0.07791138,-4.1561584,9.143921

96703260118928,0.014144897,-4.178879,9.182175

96703270189729,0.03237915,-4.388672,9.105118

96703280260530,0.013183594,-4.693283,8.969589

96703290331330,-0.07913208,-4.6708374,8.817963

96703300402131,-0.20605469,-4.493622,8.658707

96703310472932,-0.3260193,-4.4731903,8.478088

96703320543733,-0.44284058,-4.5229034,8.287918

96703330614534,-0.46096802,-4.927124,8.181564

96703340685334,-0.45056152,-5.433838,8.099426

96703350756135,-0.32809448,-5.40036,8.228485

96703360826936,-0.16165161,-5.154892,8.44043

96703370897737,-0.19282532,-4.8420715,8.492355

96703380968537,-0.29701233,-4.5043945,8.485168

96703374559846,-0.19410706,-4.745178,8.642075

96703391039338,-0.24726868,-4.6658173,8.619537

96703401110139,-0.14413452,-5.000412,8.803024

96703411180940,-0.009902954,-4.961014,8.941666

96703421251741,0.13426208,-4.8019257,9.065964

96703431322541,0.098861694,-4.636368,8.860779

96703441393342,0.029846191,-4.4696045,8.593948

96703451464143,-0.049972534,-4.53302,8.621613

96703461534944,-0.13298035,-4.664139,8.735886

96703471605745,-0.12440491,-4.7577057,8.718552

96703481676545,-0.09207153,-4.841522,8.6670685

96703491747346,-0.14950562,-4.8490906,8.681213

96703501818147,-0.22854614,-4.838318,8.711151

96703511888948,-0.20930481,-4.692749,8.767517

96703521959748,-0.16821289,-4.517212,8.829758

96703532030549,-0.12887573,-4.5299377,8.878403

96703542101350,-0.08972168,-4.562195,8.925613

96703552172151,-0.12173462,-4.609726,8.839447

96703562242952,-0.16737366,-4.6601715,8.727737

96703572313752,-0.20474243,-4.692032,8.700516

96703582384553,-0.2407074,-4.72081,8.687332

96703574663606,-0.10935974,-4.713516,8.776566

96703592455354,-0.24424744,-4.517563,8.644897

96703602526155,-0.24305725,-4.280472,8.59819

96703612596955,-0.34188843,-4.103592,8.521332

96703622667756,-0.4537506,-3.934555,8.4405365

96703632738557,-0.24493408,-4.5046387,8.6436

96703642809358,-0.026107788,-5.0977936,8.855515

96703652880159,0.025497437,-5.187866,8.7969055

96703662950959,0.059127808,-5.223892,8.709213

96703673021760,-0.15332031,-5.088852,8.635025

96703683092561,-0.38682556,-4.9391785,8.561981

96703693163362,-0.27479553,-5.0411224,8.489944

96703703234162,-0.13807678,-5.1610565,8.417984

96703713304963,-0.15420532,-5.1857605,8.428192

96703723375764,-0.17863464,-5.205307,8.442841

96703733446565,-0.20326233,-4.953247,8.529602

96703743517366,-0.22789001,-4.701187,8.616364

96703753588166,-0.126297,-4.479553,8.67598

96703763658967,-0.020751953,-4.258896,8.734741

96703773729768,-0.15830994,-4.285034,8.592941

96703783800569,-0.29960632,-4.314972,8.448044

96703774828401,-0.19029236,-4.713043,8.582565

96703793871370,-0.19140625,-4.328186,8.557434

96703803942170,-0.08355713,-4.3424377,8.666168

96703814012971,-0.0977478,-4.4737396,8.618851

96703824083772,-0.111953735,-4.605057,8.571533

96703834154573,-0.20988464,-4.674347,8.628189

96703844225373,-0.30397034,-4.7385406,8.68219

96703854296174,-0.27877808,-4.6605988,8.649811

96703864366975,-0.25486755,-4.578171,8.628342

96703874437776,-0.256073,-4.408142,8.821136

96703884508577,-0.25146484,-4.2464447,8.999771

96703894579377,-0.15686035,-4.2141113,8.959061

96703904650178,-0.073638916,-4.190796,8.915054

96703914720979,-0.13546753,-4.2823944,8.829178

96703924791780,-0.1973114,-4.374008,8.743301

96703934862580,-0.20765686,-4.624008,8.605576

96703944933381,-0.2131195,-4.8533173,8.492798

96703955004182,-0.1759491,-4.88089,8.615112

96703965074983,-0.14830017,-4.884613,8.724396

96703975145784,-0.19612122,-4.699295,8.730377

96703974993196,-0.1876831,-4.537369,8.714676

96703985216584,-0.23742676,-4.5241547,8.735062

96703995287385,-0.23147583,-4.4228363,8.730286

96704005358186,-0.22454834,-4.3344116,8.723328

96704015428987,-0.2108612,-4.336899,8.700928

96704025499787,-0.19932556,-4.3917694,8.680557

96704035570588,-0.19584656,-4.6412354,8.667801

96704045641389,-0.18522644,-4.881836,8.655548

96704055712190,-0.13725281,-5.076126,8.64595

96704065782991,-0.10443115,-5.185196,8.669144

96704075853791,-0.1427002,-4.8946686,8.846085

96704085924592,-0.18385315,-4.6709137,8.945114

96704095995393,-0.23782349,-4.7416687,8.70047

96704106066194,-0.2697296,-4.9227448,8.5121765

96704116136995,-0.21336365,-5.545166,8.549347

96704126207795,-0.15034485,-5.9485474,8.644897

96704136278596,-0.063064575,-5.5527954,8.953354

96704146349397,-0.034072876,-5.0438232,9.128128

96704156420198,-0.20677185,-4.143173,8.8403015

96704166490998,-0.3358307,-3.472458,8.632843

96704176561799,-0.32624817,-3.5323334,8.68074

96704175096955,-0.19934082,-4.653061,8.7308655

96704186632600,-0.32089233,-3.713562,8.654861

96704196703401,-0.32807922,-4.2559967,8.409378

96704206774202,-0.29864502,-4.806656,8.241562

96704216845002,-0.1669159,-5.380234,8.290649

96704226915803,-0.073516846,-5.7430573,8.371185

96704236986604,-0.080703735,-5.5523834,8.5342865

96704247057405,-0.09939575,-5.300476,8.712296

96704257128205,-0.14608765,-4.899338,8.926636

96704267199006,-0.1703186,-4.5886383,9.069153

96704277269807,-0.14286804,-4.485962,9.046478

96704287340608,-0.1665802,-4.3638,9.008896

96704297411409,-0.30471802,-4.198044,8.938034

96704307482209,-0.38157654,-4.0050354,8.8958435

96704317553010,-0.33247375,-3.7559662,8.912613

96704327623811,-0.29516602,-3.673523,8.869232

96704337694612,-0.28079224,-3.91539,8.708771

96704347765412,-0.2529297,-4.234558,8.550339

96704357836213,-0.2001648,-4.696274,8.39563

96704367907014,-0.1531372,-5.1155853,8.352081

96704377977815,-0.11601257,-5.4616547,8.500565

96704375231233,-0.20219421,-4.7318573,8.662079

96704388048616,-0.10383606,-5.4253693,8.64679

96704398119416,-0.13256836,-4.761978,8.789276

96704408190217,-0.17304993,-4.3729095,8.848892

96704418261018,-0.23181152,-4.4112854,8.779327

96704428331819,-0.2565155,-4.5471954,8.725876

96704438402620,-0.2314148,-4.825775,8.695984

96704448473420,-0.23414612,-5.008621,8.636185

96704458544221,-0.27612305,-5.0565796,8.534256

96704468615022,-0.31446838,-5.230255,8.408676

96704478685823,-0.34799194,-5.5703125,8.251816

96704488756623,-0.28193665,-5.855301,8.165405

96704498827424,-0.09033203,-6.0708313,8.167801

96704508898225,-0.035354614,-5.9271545,8.221893

96704518969026,-0.14433289,-5.352371,8.338058

96704529039827,-0.13696289,-4.9092712,8.483383

96704539110627,0.0033416748,-4.6166534,8.662079

96704549181428,0.014328003,-4.4817505,8.782944

96704559252229,-0.11380005,-4.5164795,8.841629

96704569323030,-0.18745422,-4.5610504,8.813797

96704579393830,-0.20527649,-4.6157227,8.697327

96704575518098,-0.18054199,-4.9501343,8.576614

96704589464631,-0.22740173,-4.765747,8.588806

96704599535432,-0.25398254,-5.0147095,8.488495

96704609606233,-0.2548523,-5.228775,8.40802

96704619677034,-0.23210144,-5.410782,8.345749

96704629747834,-0.23298645,-5.5180664,8.286041

96704639818635,-0.25453186,-5.5599823,8.228561

96704649889436,-0.18518066,-5.6653748,8.332596

96704659960237,-0.04006958,-5.8236847,8.571259

96704670031037,0.1689148,-5.317032,8.5911255

96704680101838,0.42796326,-4.2891693,8.439514

96704690172639,0.23872375,-3.8559875,8.605896

96704700243440,-0.29336548,-3.8776093,9.015488

96704710314241,-0.37539673,-3.923767,9.138535

96704720385041,-0.13795471,-3.98732,9.058182

96704730455842,0.0029449463,-4.071579,8.974396

96704740526643,0.07946777,-4.1696167,8.888306

96704750597444,0.0019989014,-4.385437,8.80571

96704760668245,-0.17428589,-4.6768646,8.725357

96704770739045,-0.10142517,-4.6301727,8.739456

96704780809846,0.121398926,-4.379944,8.810425

96704774706330,-0.06913757,-4.7147064,8.6601715

96704790880647,0.19213867,-4.3728943,8.752701

96704800951448,0.20137024,-4.464157,8.64296

96704811022248,0.15466309,-4.4826965,8.835632

96704821093049,0.07803345,-4.4623413,9.190079

96704831163850,-0.0025787354,-4.3672943,9.106674

96704841234651,-0.08520508,-4.234375,8.801315

96704851305452,-0.26597595,-4.254486,8.608307

96704861376252,-0.49383545,-4.3480377,8.4691925

96704871447053,-0.5840149,-3.9793549,8.455383

96704881517854,-0.6125946,-3.403885,8.497635

96704891588655,-0.48901367,-3.8706665,8.536011

96704901659455,-0.32144165,-4.6387177,8.573242

96704911730256,-0.29115295,-4.875702,8.52803

96704921801057,-0.3115692,-4.9165344,8.452362

96704931871858,-0.15718079,-5.5622406,8.516678

96704941942659,0.05596924,-6.4112396,8.6280365

96704952013459,0.09603882,-6.2646027,8.571564

96704962084260,0.08161926,-5.8045807,8.462265

96704972155061,-0.12133789,-5.5030365,8.29567

96704982225862,-0.3778534,-5.246521,8.112793

96704974840608,-0.18649292,-4.808975,8.574234

96704992296662,-0.39170837,-5.2268066,8.205521

96705002367463,-0.35913086,-5.252411,8.350983

96705012438264,-0.3753357,-5.3503265,8.342758

96705022509065,-0.40420532,-5.4670105,8.294647

96705032579866,-0.45040894,-5.21611,8.420029

96705042650666,-0.5005493,-4.881851,8.584778

96705052721467,-0.43171692,-4.763977,8.538406

96705062792268,-0.3369751,-4.693207,8.44606

96705072863069,-0.19563293,-4.6733856,8.604218

96705082933870,-0.045196533,-4.663513,8.811386

96705093004670,-0.21662903,-4.6509857,8.779175

96705103075471,-0.42144775,-4.6381836,8.722168

96705113146272,-0.47998047,-4.5599213,8.756592

96705123217073,-0.5148163,-4.471039,8.805832

96705133287873,-0.5085144,-4.474991,8.870728

96705143358674,-0.49653625,-4.4917603,8.93779

96705153429475,-0.50697327,-4.493576,8.929108

96705163500276,-0.5201416,-4.493576,8.911148

96705173571077,-0.56033325,-4.456894,8.842697

96705183641877,-0.6034241,-4.41626,8.768814

96705174944368,-0.4214325,-4.7411346,8.668976

96705193712678,-0.7198334,-4.3236237,8.66954

96705203783479,-0.8385315,-4.22937,8.569458

96705213854280,-0.78611755,-4.3856354,8.641922

96705223925080,-0.7196655,-4.5624237,8.728546

96705233995881,-0.80314636,-4.535187,8.855286

96705244066682,-0.8999939,-4.489746,8.985611

96705254137483,-0.84355164,-4.3405457,8.989532

96705264208284,-0.77508545,-4.183197,8.9835205

96705274279084,-0.86042786,-4.020752,9.034088

96705284349885,-0.9546356,-3.858017,9.087921

96705294420686,-0.9933319,-3.8146515,8.95311

96705304491487,-1.0320282,-3.7712708,8.818268

96705314562287,-0.9145813,-3.7443695,8.895584

96705324633088,-0.7922516,-3.717987,8.979538

96705334703889,-0.6512451,-3.8744354,9.09166

96705344774690,-0.50994873,-4.0336914,9.204224

96705354845491,-0.52742004,-4.055664,9.147263

96705364916291,-0.54559326,-4.076996,9.090012

96705374987092,-0.58706665,-4.0746307,9.058029

96705385057893,-0.6285248,-4.0722504,9.0260315

96705376055207,-0.77015686,-4.0989075,8.947952

96705395128694,-0.66000366,-4.1182556,8.958267

96705405199495,-0.69325256,-4.1604767,8.893097

96705415270295,-0.77841187,-4.0933228,8.903885

96705425341096,-0.8594818,-4.0344543,8.912827

96705435411897,-0.86068726,-4.1386414,8.885284

96705445482698,-0.86035156,-4.2325897,8.860214

96705455553498,-0.8364105,-4.167923,8.873383

96705465624299,-0.81555176,-4.1109314,8.886322

96705475695100,-0.8340759,-4.1516876,8.896194

96705485765901,-0.8519287,-4.1828156,8.901276

96705495836702,-0.86582947,-4.157318,8.878098

96705505907502,-0.875412,-4.1375275,8.857361

96705515978303,-0.8417816,-4.174759,8.860962

96705526049104,-0.76512146,-4.1987762,8.896088

96705536119905,-0.3369751,-4.1148376,9.188721

96705546190705,-0.022872925,-4.0622864,9.414627

96705556261506,-0.512619,-4.231125,9.170364

96705566332307,-0.9374542,-4.3739166,8.963272

96705576403108,-0.95106506,-4.351639,8.9917145

96705575334993,-0.7625427,-4.1817474,8.959625

96705586473909,-0.9676666,-4.3392487,9.009964

96705596544709,-0.9954376,-4.3635406,8.990295

96705606615510,-0.99902344,-4.376831,8.973297

96705616686311,-0.87031555,-4.3299255,8.970886

96705626757112,-0.68247986,-4.3376923,8.943481

96705636827912,-0.21737671,-4.6019287,8.798813

