96531493069601,-0.4452362,1.2883453,9.744904

96531500882101,-0.15245056,0.8979645,9.932953

96531516507101,-0.10246277,0.6908722,9.8472595

96531524319601,-0.20243835,1.1431427,9.737762

96531532132101,0.31410217,0.20051575,9.692535

96531539944601,0.34028625,1.7215729,9.766327

96531555569601,-0.014389038,2.1405182,9.799652

96531563382101,-0.23814392,2.0095978,9.811554

96531574215841,-0.2238617,1.773941,9.821075

96531598690938,0.080825806,1.4049835,9.702057

96531608670186,0.04988098,1.4121246,9.752045

96531623745870,0.037979126,1.5835114,9.842499

96531643765401,0.12843323,1.7120514,9.868683

96531653958272,0.102249146,1.709671,9.868683

96531664456319,-0.047714233,1.5573273,9.892487

96531672757101,0.08558655,1.5549469,9.813934

96531683865499,-0.119125366,1.7429962,9.7187195

96531693875265,-0.15483093,1.876297,9.825836

96531704403829,-0.1738739,1.6430206,9.928192

96531714016866,-0.14768982,1.4264069,9.687775

96531724514913,-0.13578796,1.2907257,9.756805

96531734524679,0.021316528,1.1812286,9.678253

96531744503927,-0.05961609,1.4763947,9.792511

96531754544210,-0.050094604,1.690628,10.054352

96531764126729,-0.14530945,1.3549957,9.987701

96531774594259,-0.21195984,1.1907501,9.918671

96531784573507,-0.29289246,1.2264557,10.268585

96531794705343,-0.15245056,1.1717072,10.387604

96531804898214,-0.07627869,1.0955353,10.1091

96531814236593,-0.13578796,1.0074615,10.085297

96531824917745,-0.30003357,0.7789459,9.873444

96531834896993,-0.52378845,0.80989075,10.028168

96531830136251,-0.11947632,1.3748779,9.927246

96531844906759,-0.52378845,0.8527374,10.142426

96531854306173,-0.3381195,0.52900696,10.344757

96531869198751,-0.25242615,0.33143616,10.356659

96531880185079,-0.21672058,0.05055237,10.268585

96531889981222,-0.18101501,-0.18986511,10.068634

96531899990987,-0.18815613,-0.8420868,9.880585

96531909420919,-0.31907654,-1.2634125,9.744904

96531920224142,-0.41667175,-1.7442474,9.456879

96531930050802,-0.45237732,-2.1679535,9.409271

96531940060567,-0.5428314,-2.446457,9.302155

96531950100851,-0.54997253,-2.7844696,8.857025

96531960171651,-0.6118622,-3.2700653,8.383331

96531969448995,-0.6451874,-3.8151703,8.709442

96531980252218,-0.51664734,-3.9437103,9.190277

96531990170431,-0.32621765,-4.019882,9.533051

96532000180196,-0.08580017,-3.8437347,9.3211975

96532010220479,-0.1334076,-3.672348,9.021271

96532019497823,-0.32383728,-3.6747284,8.154816

96532030331563,-0.43333435,-4.2126923,7.9286804

96532040249776,-0.5428314,-4.9910736,7.971527

96532035489034,-0.38002014,-2.2559052,9.302277

96532050290059,-0.48094177,-5.5171356,8.340485

96532059689474,-0.3047943,-5.7789764,8.397614

96532069577169,-0.047714233,-5.783737,8.409515

96532080410909,0.0070343018,-5.371933,8.9427185

96532090359640,-0.1000824,-4.9125214,9.030792

96532100369405,-0.3809662,-4.2841034,8.814178

96532110409688,-0.56425476,-4.1817474,8.7951355

96532119656515,-0.63090515,-4.229355,8.604706

96532130490255,-0.56663513,-4.743515,8.347626

96532140438985,-0.4857025,-5.4076385,7.964386

96532150479268,-0.44761658,-5.8503876,7.8786926

96532160519552,-0.3643036,-6.033676,7.7929993

96532169735860,-0.34526062,-6.000351,7.957245

96532180569601,-0.37382507,-5.636154,7.6977844

96532190518331,-0.47380066,-5.243393,7.812042

96532200558614,-0.49046326,-5.026779,8.138153

96532210568380,-0.52378845,-4.762558,7.99057

96532219845724,-0.5023651,-4.8482513,7.9501038

96532230679464,-0.44999695,-5.217209,8.126251

96532240597677,-0.41905212,-5.4528656,8.242889

96532235836934,-0.39727783,-5.2141113,8.261688

96532250637960,-0.3952484,-5.1576996,8.257172

96532260678243,-0.25480652,-4.819687,8.37381

96532269955587,-0.10722351,-4.6173553,8.359528

96532280758809,0.02607727,-4.6197357,8.6285095

96532290799093,0.07606506,-4.4197845,8.359528

96532300747823,0.12843323,-5.0029755,8.7308655

96532310147237,-0.04295349,-5.019638,8.685638

96532320034933,-0.07865906,-4.736374,8.790375

96532330868673,0.1879425,-4.5792694,8.928436

96532340817403,0.41407776,-4.4888153,8.82608

96532350827169,0.43312073,-4.486435,8.721344

96532360775899,0.48786926,-4.922043,8.94986

96532370114278,0.4854889,-4.9125214,8.69516

96532380948018,0.511673,-4.7601776,8.509491

96532390896749,0.6235504,-4.357895,8.516632

96532400906515,0.64497375,-4.084152,8.928436

96532410855245,0.26887512,-4.3055267,9.149811

96532420224142,0.28553772,-4.679245,9.049835

96532431088399,0.3950348,-4.5173798,8.990326

96532441006612,0.4116974,-4.2341156,9.068878

96532436245870,0.2250824,-4.6360474,8.725983

96532451016378,0.4593048,-4.1246185,9.099823

96532461026143,0.40931702,-4.2793427,9.245026

96532470303487,0.78541565,-4.4769135,9.009369

96532481076192,0.39027405,-4.19841,8.966522

96532491085958,0.20222473,-4.19841,8.7308655

96532501095724,0.14033508,-4.286484,8.768951

96532511136007,0.09272766,-4.32695,8.780853

96532520382833,0.08558655,-4.236496,8.973663

96532531155538,0.18318176,-4.269821,9.235504

96532541165304,0.28077698,-4.107956,9.035553

96532551175069,0.21174622,-4.0103607,9.192657

96532561215352,0.26649475,-4.0056,8.995087

96532570492696,0.31410217,-4.229355,8.861786

96532581234884,0.3855133,-4.6744843,8.926056

96532591275167,0.345047,-4.493576,9.430695

96532601284933,0.4355011,-3.453354,9.442596

96532611294698,0.44978333,-2.6511688,9.309296

96532620572042,0.41645813,-2.5226288,9.440216

96532631314229,0.37599182,-2.9653778,9.537811

96532641354513,0.4759674,-3.3557587,9.561615

96532636593770,0.33528137,-3.9433594,9.127197

96532651364278,0.43312073,-3.517624,9.175995

96532661374044,0.345047,-3.8270721,9.068878

96532670773458,0.3521881,-4.084152,9.111725

96532681424093,0.3117218,-4.119858,8.902252

96532691433858,0.42836,-3.929428,9.435455

96532701260518,0.38789368,-3.3890839,9.149811

96532711605977,0.3783722,-3.3819427,9.33548

96532720852804,0.3045807,-3.6414032,9.352142

96532731564474,0.28077698,-3.8913422,9.121246

96532741513204,0.23316956,-3.9817963,8.987946

96532751492452,0.31410217,-4.1127167,9.135529

96532761502218,0.34266663,-4.1746063,8.980804

96532770932149,0.37599182,-4.217453,9.099823

96532781552267,0.3045807,-3.9532318,9.030792

96532791562032,0.3117218,-3.7604218,9.268829

96532801571798,0.37123108,-3.5033417,8.997467

96532811612081,0.38789368,-3.120102,9.166473

96532821011495,0.37361145,-2.9058685,9.285492

96532831631612,0.39027405,-3.165329,9.378326

96532841641378,0.47358704,-3.2200775,8.907013

96532836880636,0.3550415,-3.6948395,9.144577

96532851651143,0.47120667,-3.3176727,9.099823

96532861691427,0.40455627,-3.5985565,9.249786

96532871060323,0.28553772,-3.967514,9.190277

96532881710958,0.3355255,-4.607834,8.976044

96532891720724,0.25221252,-4.7339935,9.085541

96532901791524,0.10700989,-4.2769623,9.028412

96532911740255,0.02607727,-4.031784,8.916534

96532921139669,0.011795044,-4.4911957,8.76181

96532931790304,0.0974884,-5.1576996,8.559479

96532941800069,0.121292114,-5.5623627,8.554718

96532951809835,0.21888733,-5.469528,8.597565

96532961850118,0.3355255,-5.155319,8.707062

96532971219015,0.57832336,-4.686386,10.111481

96532981869649,0.68544006,-2.5964203,9.2117

96532991879415,0.6306915,-1.7275848,9.049835

96533001889181,0.37123108,-2.3679047,10.004364

96533011929464,0.3688507,-3.1867523,9.27597

96533021298360,0.33076477,-3.6794891,9.006989

96533031948995,0.35456848,-4.172226,9.2569275

96533041958761,0.40931702,-4.031784,8.673737

96533037198018,0.31980896,-4.0409546,9.065903

96533051968526,0.35694885,-3.7056732,8.802277

96533061978292,0.36408997,-3.4938202,9.287872

96533071377706,0.42121887,-3.5152435,9.056976

96533082028341,0.43312073,-3.8437347,9.035553

96533092038106,0.3688507,-4.274582,8.995087

96533102047872,0.16651917,-4.610214,8.926056

96533112057638,0.057022095,-4.8934784,8.790375

96533121457052,-0.01676941,-4.8625336,8.611847

96533132107686,0.021316528,-4.84111,8.607086

96533142117452,0.08558655,-5.191025,8.609467

96533152096700,0.15699768,-5.5599823,8.411896

96533162136983,0.29267883,-5.6575775,8.392853

96533171536397,0.42359924,-5.576645,9.559235

96533182156515,0.5521393,-3.819931,9.473541

96533192135763,0.6759186,-2.3607635,8.709442

96533202176046,0.5330963,-2.972519,9.473541

96533212185811,0.21888733,-3.9056244,9.390228

96533221615743,0.37123108,-4.350754,8.911774

96533232235860,0.2379303,-4.1055756,8.809418

96533242215108,0.12605286,-2.7916107,9.730621

96533237454366,0.29232788,-4.216614,8.979263

96533252255392,0.38313293,-1.4133759,9.01413

96533262265157,0.42836,-2.2441254,9.061737

96533271695089,0.3617096,-3.7723236,9.047455

96533282315206,0.23554993,-4.4531097,9.066498

96533292324972,0.17604065,-4.45549,8.997467

96533302334737,0.22602844,-4.2793427,9.121246

96533312344503,0.25935364,-4.2150726,9.111725

96533321774434,0.21412659,-4.4650116,9.0260315

96533332394552,0.123672485,-4.350754,8.690399

96533342404317,0.10939026,-4.3864594,8.811798

96533352444601,0.14509583,-4.755417,8.742767

96533362423849,0.15937805,-5.379074,8.740387

96533371853780,0.22840881,-5.3671722,8.721344

96533382473897,0.25221252,-5.1005707,8.714203

96533392422628,0.2950592,-4.622116,8.797516

96533402523946,0.44740295,-4.2126923,9.544952

96533412503194,0.659256,-3.036789,9.797272

96533421933126,0.68782043,-1.9227753,8.999847

96533432583761,0.5164337,-2.2393646,9.642548

96533442593526,0.44978333,-3.0748749,9.39975

96533437832784,0.31791687,-3.8872986,9.05246

96533452572774,0.29981995,-3.665207,8.961761

96533462613058,0.28553772,-4.203171,9.2569275

96533472012472,0.31648254,-4.0484467,8.983185

96533482663106,0.2783966,-3.7723236,8.766571

96533492672872,0.19270325,-4.103195,9.021271

96533502682638,0.07606506,-4.3221893,8.797516

96533512753438,0.123672485,-4.3674164,9.011749

96533522091817,0.21174622,-4.107956,8.940338

96533532742452,0.28077698,-3.9341888,9.002228

96533542721700,0.24269104,-3.7437592,9.023651

96533552761983,0.21412659,-3.7675629,8.980804

96533562771749,0.26887512,-3.9341888,9.235504

96533572171163,0.29981995,-3.7056732,9.116486

96533582791280,0.44978333,-3.5985565,9.492584

96533592831563,0.5235748,-3.210556,9.266449

96533602841329,0.50453186,-2.953476,9.1736145

96533612851095,0.33076477,-3.3652802,9.349762

96533622250509,0.29743958,-3.7723236,9.221222

96533632931661,0.3950348,-4.043686,9.180756

96533642910909,0.46644592,-4.4388275,8.745148

96533638150167,0.30291748,-3.8529053,9.07637

96533652920675,0.49263,-5.0482025,8.671356

96533662930440,0.4116974,-5.057724,8.89035

96533672329854,0.261734,-4.3174286,8.961761

96533683011007,0.2879181,-4.019882,8.995087

96533692959737,0.3212433,-4.2531586,8.892731

96533702755880,0.4259796,-4.5078583,9.192657

96533712796163,0.34980774,-4.167465,9.085541

96533722409200,0.35456848,-3.691391,9.128387

96533732693624,0.43312073,-3.467636,9.216461

96533743039083,0.47120667,-3.0867767,9.045074

96533753048849,0.35694885,-2.344101,9.192657

96533763058614,0.19746399,-1.7561493,9.371185

96533772488546,0.3950348,-2.2465057,9.233124

96533782864522,0.46168518,-3.441452,9.287872

96533793118429,0.4116974,-4.686386,9.228363

96533803128194,0.261734,-5.057724,8.961761

96533813137960,0.16889954,-5.205307,8.721344

96533823239278,-0.026290894,-5.1243744,8.63327

96533833371114,0.014175415,-4.960129,8.623749

96533843197774,0.15699768,-5.110092,8.561859

96533838437032,0.31040955,-4.077484,8.994736

96533853207540,0.38075256,-5.28862,8.56662

96533863247823,0.44502258,-5.3743134,9.387848

96533872616720,0.575943,-3.9532318,9.663971

96533882534933,0.41407776,-2.1655731,8.745148

96533893368673,0.3950348,-2.325058,9.563995

96533903286886,0.35694885,-2.9891815,9.345001

96533913327169,0.42836,-3.1867523,8.945099

96533922696065,0.45454407,-3.4438324,9.285492

96533932583761,0.33314514,-3.634262,8.930817

96533943417501,0.30934143,-3.7151947,8.916534

96533953366231,0.19746399,-3.94133,8.89035

96533963375997,0.09510803,-4.603073,8.94986

96533972775411,0.035598755,-4.8363495,8.678497

96533982663106,-0.023910522,-4.6887665,8.740387

96533993496847,0.07606506,-4.610214,8.833221

96534003445577,0.19270325,-4.7482758,8.764191

96534013485860,0.22364807,-5.110092,8.864166

96534023434591,0.3950348,-5.2648163,8.702301

96534032742452,0.39027405,-5.383835,9.283112

96534043576192,0.60450745,-3.9365692,9.252167

96534038815450,0.3139801,-4.159973,9.015442

96534053524923,0.4759674,-2.5059662,9.178375

96534063504171,0.42121887,-2.2631683,9.666351

96534073574972,0.43074036,-2.4774017,9.533051

96534082821798,0.39741516,-2.5773773,9.375946

96534093655538,0.49977112,-2.9058685,9.283112

96534103604268,0.54499817,-3.312912,8.685638

96534113583517,0.40931702,-4.0103607,9.056976

96534123684835,0.28077698,-4.2198334,8.676117

96534132901143,0.14509583,-4.538803,8.69754

96534143399190,0.10939026,-4.634018,9.045074

96534153408956,0.13319397,-4.3293304,9.235504

96534163449239,0.13557434,-3.9127655,9.1093445

96534173520040,0.102249146,-3.8413544,8.799896

96534182949972,0.11177063,-4.19841,8.7308655

96534193478536,0.14033508,-4.743515,9.121246

96534203488302,0.22364807,-4.729233,9.061737

96534213498067,0.31648254,-4.7197113,8.871307

96534223538351,0.41407776,-4.891098,8.726105

96534233029317,0.4593048,-4.7577972,9.314056

96534243557882,0.640213,-3.5866547,9.428314

96534238797140,0.31958008,-3.8577728,9.079834

96534253567647,0.53071594,-2.52977,9.166473

96534263577413,0.4854889,-2.4845428,9.033173

96534273617696,0.31410217,-2.7963715,9.621124

96534283108663,0.32362366,-3.1962738,9.218842

96534293667745,0.4259796,-3.3010101,9.08078

96534303616476,0.3688507,-3.370041,8.999847

96534313626241,0.31648254,-3.672348,8.899872

96534323666524,0.31410217,-4.165085,8.673737

96534333157491,0.24745178,-4.481674,8.797516

96534343716573,0.19032288,-4.736374,8.816559

96534353695821,0.20936584,-4.315048,9.023651

96534363705587,0.23316956,-3.8794403,9.121246

96534373745870,0.23554993,-3.5842743,9.259308

96534383236837,0.21888733,-3.5914154,9.052216

96534393765401,0.34028625,-3.7723236,9.102203

96534403775167,0.3117218,-4.255539,9.047455

96534413754415,0.2879181,-4.6173553,9.037933

96534423794698,0.34742737,-4.6316376,8.945099

96534433316183,0.3855133,-4.5221405,8.999847

96534443814229,0.4521637,-3.948471,9.178375

96534439053487,0.32695007,-3.7925568,9.053757

96534453823995,0.4116974,-3.0320282,8.909393

96534463864278,0.3521881,-2.7701874,9.447357

96534473874044,0.34266663,-2.896347,9.53067

96534483487081,0.26649475,-3.248642,9.325958

96534493924093,0.25221252,-3.5937958,9.259308

96534503903341,0.28553772,-3.7604218,9.2117

96534513913106,0.2379303,-3.9389496,8.973663

96534523953390,0.17604065,-4.0984344,8.992706

96534533566427,0.31648254,-4.2222137,9.073639

96534543972921,0.42359924,-3.9151459,9.095062

96534553982686,0.39979553,-3.6104584,9.116486

96534563992452,0.2879181,-3.562851,9.416412

96534574002218,0.3045807,-3.4057465,9.333099

96534583615255,0.33314514,-3.1486664,8.880829

96534594021749,0.34742737,-3.4081268,9.330719

96534604062032,0.25697327,-3.6247406,9.216461

96534614071798,0.25221252,-3.543808,8.82132

96534624051046,0.18556213,-3.608078,9.2378845

96534633694601,0.2046051,-4.0151215,8.916534

96534644101095,0.29743958,-4.379318,8.799896

96534639340352,0.2967224,-3.589157,9.144455

96534654110860,0.34980774,-4.3864594,9.009369

96534664120626,0.35456848,-4.460251,8.787994

96534674191427,0.261734,-4.448349,8.749908

96534683773946,0.39027405,-4.5030975,9.135529

96534694241476,0.39265442,-4.3816986,9.073639

96534704190206,0.32600403,-4.1127167,9.230743

96534714230489,0.4593048,-4.231735,9.27597

96534724270772,0.44026184,-3.7128143,8.807037

96534733914327,0.39979553,-4.1817474,9.20932

96534744290304,0.3617096,-4.422165,9.08316

96534754300069,0.3617096,-4.2126923,9.071259

96534764309835,0.2545929,-3.7651825,9.252167

96534774319601,0.20222473,-2.9177704,9.14743

96534783902120,0.25221252,-2.4702606,9.20694

96534794339132,0.3212433,-2.4631195,9.306915

96534804318380,0.345047,-2.8987274,9.20694

96534814328145,0.40693665,-3.4009857,9.297394

96534824368429,0.32600403,-3.9389496,9.240265

96534833981466,0.2046051,-4.084152,9.121246

96534844387960,0.1641388,-4.267441,8.852264

96534839627218,0.32873535,-3.8630219,9.1032715

96534854397726,0.16651917,-4.6625824,8.854645

96534864407491,0.23554993,-4.9458466,8.76181

96534874417257,0.24507141,-5.114853,8.814178

96534884030294,0.34266663,-5.026779,8.745148

96534894467306,0.43074036,-4.736374,9.085541

96534904477071,0.5259552,-3.9270477,9.483063

96534914486837,0.43074036,-2.877304,9.283112

96534924466085,0.36408997,-2.8011322,9.397369

96534934109640,0.3283844,-3.634262,9.133148

96534944516134,0.3521881,-3.653305,8.907013

96534954525899,0.27601624,-3.569992,9.185516

96534964535665,0.29981995,-3.6794891,9.042694

96534974545431,0.3521881,-3.6104584,8.914154

96534984158468,0.29267883,-3.7985077,8.957001

96534994564962,0.23554993,-4.281723,8.947479

96535004574727,0.15223694,-4.3031464,9.066498

96535014615011,0.078445435,-4.0984344,9.021271

96535024594259,0.114151,-3.9080048,9.106964

96535034237813,0.14509583,-4.255539,8.833221

96535044644308,0.22840881,-4.5269012,8.961761

96535039883565,0.27983093,-4.070587,9.025085

96535054654073,0.261734,-4.1627045,9.002228

96535064663839,0.38789368,-4.315048,9.135529

96535074643087,0.50691223,-4.8482513,9.152191

96535084286642,0.49024963,-4.146042,9.121246

96535094754171,0.4593048,-3.2605438,9.20694

96535104763936,0.37123108,-3.2057953,9.544952

96535114773702,0.3855133,-3.2962494,9.433075

96535124752950,0.3212433,-3.3462372,9.354523

96535134365987,0.2712555,-3.2343597,9.306915

96535144772481,0.21888733,-3.146286,9.371185

96535154782247,0.34266663,-2.6059418,9.052216

96535164761495,0.4188385,-2.6940155,9.39975

96535174801778,0.5259552,-2.9701385,9.183136

96535184414815,0.5426178,-3.6295013,9.161713

96535194821309,0.34266663,-4.1746063,8.854645

96535204831075,0.099868774,-4.7982635,8.857025

96535214840841,-0.026290894,-4.960129,8.778473

96535224850606,0.04750061,-4.6887665,8.638031

96535234463643,0.16175842,-4.7577972,8.690399

96535244900655,0.24983215,-5.0029755,8.768951

96535240139913,0.318985,-3.8621826,9.100662

96535254879903,0.28315735,-5.16008,8.783234

96535264889669,0.345047,-4.960129,8.864166

96535274899434,0.29267883,-4.4578705,8.921295

96535284512472,0.22364807,-3.5461884,9.3402405

96535294949483,0.33076477,-3.350998,9.406891

96535304959249,0.42359924,-3.9008636,9.1093445

96535314938497,0.44740295,-4.141281,9.045074

96535324948263,0.30696106,-4.0079803,9.030792

96535334591817,0.23078918,-3.4581146,9.01413

96535345059347,0.3617096,-3.3176727,9.204559

96535355008077,0.4021759,-3.3248138,9.199799

96535365017843,0.31648254,-3.5795135,9.2378845

96535374997091,0.16651917,-3.453354,9.318817

96535384640645,0.261734,-3.4105072,9.242645

96535395047140,0.28315735,-3.4509735,9.045074

96535405056905,0.28077698,-3.6414032,9.252167

96535415036153,0.21888733,-3.774704,9.059357

96535425076436,0.2783966,-3.9698944,8.95224

96535434689474,0.2712555,-3.8794403,8.902252

96535445736837,0.3212433,-3.74852,9.185516

96535440976095,0.3023224,-3.8267212,9.105774

96535455349874,0.35456848,-3.781845,9.052216

96535465329122,0.4188385,-4.0032196,9.126007

96535475338888,0.3521881,-4.229355,9.111725

96535484768819,0.18556213,-4.205551,8.947479

96535495297384,0.0974884,-3.9913177,8.921295

96535505398702,0.15461731,-4.184128,8.847504

96535515408468,0.26411438,-4.5030975,8.7951355

96535525387716,0.28553772,-5.114853,8.680878

96535534787130,0.20222473,-5.2862396,8.533295

96535545285177,0.18080139,-5.2100677,8.738007

96535555203390,0.2712555,-5.0101166,8.6285095

96535565213155,0.3045807,-4.795883,8.699921

96535575222921,0.4355011,-4.543564,9.380707

96535584835958,0.40931702,-3.2081757,9.794891

96535595456075,0.44026184,-1.6656952,9.233124

96535605252218,0.39741516,-1.9799042,9.649689

96535615261983,0.39265442,-2.8606415,9.437836

96535625271749,0.28315735,-3.1320038,9.268829

96535635250997,0.24983215,-3.441452,9.347382

96535644772481,0.2783966,-3.9984589,8.857025

96535640011739,0.2979126,-3.9572754,9.052567

96535655362081,0.22364807,-4.531662,8.935577

96535665310811,0.19032288,-4.576889,8.95462

96535675320577,0.24269104,-4.107956,9.061737

96535685360860,0.32362366,-3.717575,9.1736145

96535694821309,0.39979553,-3.7056732,9.149811

96535705380392,0.39027405,-3.9556122,9.111725

96535715390157,0.3212433,-4.146042,9.095062

96535725399923,0.2545929,-4.1127167,9.0260315

96535735440206,0.24983215,-4.012741,9.059357

96535744870138,0.3212433,-3.922287,9.121246

96535755368184,0.34266663,-3.9341888,8.945099

96535765432973,0.35456848,-4.167465,9.064117

96535775412221,0.32600403,-4.096054,8.973663

96535785483022,0.25221252,-4.1365204,9.037933

96535794912953,0.25697327,-4.179367,9.064117

96535805441518,0.33790588,-4.1627045,9.004608

96535815451283,0.26887512,-4.062729,8.930817

96535825461049,0.25697327,-3.9984589,9.085541

96535835501332,0.26649475,-3.665207,8.842743

96535844961781,0.30220032,-3.4652557,9.14743

96535840201039,0.29411316,-4.032852,9.039246

96535855490346,0.3521881,-2.9963226,9.297394

96535865500111,0.4521637,-2.665451,9.411652

96535875509877,0.4188385,-2.8082733,9.280731

96535885550160,0.34266663,-3.9556122,9.009369

96535895010609,0.20222473,-5.1005707,8.676117

96535905600209,-0.009628296,-5.383835,8.578522

96535915518422,0.009414673,-5.1815033,8.673737

96535925528188,0.18318176,-5.088669,8.892731

96535935568471,0.27601624,-5.0934296,8.604706

96535945059438,0.25935364,-5.191025,8.464264

96535955649037,0.34742737,-5.319565,8.871307

96535965597768,0.43312073,-4.286484,9.65683

96535975577016,0.37361145,-2.3393402,9.030792

96535985617299,0.37123108,-2.65831,9.725861

96535995108266,0.48310852,-3.2843475,9.449738

96536005606313,0.3855133,-3.5937958,9.180756

96536015646596,0.26887512,-3.5009613,9.149811

96536025625844,0.2046051,-2.877304,9.033173

96536035635609,0.40455627,-2.4893036,9.199799

96536045157094,0.58070374,-2.65831,9.242645

96536040396352,0.31695557,-3.8236237,9.071503

96536055685658,0.49977112,-3.8294525,9.204559

96536065664906,0.1879425,-4.71257,9.037933

96536075674672,-0.023910522,-4.9506073,8.771332

96536085684438,-0.07627869,-5.0624847,8.573761

96536095175404,0.06892395,-4.962509,8.635651

96536105978627,0.20698547,-4.8553925,8.7308655

96536115988393,0.27363586,-4.9339447,8.668976

96536125967641,0.30934143,-4.891098,8.718964

96536135977406,0.39979553,-4.7458954,9.361664

96536145315785,0.4116974,-3.3843231,9.459259

96536155996938,0.35932922,-2.4369354,9.195038

96536166006703,0.41645813,-3.274826,9.59256

96536176016469,0.46644592,-4.167465,9.240265

96536186026234,0.45692444,-4.1436615,9.052216

96536195425648,0.3283844,-3.884201,9.066498

96536206045766,0.17842102,-3.6794891,8.7951355

96536216055531,0.19270325,-3.5866547,9.180756

96536226065297,0.2879181,-3.3057709,8.830841

96536236075063,0.31648254,-3.267685,9.328339

96536245443959,0.2879181,-3.320053,9.028412

96536240683217,0.27745056,-4.069748,9.023651

96536256094594,0.22602844,-3.5652313,9.011749

96536266104359,0.21650696,-3.9936981,9.114105

96536276083607,0.261734,-4.403122,8.973663

96536286093373,0.22602844,-4.3745575,8.88797

96536295523305,0.27601624,-4.460251,8.752289

96536306143422,0.14509583,-4.481674,8.621368

96536316122670,0.1879425,-4.629257,9.028412

96536326132436,0.29029846,-4.588791,8.990326

96536336142201,0.39265442,-4.4769135,9.049835

96536345572133,0.35694885,-4.6554413,8.847504

96536356192250,0.31886292,-4.755417,8.849884

96536365927357,0.2379303,-4.024643,9.056976

96536375967641,0.38313293,-3.165329,9.544952

96536385977406,0.38789368,-2.9629974,9.311676

96536395590443,0.4188385,-3.3271942,9.414032

96536405996938,0.3212433,-3.3605194,9.225983

96536416006703,0.23554993,-3.3676605,9.116486

96536426016469,0.23554993,-3.9103851,8.961761

96536436026234,0.2712555,-4.1293793,9.073639

96536445639272,0.261734,-3.87706,9.14267

96536440878529,0.28256226,-4.025482,9.048767

96536456045766,0.33790588,-4.024643,9.028412

96536466055531,0.27601624,-3.9746552,9.168854

96536476065297,0.21174622,-3.8175507,9.028412

96536486044545,0.24269104,-3.581894,9.261688

96536495688100,0.29981995,-3.6175995,9.168854

96536506094594,0.4259796,-3.7389984,9.133148

96536516104359,0.4116974,-3.7961273,9.033173

96536526114125,0.36647034,-3.6580658,8.976044

96536536093373,0.35932922,-3.3438568,9.097443

96536545736928,0.4021759,-3.0843964,9.152191

96536556143422,0.43312073,-2.991562,9.428314

96536566214223,0.41645813,-3.4938202,9.0260315

96536576162953,0.3212433,-4.7530365,8.968903

96536586477895,0.1712799,-4.924423,8.811798

96536595816273,0.059402466,-4.6244965,8.861786

96536606466908,0.052261353,-4.993454,8.688019

96536616446156,0.11653137,-5.2910004,8.671356

96536626455922,0.13557434,-4.8220673,8.992706

96536636435170,0.18080139,-4.350754,8.94986

96536645834584,0.24507141,-3.6128387,9.006989

96536641073842,0.2732849,-4.024765,9.022705

96536656485219,0.2783966,-3.3724213,9.14743

96536666464467,0.40931702,-3.691391,9.004608

96536676504750,0.39741516,-3.5533295,9.309296

96536686514516,0.4854889,-2.7844696,9.261688

96536695883412,0.41645813,-3.634262,9.228363

96536706289906,0.38075256,-4.0460663,9.202179

96536716360707,0.4188385,-4.274582,9.187897

96536726339955,0.44740295,-4.357895,8.876068

96536736349721,0.36647034,-3.729477,9.356903

96536745932240,0.32600403,-3.248642,9.366425

96536756369252,0.20222473,-3.5128632,8.928436

96536766317982,0.08796692,-3.7056732,8.964142

96536776358266,0.052261353,-3.5533295,8.868927

96536786337514,0.13795471,-3.736618,8.835602

96536795981068,0.3283844,-3.5533295,9.149811

96536806387563,0.54499817,-3.4295502,9.128387

96536816366811,0.4355011,-3.9936981,8.738007

96536826376576,0.04988098,-4.436447,8.811798

96536836386342,-0.054855347,-4.812546,8.971283

96536846029897,0.15461731,-4.750656,8.88797

96536841269154,0.29327393,-3.8088684,9.061264

96536856436391,0.34980774,-4.762558,9.216461

96536866415639,0.31648254,-4.7197113,8.930817

96536876425404,0.20222473,-4.988693,8.607086

96536886435170,0.33790588,-5.583786,9.187897

96536896078725,0.39027405,-4.0032196,9.652069

96536906454701,0.33314514,-2.3369598,8.807037

96536916830678,0.2879181,-3.1439056,9.540192

96536926687856,0.28553772,-3.3295746,9.302155

96536936728139,0.28315735,-2.6511688,9.428314

96536946127553,0.54737854,-2.1155853,9.359283

96536956747670,0.72828674,-2.0894012,9.14267

96536966757436,0.6997223,-3.4462128,9.418793

96536976736684,0.6068878,-4.315048,9.604462

96536986776967,0.4688263,-4.357895,9.897247

96536996145863,0.47358704,-3.453354,9.887726

96537006796498,0.4426422,-2.4202728,9.706818

96537016806264,0.69496155,-2.4416962,9.554474

96537026785512,1.0496368,-3.055832,9.023651

96537036825795,0.6092682,-3.8675385,9.583038

96537046225209,0.31648254,-4.06987,9.754425

96537041464467,0.47120667,-3.5576172,9.380234

96537057058949,1.2376862,-5.0363007,9.071259

96537066824574,1.351944,-5.3100433,8.8237

96537076864857,0.6759186,-5.1243744,8.902252

96537086874623,0.24269104,-5.2029266,8.89035

96537096243520,-0.0834198,-5.050583,8.921295

96537107046742,-0.35240173,-4.917282,8.88559

96537116903920,-0.42381287,-5.0791473,8.714203

96537126883168,-0.37382507,-4.9387054,8.321442

96537136923451,-0.38572693,-4.793503,7.5192566

96537146292348,-0.37382507,-4.71019,7.097931

96537156698842,-0.46903992,-4.922043,7.124115

96537166922231,-0.34049988,-5.9384613,7.3002625

96537176993031,-0.37858582,-6.621628,7.419281

96537186941762,-0.39048767,-6.981064,7.6906433

96537196341176,-0.24290466,-7.21434,7.1288757

96537207113881,-0.3809662,-6.9144135,6.8313293

96537216971059,-0.6332855,-6.328842,7.0360413

96537226980824,-0.85466003,-5.700424,7.404999

96537236990590,-0.89512634,-5.174362,7.850128

96537246390004,-0.94273376,-4.6483,7.8382263

96537241629262,-0.20065308,-5.5303497,7.938553

96537256277699,-0.74754333,-4.6554413,7.835846

96537267080922,-0.57377625,-4.922043,7.866791

96537277029652,-0.5713959,-4.9006195,7.650177

96537287039418,-0.5880585,-5.2862396,7.5240173

96537297110219,-0.5214081,-6.0479584,7.8905945

96537306326527,-0.6094818,-6.2145844,7.612091

96537317038197,-0.6856537,-6.809677,7.900116

96537327078481,-0.6523285,-6.4788055,8.240509

96537337088246,-0.44047546,-5.6194916,8.338104

96537347128529,-0.16435242,-5.345749,8.649933

96537356375356,-0.007247925,-5.4909515,8.614227

96537367087025,0.13557434,-5.7266083,8.173859

96537377127309,-0.01676941,-5.9765472,7.445465

96537387137074,-0.21672058,-6.302658,6.855133

96537397146840,-0.347641,-6.347885,7.362152

96537406424184,-0.07865906,-6.128891,8.56662

96537417135854,0.4355011,-5.5409393,9.423553

96537427206654,0.79255676,-4.77684,9.590179

96537437185902,0.6568756,-4.146042,9.2569275

96537447256703,0.68782043,-4.050827,8.964142

96537442495961,-0.17565918,-5.538437,8.188019

96537456442494,0.5259552,-4.024643,8.785614

96537467306752,0.8449249,-4.293625,8.930817

96537477224965,0.59736633,-4.441208,8.635651

96537487204213,0.35694885,-4.6173553,8.528534

96537497244496,0.15937805,-4.864914,8.588043

96537506491322,0.15223694,-5.167221,8.526154

96537517355580,0.24031067,-5.4123993,8.209564

96537527273793,0.29029846,-5.73851,8.090546

96537537253041,0.261734,-5.924179,8.169098

96537547293324,0.23554993,-6.05986,8.164337

96537556540150,0.35456848,-6.8430023,8.190521

96537567373891,1.0401154,-6.9096527,9.349762

96537577322621,0.15937805,-3.467636,8.976044

96537587301869,0.99012756,-2.1536713,8.778473

96537597342152,1.1757965,-2.6345062,9.287872

96537606588979,0.6187897,-3.3152924,9.516388

96537617422719,0.25221252,-3.9008636,8.861786

96537627340932,0.123672485,-4.26268,9.040314

96537637350697,0.061782837,-4.1627045,8.707062

96537647390981,0.18556213,-4.403122,8.649933

96537642630238,0.43133545,-4.6298523,8.699326

96537656637807,0.41645813,-4.750656,8.966522

96537667410512,0.40455627,-5.0172577,8.535675

96537677420277,0.29267883,-4.8863373,8.659454

96537687399525,0.21174622,-4.3055267,8.880829

96537697439809,0.30220032,-4.024643,8.640411

96537706686635,0.47120667,-4.153183,8.721344

96537717459340,0.5592804,-4.081772,8.63327

96537727438588,0.44978333,-4.224594,8.833221

96537737448354,0.33790588,-4.762558,8.7951355

96537747458119,0.17366028,-5.088669,8.607086

96537756735463,0.1879425,-5.057724,8.764191

96537767477650,0.15937805,-5.0624847,8.469025

96537777487416,0.21888733,-5.155319,8.645172

96537787558217,0.22364807,-5.2005463,8.754669

96537797506947,0.25221252,-5.2338715,8.645172

96537806906361,0.36408997,-5.5599823,8.495209

96537817526479,0.48786926,-5.8432465,9.247406

96537827536244,0.3855133,-4.3031464,8.978424

96537837546010,0.19032288,-2.65831,8.895111

96537847555775,0.29267883,-2.5464325,9.349762

96537842795033,0.31910706,-4.59581,8.775848

96537856955189,0.46644592,-2.6916351,9.114105

96537867575307,0.6187897,-3.210556,9.2117

96537877554555,0.6330719,-4.0793915,8.754669

96537887594838,0.50691223,-5.410019,8.330963

96537897604604,0.16651917,-6.5121307,8.083405

96537907004018,-0.073898315,-6.776352,7.9358215

96537917654652,-0.16435242,-6.224106,8.0191345

96537927633900,0.080825806,-5.7670746,8.364288

96537937643666,0.37123108,-5.6052094,8.909393

96537947653432,0.49739075,-4.898239,8.987946

96537957052846,0.4426422,-4.017502,9.159332

96537967703481,0.45454407,-3.3819427,9.064117

96537977682729,0.48072815,-3.5390472,9.097443

96537987692494,0.51405334,-4.062729,8.966522

96537997702260,0.48072815,-4.7482758,8.7308655

96538007101674,0.38075256,-5.0482025,8.492828

96538017752309,0.18318176,-4.4888153,8.240509

96538027731557,0.35932922,-3.441452,8.978424

96538037741322,0.5092926,-3.5842743,8.492828

96538047751088,0.68782043,-4.5602264,8.728485

96538042990346,0.37980652,-4.602356,8.683136

96538057150502,0.5569,-4.5673676,8.733246

96538067801137,0.29267883,-4.379318,8.959381

96538077780385,0.17366028,-4.2602997,8.88559

96538087820668,0.11653137,-4.4245453,8.588043

96538097799916,0.1879425,-5.0601044,8.576141

96538107199330,0.25935364,-5.602829,8.569

96538117849965,0.2212677,-5.762314,8.592804

96538127859731,0.20222473,-5.48143,8.457123

96538137838979,0.22602844,-5.3695526,8.297638

96538147848744,0.29981995,-5.5933075,8.259552

96538157248158,0.48786926,-6.045578,8.776093

96538167868275,0.49501038,-5.2529144,9.295013

96538177878041,0.44978333,-3.293869,8.69516

96538187887807,0.32362366,-2.8225555,9.092682

96538197867055,0.39027405,-3.2391205,9.33786

96538207296986,0.35694885,-3.793747,9.01889

96538217917104,0.33314514,-4.160324,8.902252

96538227896352,0.33076477,-4.4316864,8.640411

96538237936635,0.2545929,-4.562607,8.216705

96538247915883,0.17366028,-4.9339447,8.69754

96538243155141,0.3066101,-4.6518707,8.729553

96538257345814,0.19508362,-4.96727,8.749908

96538267965932,0.23078918,-4.474533,8.604706

96538277945180,0.2879181,-4.410263,8.716583

96538287954945,0.34980774,-4.2841034,8.595184

96538297964711,0.43312073,-4.1174774,9.042694

96538307394643,0.3783722,-4.8482513,8.645172

96538317984242,0.2712555,-5.6575775,8.690399

96538327994008,0.29267883,-5.2910004,9.095062

96538338003773,0.37123108,-4.3031464,8.8594055

96538348013539,0.4854889,-4.043686,8.804657

96538357412953,0.5354767,-4.32695,8.718964

96538368063588,0.5235748,-4.667343,8.811798

96538378042836,0.40693665,-4.5792694,8.685638

96538388052602,0.3521881,-4.807785,8.614227

96538398123402,0.41645813,-5.1648407,8.661835

96538407461781,0.4521637,-5.152939,8.483307

96538418081898,0.39265442,-5.114853,8.602325

96538428091664,0.19984436,-4.795883,8.618988

96538438101430,0.14271545,-4.186508,8.899872

96538448141713,0.20222473,-3.8342133,8.611847

96538443380971,0.34599304,-4.6513977,8.725632

96538457510609,0.2783966,-4.2841034,8.8237

96538468161244,0.31410217,-4.088913,8.968903

96538478171010,0.33314514,-3.781845,8.828461

96538488150258,0.3355255,-3.948471,8.95224

96538498160023,0.30934143,-4.269821,8.94986

96538507559438,0.29267883,-4.3864594,8.599945

96538518210072,0.3283844,-4.853012,8.704681

96538528189320,0.21888733,-5.2291107,8.464264

96538538199086,0.23078918,-5.6623383,8.328583

96538548239369,0.24507141,-5.7099457,8.423798

96538557608266,0.2712555,-5.1053314,8.766571

96538568258900,0.35456848,-4.853012,8.50473

96538578238148,0.4116974,-5.3243256,8.4166565

96538588247914,0.5021515,-5.7789764,8.395233

96538598257680,0.48310852,-6.033676,8.935577

96538607657094,0.5664215,-4.479294,8.840363

96538618277211,0.45692444,-3.0201263,8.866547

96538628286977,0.3855133,-2.9177704,9.27359

96538638296742,0.45692444,-3.5128632,9.185516

96538648306508,0.50453186,-4.0103607,8.89035

96538643545766,0.3639679,-4.5624847,8.755981

96538657705922,0.41645813,-4.1365204,8.926056

96538668356557,0.25935364,-3.8722992,8.814178

96538678335805,0.18080139,-4.0079803,8.533295

96538688345570,0.20936584,-4.71257,8.535675

96538698538441,0.261734,-5.191025,8.488068

96538707724232,0.20698547,-5.2910004,8.490448

96538718130727,0.06416321,-5.1696014,8.635651

96538728384633,0.08558655,-4.883957,8.6475525

96538738363881,0.15461731,-4.7220917,8.357147

96538748373647,0.3117218,-5.110092,8.383331

96538757773061,0.33076477,-5.6456757,8.557098

96538768332143,0.3521881,-5.5171356,8.790375

96538778402943,0.5735626,-5.655197,8.799896

96538788412709,0.6640167,-5.3171844,8.926056

96538798422475,0.6235504,-3.8080292,8.561859

96538807821889,0.49977112,-3.5723724,9.287872

96538818258900,0.40455627,-3.5009613,9.306915

96538828451772,0.33314514,-3.4485931,9.649689

96538838461537,0.28553772,-3.3033905,9.423553

96538848471303,0.39979553,-3.184372,8.842743

96538843710561,0.33088684,-4.5025024,8.797867

96538857870717,0.49739075,-3.6104584,8.88797

96538867788930,0.39027405,-4.2650604,8.590424

96538878500600,0.25221252,-4.917282,8.745148

96538888510365,0.11891174,-5.219589,8.326202

96538898520131,0.10700989,-5.3433685,8.357147

96538908590932,0.13319397,-5.4123993,8.383331

96538917807240,0.09272766,-5.088669,8.578522

96538928549428,0.21412659,-4.441208,8.735626

96538938559193,0.31648254,-4.5221405,8.585663

96538948568959,0.36408997,-4.96727,8.776093

96538958578725,0.39979553,-4.9791718,8.845123

96538967856068,0.39741516,-4.974411,8.840363

96538978598256,0.48072815,-4.9696503,8.911774

96538988608022,0.50691223,-4.036545,8.645172

96538998617787,0.48072815,-3.9913177,8.945099

96539008719106,0.46168518,-4.179367,9.01651

96539017874379,0.38789368,-4.186508,9.054596

96539028647084,0.3117218,-4.0103607,9.08078

96539038656850,0.25935364,-3.9460907,9.068878

96539048666615,0.30934143,-3.9151459,9.20694

96539043905873,0.32409668,-4.5487976,8.779068

96539058676381,0.38789368,-3.7270966,8.768951

96539067923207,0.32600403,-3.7985077,8.63327

96539078756947,0.2783966,-4.315048,9.006989

96539088705678,0.15699768,-4.6125946,8.552338

96539098684926,0.123672485,-4.860153,8.623749

96539108725209,0.2046051,-4.974411,8.423798

96539117972035,0.33314514,-5.005356,8.445221

96539128805775,0.4188385,-4.891098,8.733246

96539138754506,0.4188385,-4.819687,8.571381

96539148733754,0.38789368,-4.895859,8.666595

96539158774037,0.39027405,-4.9006195,8.602325

96539168020863,0.38075256,-4.9982147,8.742767

96539178854604,0.31410217,-4.8482513,8.895111

96539188772816,0.42359924,-4.729233,9.128387

96539198752064,0.42359924,-4.5364227,8.776093

96539208822865,0.39027405,-4.3816986,8.971283

96539218069691,0.261734,-3.7723236,8.94986

96539228872914,0.27363586,-2.9677582,9.225983

96539238821645,0.30220032,-2.9034882,9.121246

96539248800893,0.4116974,-4.06987,8.811798

96539244040150,0.33041382,-4.4003906,8.7825165

96539258841176,0.33790588,-4.917282,8.645172

96539268118520,0.28553772,-4.974411,8.7308655

96539278830189,0.261734,-5.000595,8.623749

96539288870473,0.3355255,-5.193405,8.471405

96539298880238,0.34742737,-5.5457,8.454742

96539308859486,0.36408997,-5.486191,8.583282

96539318167348,0.3950348,-4.872055,8.89035

96539328909535,0.44740295,-4.103195,9.204559

96539338888783,0.3521881,-3.3652802,9.252167

96539348898549,0.33076477,-3.4962006,9.175995

96539358908314,0.39741516,-4.06987,9.33548

96539368185658,0.4116974,-4.084152,8.261932

96539378927846,0.30934143,-4.1960297,8.852264

96539388937611,0.2379303,-4.2912445,8.871307

96539398947377,0.21412659,-4.39122,8.316681

96539408957143,0.23078918,-4.7673187,8.5642395

96539418326039,0.29267883,-5.0553436,8.583282

96539429007191,0.26887512,-4.8482513,8.6475525

96539438986439,0.32362366,-4.6125946,8.645172

96539448996205,0.23554993,-4.5983124,8.623749

96539444235463,0.318985,-4.5934296,8.736694

96539459005971,0.18080139,-4.84111,8.530914

96539468405385,0.25221252,-5.2291107,8.473785

96539479117055,0.261734,-5.2029266,8.959381

96539489004750,0.48072815,-4.7458954,8.847504

96539499045033,0.56404114,-5.1624603,9.059357

96539509054799,0.51405334,-4.274582,8.837982

96539518423695,0.34980774,-3.7270966,9.20694

96539529074330,0.3117218,-3.698532,9.575897

96539539053578,0.24983215,-3.2153168,9.114105

96539549063344,0.26649475,-2.9320526,9.278351

96539559073109,0.34266663,-2.6940155,9.102203

96539568472523,0.4426422,-3.139145,9.104584

96539579123158,0.48310852,-3.729477,8.635651

96539589102406,0.32600403,-4.9053802,8.552338

96539599112172,0.14985657,-5.7980194,8.345245

96539609121938,0.11891174,-6.116989,8.319061

96539618582387,0.12605286,-6.012253,8.152435

96539629171986,0.19032288,-5.617111,8.528534

96539639151234,0.26411438,-4.826828,8.816559

96539649161000,0.3617096,-4.7149506,8.642792

96539644400258,0.31184387,-4.5291595,8.804184

96539659170766,0.34266663,-5.152939,8.5642395

96539668570180,0.20936584,-4.6173553,8.666595

96539679220814,0.24983215,-4.4388275,9.118866

96539689230580,0.28077698,-4.724472,8.702301

96539699606557,0.32600403,-4.9268036,8.678497

96539709189076,0.2712555,-4.6006927,8.749908

96539718619008,0.2046051,-4.2222137,8.688019

96539729239125,0.28077698,-3.8746796,8.990326

96539739248891,0.43788147,-3.774704,8.985565

96539749258656,0.46644592,-3.736618,9.152191

96539759237904,0.46406555,-3.6890106,9.085541

96539768667836,0.3355255,-3.7651825,9.047455

96539779287953,0.30934143,-4.055588,9.0260315

96539789297719,0.26887512,-4.3055267,8.937958

96539799307484,0.27363586,-4.403122,8.666595

96539809317250,0.19032288,-4.538803,8.595184

96539818716664,0.19746399,-4.429306,8.764191

96539829336781,0.27601624,-4.436447,8.747528

96539839346547,0.46406555,-4.4888153,8.709442

96539849356313,0.39979553,-4.5745087,8.804657

96539844595570,0.31243896,-4.337784,8.834061

96539859366078,0.35456848,-4.595932,8.871307

96539868765492,0.24031067,-4.610214,8.678497

96539879385609,0.1712799,-4.7197113,8.578522

96539889395375,0.14509583,-4.77446,8.595184

96539899405141,0.13795471,-4.8696747,8.595184

96539909414906,0.21174622,-5.3290863,8.50235

96539918814320,0.23554993,-5.814682,8.226227

96539929464955,0.19746399,-5.886093,8.242889

96539939444203,0.26649475,-5.6052094,8.307159

96539949453969,0.4688263,-5.7551727,8.547577

96539959463734,0.5188141,-5.5147552,9.4664

96539968863148,0.2950592,-2.953476,8.857025

96539979483266,0.25697327,-2.0965424,9.378326

96539989493031,0.37123108,-2.665451,9.540192

96539999502797,0.3783722,-3.210556,8.971283

96540009512563,0.28553772,-3.774704,9.087921

96540018911977,0.20698547,-4.3816986,8.8237

96540029532094,0.20936584,-4.8434906,8.533295

96540039541859,0.15461731,-5.236252,8.50235

96540049551625,0.1641388,-5.1315155,8.69278

96540044790883,0.2635193,-4.58844,8.749908

96540059561391,0.3045807,-4.788742,8.904633

96540068930287,0.4688263,-4.350754,8.902252

96540079580922,0.34266663,-4.32695,8.792755

96540089590688,0.2950592,-4.3674164,8.985565

96540099569936,0.32600403,-4.2531586,8.964142

96540109610219,0.23554993,-4.331711,8.861786

96540118979115,0.23554993,-4.5269012,8.852264

96540129629750,0.3521881,-4.6768646,8.7951355

96540139639516,0.34266663,-4.83873,8.659454

96540149618764,0.28315735,-4.988693,8.538055

96540159659047,0.28553772,-4.8744354,8.835602

96540169027943,0.24983215,-4.4650116,8.554718

96540179678578,0.29029846,-4.5602264,8.978424

96540189688344,0.23078918,-4.350754,8.816559

96540199667592,0.23554993,-4.3245697,8.75943

96540209677357,0.2212677,-4.5602264,8.75943

96540219076772,0.22602844,-4.5721283,8.733246

96540229788441,0.21412659,-4.5292816,8.707062

96540239706654,0.29267883,-4.6959076,8.69516

96540249716420,0.3283844,-4.9910736,8.509491

96540244955678,0.28804016,-4.56868,8.780258

96540259726186,0.3521881,-5.0339203,8.688019

96540269095082,0.32600403,-4.6625824,8.735626

96540279745717,0.2950592,-4.2983856,8.818939

96540289755482,0.2783966,-4.062729,8.818939

96540299734731,0.31886292,-3.7913666,9.054596

96540309775014,0.34742737,-3.4462128,8.964142

96540319143910,0.29267883,-3.8722992,8.992706

96540329764027,0.34980774,-4.3436127,9.111725

96540339804311,0.3617096,-3.7723236,8.935577

96540349783559,0.21412659,-4.0413055,8.69516

96540359793324,0.123672485,-5.1957855,8.37619

96540369192738,0.011795044,-6.2217255,8.259552

96540379873891,0.04512024,-5.9146576,8.378571

96540389822621,-1.0681152E-4,-5.302902,8.459503

96540399832387,0.078445435,-5.1315155,8.37619

96540409842152,0.123672485,-5.319565,8.276215

96540419211049,0.2712555,-5.455246,8.371429

96540429587025,0.6187897,-5.897995,9.433075

96540439871449,0.5188141,-3.6223602,8.978424

96540449850697,0.2879181,-2.5392914,9.095062

96540445089955,0.26078796,-4.596283,8.740982

96540459860463,0.34266663,-3.2629242,9.544952

96540469900746,0.39741516,-3.8056488,8.864166

96540479178090,0.25221252,-4.5269012,9.004608

96540489889760,0.23316956,-4.962509,8.768951

96540499930043,0.24983215,-5.1315155,8.388092

96540509909291,0.18080139,-5.41716,8.264313

96540519949574,0.21888733,-5.493332,8.540436

96540529196400,0.25935364,-5.1815033,8.611847

96540539938588,0.20222473,-4.8054047,8.559479

96540549948354,0.18080139,-4.4197845,8.861786

96540559958119,0.14271545,-3.8794403,8.990326

96540569967885,0.24507141,-3.5557098,9.023651

96540579245229,0.37123108,-3.7532806,9.140289

96540589987416,0.39027405,-3.9199066,8.918915

96540599997182,0.26411438,-4.0032196,8.940338

96540610006947,0.23316956,-4.153183,8.807037

96540620016713,0.2950592,-4.172226,8.82132

96540629263539,0.35932922,-4.3626556,8.899872

96540640005727,0.345047,-4.538803,8.852264

96540650046010,0.25221252,-4.474533,8.728485

96540645285268,0.27078247,-4.390976,8.826553

96540660055775,0.2545929,-4.4388275,8.680878

96540669912953,0.22840881,-4.6578217,8.673737

96540679312367,0.24507141,-5.0220184,8.547577

96540689932484,0.19984436,-5.0743866,8.604706

96540699881215,0.22364807,-5.0410614,8.607086

96540709829945,0.22840881,-5.236252,8.561859

96540719931264,0.31886292,-4.864914,8.607086

96540729361195,0.35932922,-4.6506805,8.82132

96540740011830,0.3617096,-4.5364227,8.997467

96540749930043,0.33790588,-4.2388763,9.08078

96540759970326,0.2879181,-4.1698456,9.149811

96540769980092,0.21412659,-4.331711,8.9427185

96540779410023,0.1641388,-4.4507294,8.999847

96540790030141,0.3117218,-4.5721283,9.20932

96540799948354,0.24269104,-3.9889374,8.509491

96540809927602,0.1641388,-3.581894,8.95224

96540819937367,0.10939026,-3.9984589,8.973663

96540829458852,0.16651917,-4.345993,8.666595

96540840048451,0.36408997,-4.3626556,8.892731

96540849966664,0.3212433,-4.448349,8.557098

96540845205922,0.255188,-4.500595,8.801804

96540859976430,0.28077698,-4.481674,8.523773

96540869986195,0.1879425,-4.550705,8.740387

96540879507680,0.17366028,-4.664963,8.676117

96540890036244,0.29267883,-4.6435394,8.845123

96540900015492,0.37361145,-4.3602753,8.880829

96540910025258,0.3783722,-4.315048,8.895111

96540920065541,0.2950592,-4.379318,8.835602

96540929556508,0.21174622,-4.564987,8.764191

96540940085072,0.23554993,-4.7078094,8.811798

96540950094838,0.1879425,-4.8220673,8.747528

96540960074086,0.16889954,-4.7982635,8.849884

96540970083852,0.17604065,-4.5078583,8.830841

96540979605336,0.21412659,-4.467392,8.780853

96540990103383,0.14271545,-4.8173065,8.56662

96541000387807,0.11891174,-5.026779,8.492828

96541010397572,0.17842102,-4.9077606,8.509491

96541020376820,0.12605286,-5.269577,8.426178

96541029654164,0.19984436,-5.474289,8.449982

96541040426869,0.19508362,-4.7720795,8.557098

96541050406117,0.1712799,-4.4650116,8.576141

96541045645375,0.21543884,-4.699829,8.688019

96541060415883,0.23554993,-4.7649384,8.723724

96541070425648,0.49024963,-4.8625336,9.035553

96541079825063,0.511673,-4.1246185,9.392609

96541090445180,0.33790588,-3.0534515,8.94986

96541100454945,0.24745178,-3.8746796,9.0260315

96541110464711,0.3117218,-5.024399,8.866547

96541120474477,0.2783966,-5.1053314,8.690399

96541129873891,0.13319397,-4.883957,8.816559

96541140494008,0.19984436,-4.312668,8.902252

96541150473256,0.22364807,-3.6175995,8.876068

96541160513539,0.14985657,-3.5652313,8.718964

96541170523305,0.15461731,-4.1317596,8.873688

96541179892201,0.20222473,-4.538803,8.89035

96541190542836,0.13319397,-4.3293304,8.780853

96541200522084,0.11177063,-4.126999,8.854645

96541210531850,0.3283844,-4.903,8.804657

96541220541615,0.34980774,-5.300522,8.485687

96541229941029,0.40455627,-4.641159,8.985565

96541240591664,0.32600403,-4.3697968,8.973663

96541250570912,0.19270325,-4.4007416,8.783234

96541245810170,0.2661438,-4.396576,8.8715515

96541260580678,0.14509583,-4.436447,8.873688

96541270590443,0.1879425,-4.5721283,8.833221

96541279989857,0.24031067,-4.960129,8.676117

96541290609975,0.23316956,-5.3171844,8.471405

96541300619740,0.1641388,-4.5721283,8.580902

96541310629506,0.028457642,-4.103195,8.540436

96541320608754,0.15937805,-4.0294037,8.811798

96541330038686,0.3521881,-3.6199799,8.904633

96541340658803,0.44502258,-3.5128632,9.228363

96541350668568,0.31886292,-3.9318085,9.14267

96541360678334,0.17842102,-4.3483734,8.8237

96541370657582,0.07368469,-4.9982147,8.542816

96541380056996,0.15937805,-5.072006,8.716583

96541390707631,0.15699768,-5.038681,8.764191

96541400717397,0.15223694,-5.174362,8.542816

96541410727162,0.0974884,-5.1005707,8.4999695

96541420706410,0.17366028,-5.2910004,8.454742

96541430105824,0.5164337,-5.6909027,9.066498

96541440756459,0.46168518,-3.9341888,8.883209

96541450827260,0.2046051,-3.2438812,8.807037

96541446066518,0.22245789,-4.5473785,8.75824

96541460745473,0.24745178,-4.1579437,9.230743

96541470755238,0.36647034,-4.379318,8.902252

96541480154652,0.34742737,-4.3674164,8.976044

96541490774770,0.37599182,-4.115097,8.968903

96541500784535,0.16651917,-4.429306,8.718964

96541510794301,0.09510803,-4.5173798,8.740387

96541520804066,0.13795471,-4.474533,8.95462

96541530172963,0.102249146,-4.2960052,8.899872

96541540823598,0.13557434,-4.055588,9.054596

96541550833363,0.1308136,-4.0151215,8.985565

96541560812611,0.18556213,-4.210312,9.033173

96541570822377,0.2046051,-4.4578705,9.01651

96541580221791,0.2712555,-4.4388275,8.95462

96541590872426,0.35932922,-4.7720795,8.868927

96541600851674,0.30220032,-4.043686,8.547577

96541610861439,0.28553772,-4.2531586,9.099823

96541620871205,0.13557434,-4.1246185,8.37381

96541630270619,0.14033508,-4.1627045,8.876068

96541640921254,0.080825806,-4.0984344,8.604706

96541650900502,0.23316956,-4.0603485,8.835602

96541646139760,0.2151947,-4.2714844,8.882141

96541660910268,0.3212433,-4.1555634,8.602325

96541670920033,0.32362366,-4.3436127,8.749908

96541680288930,0.22364807,-4.6387787,8.640411

96541690939564,0.10700989,-4.9077606,8.595184

96541700979848,0.057022095,-4.9315643,8.559479

96541710714955,0.121292114,-4.891098,8.561859

96541720724721,0.19270325,-5.0553436,8.433319

96541730337758,0.22840881,-5.3695526,8.880829

96541740774770,0.29743958,-4.9529877,9.116486

96541750784535,0.42121887,-4.7458954,9.047455

96541760794301,0.3212433,-4.6744843,8.871307

96541770804066,0.24507141,-4.479294,8.776093

96541780356068,0.21174622,-4.6887665,8.804657

96541790793080,0.23554993,-4.4888153,8.864166

96541800772328,0.15223694,-4.1436615,8.778473

96541810782094,0.078445435,-4.0484467,8.764191

96541820791859,0.18080139,-3.7794647,8.768951

96541830404897,0.2545929,-3.286728,8.811798

96541840811391,0.21174622,-3.5342865,8.595184

96541850821156,0.33790588,-4.2960052,9.01651

96541846060414,0.22615051,-4.4706116,8.761932

96541860800404,0.49501038,-4.5364227,9.345001

96541870840688,0.3117218,-4.653061,9.111725

96541880453725,0.07368469,-4.2769623,8.764191

96541890860219,-0.050094604,-3.800888,8.699921

96541900869984,-0.01914978,-4.5911713,8.707062

96541910879750,0.028457642,-5.533798,8.752289

96541921133656,0.035598755,-5.1838837,8.69754

96541930502553,-0.095321655,-4.7577972,8.526154

96541940878529,-0.13102722,-5.2219696,8.442841

96541951132436,0.123672485,-5.648056,8.511871

96541961142201,0.33314514,-5.6623383,8.526154

96541971151967,0.3045807,-5.4338226,8.559479

96541980520863,0.3212433,-5.019638,8.8237

96541991263051,1.6185455,-5.1196136,9.449738

96542001181264,0.1879425,-2.7011566,9.164093

96542011191029,-0.17625427,-2.3774261,9.175995

96542021200795,0.23316956,-3.377182,9.352142

96542030569691,0.51405334,-3.2700653,9.392609

96542040945668,0.35932922,-3.3986053,9.223602

96542051230092,0.1308136,-3.5128632,8.683258

96542046469350,0.22994995,-4.403839,8.895462

96542061300893,0.12843323,-4.5554657,8.559479

96542071219106,0.20698547,-4.8553925,8.604706

96542080618520,0.18556213,-4.6578217,8.721344

96542091330189,0.20936584,-4.379318,9.233124

96542101248402,0.14033508,-4.6697235,8.414276

96542111288686,0.0070343018,-4.672104,8.82608

96542121267934,-0.028671265,-4.595932,8.809418

96542131308217,0.10700989,-4.5269012,8.937958

96542140555043,0.14985657,-4.7649384,8.521393

96542151297231,0.033218384,-4.941086,8.24527

96542161306996,0.099868774,-4.5292816,8.845123

96542171377797,0.2545929,-4.1888885,8.602325

96542181387563,0.3117218,-4.4578705,8.88559

96542190573354,0.28077698,-4.460251,9.045074

96542201101918,0.24507141,-4.3221893,9.004608

96542211111684,0.24269104,-4.0984344,8.883209

96542221121449,0.25935364,-4.1436615,8.871307

96542231161732,0.22840881,-4.410263,8.785614

96542240622182,0.2046051,-4.58403,8.752289

96542251120229,0.16889954,-4.8887177,8.82608

96542246359486,0.17175293,-4.5351105,8.768707

96542261129994,0.08320618,-4.876816,8.866547

96542271170277,0.028457642,-4.6173553,8.609467

96542281119008,0.054641724,-4.5269012,8.752289

96542290671010,0.1474762,-4.538803,8.559479

96542301260609,0.1879425,-4.9268036,8.511871

96542311209340,0.2950592,-5.1624603,8.526154

96542321188588,0.2879181,-5.2338715,8.657074

96542331259389,0.22602844,-4.7411346,8.76181

96542340719838,0.15937805,-4.2222137,9.009369

96542351309438,0.1641388,-4.1055756,9.030792

96542361258168,0.121292114,-4.3174286,8.749908

96542371237416,0.054641724,-4.793503,8.657074

96542381308217,-0.08580017,-5.102951,8.476166

96542390768666,-0.06913757,-5.2981415,8.295258

96542401632924,-0.14768982,-5.3362274,8.345245

96542411581654,-0.08580017,-5.064865,8.411896

96542421530385,0.035598755,-4.883957,8.578522

96542431570668,0.08796692,-4.641159,8.661835

96542440817494,0.13557434,-4.3864594,8.673737

96542451651234,0.11653137,-4.45549,8.847504

96542446890492,0.08987427,-4.761612,8.649094

96542461569447,0.13795471,-4.436447,8.907013

96542471609731,0.10939026,-4.422165,8.918915

96542481619496,0.12605286,-4.5364227,8.847504

96542490866322,0.059402466,-4.576889,8.709442

96542501700063,0.09034729,-4.793503,8.702301

96542511648793,0.099868774,-4.9006195,8.645172

96542521658559,0.035598755,-4.8744354,8.602325

96542531668324,0.061782837,-4.762558,8.623749

96542540945668,0.102249146,-4.562607,8.69516

96542551687856,0.1474762,-4.614975,8.673737

96542561697621,0.1308136,-4.762558,8.69516

96542571707387,-0.8760834,-5.295761,5.9029846

96542581717152,1.8089752,-6.276474,11.58255

96542590963979,-0.86180115,-5.2267303,7.438324

96542601553578,0.34266663,-4.384079,9.106964

96542611746449,-0.057235718,-4.486435,8.835602

96542621756215,-0.16197205,-4.77684,8.530914

96542631765981,0.1712799,-4.5554657,8.845123

96542641012807,0.10462952,-4.672104,8.616608

96542651785512,0.15937805,-4.845871,8.680878

96542647024770,0.08653259,-4.788147,8.678024

96542661795277,0.016555786,-4.917282,8.721344

96542671866078,-0.37382507,-4.6054535,8.540436

