11094362983821,-1.2283783,4.0590973,8.742767

11094372963069,-1.233139,3.961502,8.807037

11094387855648,-1.1426849,3.9043732,8.735626

11094407905696,-1.021286,4.0210114,8.852264

11094417701839,-0.9165497,4.01149,8.830841

11094428169368,-1.0284271,4.006729,8.738007

11094437599300,-1.1664886,4.0233917,8.707062

11094448066829,-1.0189056,3.9781647,8.699921

11094457344173,-1.0355682,4.109085,8.754669

11094467445491,-0.9736786,4.0019684,8.766571

11094477394222,-1.021286,3.9853058,8.640411

11094488075374,-0.91178894,3.980545,8.668976

11094497413753,-1.1355438,4.128128,8.880829

11094507850765,-1.0165253,4.3614044,8.799896

11094517738460,-0.8879852,4.0924225,8.778473

11094527687191,-0.8403778,4.2257233,8.657074

11094537635921,-0.9070282,4.4661407,8.557098

11094547126888,-1.1307831,4.3423615,8.43808

11094557533382,-1.149826,4.1566925,8.476166

11094567482112,-1.0617523,3.9876862,8.754669

11094577491878,-1.0189056,4.090042,9.009369

11094587379573,-0.98558044,4.056717,9.140289

11094596901058,-1.1117401,4.3161774,8.997467

11094592140316,-1.0169983,4.1170654,8.7574005

11094607246517,-1.1593475,4.389969,9.0260315

11094616768001,-0.9546356,4.597061,9.221222

11094658516048,-1.2263641,4.309387,9.023773

11094668586849,-1.1908875,4.2739105,9.174011

11094678657650,-1.1281128,4.240143,9.332352

11094688728450,-0.94003296,4.214325,9.5278015

11094698799251,-0.79582214,4.2304077,9.669037

11094708870052,-0.7887726,4.3773956,9.640823

11094718940853,-0.74993896,4.537277,9.622986

11094729011653,-0.5971985,4.743347,9.64238

11094739082454,-0.4600525,4.9046326,9.668472

11094749153255,-0.36863708,4.9347076,9.714188

11094759224056,-0.3103943,4.9269257,9.752274

11094769294857,-0.3393097,4.819702,9.77034

11094779365657,-0.35629272,4.681656,9.83548

11094789436458,-0.34542847,4.471695,10.010452

11094799507259,-0.34707642,4.31723,10.163544

11094809578060,-0.3744049,4.276825,10.271683

11094819648861,-0.39483643,4.275696,10.320938

11094829719661,-0.4008484,4.356415,10.247437

11094827278255,-0.6256714,4.4835205,9.744659

11094839790462,-0.3564911,4.3451843,10.199982

11094849861263,-0.21794128,4.1620636,10.201187

11094859932064,-0.051101685,3.9501953,10.325424

11094870002864,0.16334534,3.6899567,10.656738

11094880073665,0.33496094,3.4503174,10.840286

11094890144466,0.4414978,3.241928,10.799301

11094900215267,0.54977417,3.0135193,10.801575

11094910286068,0.6611023,2.7500305,10.879501

11094920356868,0.7075653,2.5331726,11.163574

11094930427669,0.6712494,2.375824,11.710648

11094940498470,0.70758057,2.1530457,12.132706

11094950569271,0.8249359,1.8572693,12.415298

11094960640071,0.9470978,1.5532684,12.264099

11094970710872,1.0743713,1.240509,11.6519165

11094980781673,1.128418,1.1566925,10.888489

11094990852474,1.1151581,1.2832031,9.986099

11095000923275,1.1124268,1.4811249,9.277359

11095010994075,1.1184387,1.7385559,8.730026

11095021064876,1.1376343,1.9316559,8.32489

11095031135677,1.1669006,2.075592,8.028488

11095026008724,0.74757385,2.370224,10.465683

11095041206478,1.1188202,2.1325073,7.8230896

11095051277278,1.0223236,2.1349792,7.674652

11095061348079,0.9234619,2.169464,7.6520386

11095071418880,0.82351685,2.218277,7.6857452

11095081489681,0.74360657,2.2768097,7.8931274

11095091560482,0.67481995,2.3407593,8.197205

11095101631282,0.669754,2.441269,8.5334015

11095111702083,0.6960907,2.5598145,8.885452

11095121772884,0.63505554,2.6033325,9.006561

11095131843685,0.5332184,2.6118164,9.019897

11095141914486,0.45870972,2.6995392,8.947296

11095151985286,0.39491272,2.8183746,8.840988

11095162056087,0.4210205,3.0184174,8.513489

11095172126888,0.46749878,3.2368774,8.135834

11095182197689,0.45155334,3.4208527,7.972885

11095192268489,0.41661072,3.594345,7.875305

11095202339290,0.35594177,3.6277618,7.932083

11095212410091,0.28848267,3.6241455,8.029663

11095222480892,0.36439514,3.6706238,7.8807526

11095232551693,0.4728241,3.7284546,7.675949

11095225166439,0.56785583,2.9065247,8.205994

11095242622493,0.50808716,3.7440338,7.464554

11095252693294,0.5293579,3.7515411,7.2519226

11095262764095,0.39668274,3.7574768,7.1991577

11095272834896,0.25354004,3.7632904,7.157257

11095282905696,0.18746948,3.7574768,7.1838074

11095292976497,0.13084412,3.7502594,7.21875

11095303047298,0.06880188,3.7144165,7.3450165

11095313118099,0.0062408447,3.6759186,7.4797516

11095323188900,-0.03163147,3.8632812,7.742523

11095333259700,-0.06782532,4.0659943,8.014023

11095343330501,-0.08830261,4.2578125,8.361649

11095353401302,-0.11476135,4.44516,8.719269

11095363472103,-0.269989,4.552536,9.216492

11095373542903,-0.42404175,4.6590424,9.714691

11095383613704,-0.4481659,4.6699066,10.318008

11095393684505,-0.47174072,4.6877594,10.921478

11095403755306,-0.48014832,4.8910522,11.528961

11095413826107,-0.48608398,5.0973053,12.122665

11095423896907,-0.45108032,5.351898,12.490692

11095424110530,-0.108169556,4.345932,9.135773

11095433967708,-0.44784546,5.603363,12.869034

11095444038509,-0.7871704,5.820877,13.358749

11095454109310,-1.0619965,5.9728394,13.889969

11095464180111,-1.0212555,5.8041077,14.624268

11095474250911,-0.9652252,5.582901,15.31723

11095484321712,-0.8012543,4.991913,15.718567

11095494392513,-0.64253235,4.3857727,16.018509

11095504463314,-0.507843,3.7099152,15.852829

11095514534114,-0.3757019,3.0382385,15.479233

11095524604915,-0.2550354,2.3854523,14.170029

11095534675716,-0.20454407,1.8658905,12.710159

11095544746517,-0.4195404,1.8502655,10.680328

11095554817318,-0.5977173,1.7914581,8.778748

11095564888118,-0.65065,1.5857544,7.313568

11095574958919,-0.76109314,1.4705505,5.982666

11095585029720,-1.0455322,1.6291199,5.057968

11095595100521,-1.2963257,1.7701416,4.375839

11095605171321,-1.46138,1.8665314,4.3119965

11095615242122,-1.5777588,1.9736176,4.463852

11095625312923,-1.583786,2.1049347,5.1047974

11095623054622,-0.89678955,3.0329132,10.34523

11095635383724,-1.437561,2.1582031,5.738495

11095645454525,-0.982666,2.0532227,6.357498

11095655525325,-0.6464844,1.9720001,6.8943024

11095665596126,-0.5235901,1.9334412,7.2834473

11095675666927,-0.50971985,1.8856964,7.4637756

11095685737728,-0.6723633,1.8230438,7.3059387

11095695808528,-0.8236847,1.7394257,7.1228027

11095705879329,-0.95840454,1.6251526,6.9026794

11095715950130,-1.0572357,1.5875397,6.714203

11095726020931,-1.1079102,1.6526947,6.568207

11095736091732,-1.1344604,1.7692871,6.402588

11095746162532,-1.1320496,1.9476013,6.21344

11095756233333,-1.08638,2.095337,6.165024

11095766304134,-0.99360657,2.209793,6.2698517

11095776374935,-0.94810486,2.4158936,6.3914185

11095786445736,-0.9493103,2.7125702,6.529541

11095796516536,-0.9372406,3.0233154,6.6209564

11095806587337,-0.9129944,3.3469849,6.669449

11095816658138,-0.8378906,3.5532227,6.675476

11095826728939,-0.7224121,3.6663055,6.6477966

11095821968196,-0.8682251,2.3295135,6.7115936

11095836799739,-0.54615784,3.7292786,6.6744995

11095846870540,-0.3256836,3.755783,6.7407684

11095856941341,-0.125,3.7278595,6.9135895

11095867012142,0.06266785,3.6641083,7.156601

11095877082943,0.18891907,3.5324402,7.605667

11095887153743,0.2782135,3.3598938,8.178833

11095897224544,0.4462433,3.2541199,8.5928955

11095907295345,0.6563873,3.1840668,8.921875

11095917366146,0.69966125,3.3589478,9.218887

11095927436946,0.68685913,3.6161346,9.505173

11095937507747,0.4789276,4.066025,9.925598

11095947578548,0.18856812,4.597336,10.402695

11095957649349,0.32896423,5.0703278,10.848633

11095967720150,0.6309204,5.5214386,11.282898

11095977790950,0.7538147,5.7333374,11.482437

11095987861751,0.81655884,5.864868,11.603104

11095997932552,0.7714386,5.8332214,11.973663

11096008003353,0.69514465,5.754425,12.416458

11096018074153,0.6895294,5.6993103,13.137848

11096028144954,0.6942291,5.647644,13.899887

11096020698665,0.46240234,4.5220795,10.103394

11096038215755,0.764328,5.3693237,14.276794

11096048286556,0.8463745,5.0495605,14.583282

11096058357357,0.79689026,4.483139,14.527664

11096068428157,0.72821045,3.8807526,14.419235

11096078498958,0.5331116,3.0903168,13.976883

11096088569759,0.32347107,2.2782898,13.49617

11096098640560,0.10670471,1.6033173,12.354645

11096108711361,-0.110672,0.94007874,11.156616

11096118782161,-0.17160034,0.7630615,10.319489

11096128852962,-0.23156738,0.5890198,9.484589

11096138923763,-0.26498413,0.572052,9.373856

11096148994564,-0.29756165,0.5599823,9.285767

11096159065364,0.15206909,0.85736084,9.958282

11096169136165,0.59461975,1.1508942,10.616699

11096179206966,0.5753174,1.1846771,10.38623

11096189277767,0.55236816,1.221344,10.141327

11096199348568,0.4527893,1.3184509,9.593048

11096209419368,0.34907532,1.420105,9.020187

11096219490169,0.21156311,1.5587921,8.246323

11096219886898,0.2841034,1.8582001,10.979843

11096229560970,0.07183838,1.7016144,7.4823

11096239631771,-0.09855652,1.9022217,6.8562927

11096249702571,-0.24124146,2.0872345,6.2731476

11096259773372,-0.12576294,2.1269226,6.089096

11096269844173,-0.03175354,2.1918793,5.936493

11096279914974,-0.09812927,2.4452667,6.0185394

11096289985775,-0.16918945,2.6696777,6.0995026

11096300056575,-0.26782227,2.723816,6.1740875

11096310127376,-0.37265015,2.7593231,6.2422485

11096320198177,-0.5083771,2.7016602,6.27829

11096330268978,-0.644516,2.654892,6.3492584

11096340339778,-0.7825012,2.6560974,6.574402

11096350410579,-0.87672424,2.6825104,6.859848

11096360481380,-0.81417847,2.7991943,7.3614807

11096370552181,-0.7576294,2.9003906,7.9102325

11096380622982,-0.72016907,2.9523468,8.608749

11096390693782,-0.69247437,2.9302063,9.33728

11096400764583,-0.69125366,2.7073364,10.147156

11096410835384,-0.68434143,2.5250854,10.901901

11096420906185,-0.6650696,2.4311066,11.536835

11096418556331,-0.5092621,2.5789795,7.7120667

11096430976986,-0.6596985,2.436905,12.020065

11096441047786,-0.6813812,2.6368866,12.208008

11096451118587,-0.67897034,2.9052277,12.310089

11096461189388,-0.6343994,3.293167,12.261902

11096471260189,-0.6402893,3.6493378,12.297348

11096481330989,-0.7258301,3.955368,12.4648285

11096491401790,-0.7826233,4.150299,12.659988

11096501472591,-0.7984314,4.1867676,12.894669

11096511543392,-0.84547424,4.345169,13.111404

11096521614193,-0.9299774,4.6498566,13.306595

11096531684993,-1.0639496,4.9665527,13.947525

11096541755794,-1.257309,5.2976837,15.123383

11096551826595,-1.4515533,5.1002655,16.14331

11096561897396,-1.6467285,4.341263,16.997498

11096571968196,-1.78302,3.4141846,17.41684

11096582038997,-1.8625488,2.325058,17.41684

11096592109798,-1.8553162,1.4164886,17.086594

11096602180599,-1.7721863,0.6659088,16.46733

11096612251400,-1.7300262,0.19812012,15.40271

11096622322200,-1.720398,-0.04524231,13.98468

11096617530941,-1.2312317,3.0893402,14.370682

11096632393001,-1.7871552,0.014892578,12.6766815

11096642463802,-1.908844,0.29319763,11.447769

11096652534603,-1.9066315,0.5967102,10.435211

11096662605403,-1.823883,0.91659546,9.563217

11096672676204,-1.6432343,1.0520782,9.0468445

11096682747005,-1.4162903,1.100296,8.698776

11096692817806,-1.172287,1.1287842,8.652649

11096702888607,-0.919281,1.1468506,8.7659

11096712959407,-0.7382355,1.1371155,8.843994

11096723030208,-0.59124756,1.1142273,8.905441

11096733101009,-0.48576355,1.1565552,8.731415

11096743171810,-0.39782715,1.2264252,8.4579315

11096753242611,-0.3180542,1.1906128,7.9937897

11096763313411,-0.24136353,1.1151581,7.458145

11096773384212,-0.1330719,1.1105347,6.7479553

11096783455013,-0.017044067,1.1233063,5.9949036

11096793525814,0.02357483,1.059372,5.3652496

11096803596614,0.039260864,0.9700775,4.776413

11096813667415,-0.10247803,0.86320496,4.3135834

11096823738216,-0.28894043,0.7513275,3.8865356

11096816749691,-0.7349243,0.99508667,7.6542206

11096833809017,-0.50190735,0.71157837,3.4980316

11096843879818,-0.72151184,0.68984985,3.1191406

11096853950618,-0.85154724,0.79267883,2.7691345

11096864021419,-0.96287537,0.92152405,2.4251404

11096874092220,-1.0969543,1.1342621,2.3185425

11096884163021,-1.2329102,1.3538818,2.2313843

11096894233821,-1.1917877,1.6164551,2.4009705

11096904304622,-1.1255188,1.8851166,2.6069946

11096914375423,-1.0539246,2.3385468,2.929657

11096924446224,-0.9817505,2.8125153,3.265274

11096934517025,-0.9025879,3.1248322,3.7637482

11096944587825,-0.8228302,3.4233398,4.2761536

11096954658626,-0.7185974,3.5110168,4.845337

11096964729427,-0.6159668,3.5853577,5.423889

11096974800228,-0.59609985,3.5841827,6.1907196

11096984871028,-0.57621765,3.583023,6.957535

11096994941829,-0.5545807,3.7089386,7.6794434

11097005012630,-0.5298462,3.8335419,8.399017

11097015083431,-0.33920288,3.8661194,8.999924

11097015693782,-0.777771,2.6096954,4.82135

11097025154232,-0.15458679,3.8908691,9.60051

11097035225032,-0.09666443,3.750885,10.194168

11097045295833,-0.04121399,3.6338806,10.771561

11097055366634,-0.017089844,3.8095856,11.141342

11097065437435,0.0070343018,3.9853058,11.511139

11097075508236,0.28485107,4.3111115,12.114792

11097085579036,0.5575714,4.653427,12.767654

11097095649837,0.790802,5.1223145,13.798508

11097105720638,1.0185089,5.5172424,14.8428955

11097115791439,1.2136841,5.477478,15.966965

11097125862239,1.3712311,5.299301,17.075165

11097135933040,1.344696,4.443802,18.105621

11097146003841,1.252533,3.5589447,18.966782

11097156074642,0.8928528,2.5545044,19.137604

11097166145443,0.55085754,1.6326599,19.054718

11097176216243,0.27218628,1.0068817,18.062607

11097186287044,0.042510986,0.6199646,16.860703

11097196357845,-0.028900146,1.0048523,14.981033

11097206428646,-0.0018920898,1.4241638,13.215057

11097216499446,0.29162598,1.936615,11.757095

11097214637874,0.5273895,3.281433,14.632523

11097226570247,0.52363586,2.308075,10.4431305

11097236641048,0.6056824,2.3358154,9.48024

11097246711849,0.6221466,2.3183289,8.648132

11097256782650,0.49804688,2.2038727,8.096344

11097266853450,0.35403442,2.0251312,7.572525

11097276924251,0.17173767,1.7229156,7.102417

11097286995052,-0.04360962,1.4911041,6.6757507

11097297065853,-0.31835938,1.3858032,6.3271637

11097307136653,-0.512558,1.3009338,5.991928

11097317207454,-0.58122253,1.2479248,5.677475

11097327278255,-0.65390015,1.2524414,5.3760376

11097337349056,-0.73220825,1.3379822,5.092911

11097347419857,-0.86572266,1.3217773,4.9023743

11097357490657,-1.0696411,1.1757812,4.8299713

11097367561458,-1.3209839,1.243866,4.6426086

11097377632259,-1.6265259,1.5566254,4.323822

11097387703060,-1.5708313,1.7303162,4.515564

11097397773861,-1.1358948,1.7580414,5.243271

11097407844661,-1.001297,2.0428314,5.639282

11097417915462,-1.1528168,2.5725708,5.719284

11097413459896,-0.5856781,1.7334747,6.020569

11097427986263,-1.0833282,2.7881317,6.1297607

11097438057064,-0.8318634,2.7450256,6.812317

11097448127864,-0.6977234,2.7828217,7.666046

11097458198665,-0.65556335,2.884018,8.653976

11097468269466,-0.73583984,2.8922577,9.75708

11097478340267,-0.9030609,2.8345184,10.942017

11097488411068,-1.0932465,2.761322,11.876068

11097498481868,-1.2983704,2.6780548,12.64711

11097508552669,-1.3941803,2.5841522,12.974213

11097518623470,-1.426712,2.484085,13.0442505

11097528694271,-1.3955383,2.6534119,13.055496

11097538765071,-1.3408356,2.9222412,13.045029

11097548835872,-1.3647919,3.2549286,13.175186

11097558906673,-1.424942,3.6170197,13.370056

11097568977474,-1.4102936,3.873169,13.71402

11097579048275,-1.3645172,4.0852203,14.120026

11097589119075,-1.3001709,4.2173004,14.840195

11097599189876,-1.2289886,4.31987,15.676407

11097609260677,-1.3292236,4.0348663,16.553818

11097619331478,-1.4843292,3.6258545,17.444382

11097611793636,-1.1974335,3.2352448,12.77298

11097629402278,-1.5058899,2.8722687,17.216492

11097639473079,-1.5047302,2.0600128,16.798157

11097649543880,-1.5268097,1.3749847,16.325287

11097659614681,-1.5544739,0.7205963,15.839294

11097669685482,-1.6559296,0.2657013,15.017822

11097679756282,-1.7727966,-0.14755249,14.126282

11097689827083,-1.7583466,-0.28894043,12.896194

11097699897884,-1.7210083,-0.38290405,11.607071

11097709968685,-1.7383118,-0.106033325,10.481369

11097720039486,-1.7633667,0.22346497,9.378906

11097730110286,-1.7821045,0.42533875,8.727417

11097740181087,-1.800705,0.6240387,8.087143

11097750251888,-1.7283173,0.7513275,7.7813873

11097760322689,-1.6488037,0.87301636,7.501877

11097770393489,-1.5176849,1.0154419,7.653763

11097780464290,-1.3839264,1.1589203,7.827652

11097790535091,-1.3522186,1.3083496,7.8334656

11097800605892,-1.3211517,1.4573822,7.83757

11097810676693,-1.296341,1.4715576,7.617859

11097820747493,-1.2715302,1.485733,7.3981476

11097811866878,-1.5756683,0.7758484,10.585648

11097830818294,-1.2676086,1.5438385,6.955002

11097840889095,-1.2630005,1.6036377,6.5039673

11097850959896,-1.2351532,1.6920013,5.927826

11097861030696,-1.2100372,1.7636108,5.355896

11097871101497,-1.2196655,1.6216736,4.837433

11097881172298,-1.2416382,1.477066,4.3423767

11097891243099,-1.3828278,1.3069305,4.073303

11097901313900,-1.5160828,1.1559143,3.839386

11097911384700,-1.5918884,1.1434784,3.8605194

11097921455501,-1.6578522,1.1724548,3.8873749

11097931526302,-1.6857758,1.3609772,3.9362488

11097941597103,-1.7000885,1.5478058,3.9640503

11097951667903,-1.6432037,1.7257233,3.8817444

11097961738704,-1.5959473,1.8955536,3.8600311

11097971809505,-1.5887146,2.0316925,4.090149

11097981880306,-1.5480957,2.1541595,4.421463

11097991951107,-1.3878632,2.2276611,5.1154175

11098002021907,-1.3286743,2.2897644,5.8946686

11098012092708,-1.5852966,2.316269,6.9404144

11098010475277,-1.4790344,1.7303772,4.9413147

11098022163509,-1.6825256,2.4186554,7.802124

11098032234310,-1.3414307,2.7297363,8.157639

11098042305111,-1.1074524,3.017624,8.606049

11098052375911,-1.1424866,3.2472382,9.287628

11098062446712,-1.095871,3.5290222,10.012604

11098072517513,-0.8717804,3.9241943,10.831863

11098082588314,-0.5816345,4.3019714,11.670395

11098092659114,-0.16293335,4.645859,12.546417

11098102729915,0.20368958,4.9496613,13.189011

11098112800716,0.48036194,5.1842346,13.4283905

11098122871517,0.747879,5.390625,13.527939

11098132942318,1.0009155,5.5525208,13.406815

11098143013118,1.2814484,5.6501617,13.421478

11098153083919,1.6026917,5.6525726,13.637253

11098163154720,1.8903046,5.7452087,13.987427

11098173225521,2.1350403,5.9529266,14.509125

11098183296321,2.39534,6.029663,14.739395

11098193367122,2.6750183,5.943329,14.606857

11098203437923,2.7965698,5.678787,14.079575

11098213508724,2.752121,5.227173,13.137894

11098209480403,0.8518219,4.9008026,12.531845

11098223579525,2.627594,4.5608063,12.217865

11098233650325,2.424881,3.684784,11.318924

11098243721126,2.1340027,2.8660278,10.537735

11098253791927,1.765976,2.0973969,9.859604

11098263862728,1.4555969,1.563324,9.3134

11098273933528,1.1904297,1.213089,8.870605

11098284004329,1.0369568,1.1634369,8.701401

11098294075130,0.9416809,1.2703552,8.674667

11098304145931,0.8941345,1.4569244,8.531937

11098314216732,0.87724304,1.6946259,8.314743

11098324287532,0.7861328,1.8384857,7.8882294

11098334358333,0.65260315,1.9287109,7.342087

11098344429134,0.5061188,2.0048218,6.778183

11098354499935,0.35287476,2.0736084,6.2050323

11098364570736,0.18893433,2.0438843,5.7965393

11098374641536,0.020065308,1.9688416,5.463806

11098384712337,-0.16577148,1.9760742,5.404846

11098394783138,-0.3563385,2.0062866,5.4222717

11098404853939,-0.50434875,2.0505676,5.623932

11098414924739,-0.63687134,2.0999756,5.8926086

11098408363460,0.66282654,1.9355621,7.6035156

11098424995540,-0.79293823,2.2541046,6.09079

11098435066341,-0.95654297,2.4417725,6.2664185

11098445137142,-1.1038666,2.6210175,6.2976685

11098455207943,-1.246582,2.797882,6.287918

11098465278743,-1.2886353,2.9184875,6.385498

11098475349544,-1.3096619,3.027359,6.505493

11098485420345,-1.1687775,3.2845917,6.9713135

11098495491146,-1.010498,3.5577698,7.4742737

11098505561946,-0.75167847,4.0131073,8.351074

11098515632747,-0.47817993,4.4950256,9.282364

11098525703548,-0.4813385,4.5889893,10.011581

11098535774349,-0.5162811,4.638382,10.71759

11098545845150,-0.62257385,4.326111,11.181793

11098555915950,-0.73495483,3.9829102,11.62532

11098565986751,-0.6563263,4.0339966,11.881561

11098576057552,-0.5667877,4.1086884,12.130203

11098586128353,-0.38223267,4.470703,12.53717

11098596199153,-0.19767761,4.832718,12.944122

11098606269954,-0.12550354,4.9578094,13.348312

11098607124446,-0.70970154,3.9112701,9.725861

11098616340755,-0.0549469,5.077301,13.749481

11098626411556,-0.058547974,4.937546,14.01091

11098636482357,-0.06561279,4.81575,14.25708

11098646553157,-0.14512634,5.071167,14.182388

11098656623958,-0.22227478,5.3320007,14.138931

11098666694759,-0.26776123,5.6651306,14.512634

11098676765560,-0.33695984,5.9130707,14.910522

11098686836361,-0.56040955,5.6069946,15.465622

11098696907161,-0.7821808,5.249878,15.974518

11098706977962,-0.9867401,4.362686,16.003555

11098717048763,-1.2064514,3.4483032,15.91275

11098727119564,-1.5360413,2.336792,14.952805

11098737190364,-1.8132172,1.3186035,13.983154

11098747261165,-1.7746124,0.8624878,12.955093

11098757331966,-1.775238,0.49916077,11.915054

11098767402767,-1.9678802,0.5899048,10.816315

11098777473568,-2.0946198,0.6770935,9.851501

11098787544368,-2.0282898,0.753891,9.278931

11098797615169,-1.9563446,0.81489563,8.744095

11098807685970,-1.8631439,0.8161011,8.351929

11098806312679,-1.1959991,2.9134216,12.832001

11098817756771,-1.762207,0.86543274,8.00061

11098827827571,-1.6371002,1.0651245,7.7768555

11098837898372,-1.5544891,1.247055,7.532181

11098847969173,-1.5905762,1.3793793,7.2290497

11098858039974,-1.6062775,1.4736633,6.9651947

11098868110775,-1.5708008,1.4724274,6.8000183

11098878181575,-1.5249023,1.4748993,6.715393

11098888252376,-1.4587402,1.4845123,6.787567

11098898323177,-1.3959808,1.5524597,6.754532

11098908393978,-1.3392792,1.7238007,6.5349274

11098918464778,-1.2793579,1.9163971,6.2931824

11098928535579,-1.2144012,2.1425476,6.0164948

11098938606380,-1.1992188,2.32753,5.7182465

11098948677181,-1.2559357,2.4530182,5.3888397

11098958747982,-1.260025,2.503769,5.245224

11098968818782,-1.1961823,2.4579926,5.3415985

11098978889583,-1.1744843,2.4089203,5.4501038

11098988960384,-1.2021484,2.3559875,5.572815

11098999031185,-1.263504,2.363388,5.760605

11099009101986,-1.361084,2.4356842,6.0184326

11099005073665,-1.368103,1.9510345,6.278137

11099019172786,-1.3618164,2.616867,6.210312

11099029243587,-1.2679901,2.9043732,6.3378296

11099039314388,-1.1752777,3.180893,6.3745728

11099049385189,-1.0835724,3.4475555,6.3299255

11099059455989,-1.1225433,3.7605896,6.3244934

11099069526790,-1.2664948,4.1108246,6.3505707

11099079597591,-1.2971497,4.4016724,6.568405

11099089668392,-1.1918182,4.621216,7.0163574

11099099739193,-1.114624,4.809372,7.283966

11099109809993,-1.0579224,4.9746704,7.4203186

11099119880794,-0.9742737,5.0935364,7.6239014

11099129951595,-0.8731079,5.182205,7.87117

11099140022396,-0.8362427,5.3326263,8.158768

11099150093196,-0.8269348,5.5095215,8.463669

11099160163997,-0.77482605,5.61557,8.84816

11099170234798,-0.7001343,5.68425,9.274658

11099180305599,-0.64430237,5.70549,9.704788

11099190376400,-0.5973816,5.7042847,10.136658

11099200447200,-0.5520477,5.7351837,10.476517

11099210518001,-0.5074158,5.7798157,10.776978

11099204261898,-0.92155457,4.86438,8.080307

11099220588802,-0.4515686,5.816559,11.170029

11099230659603,-0.39152527,5.8503265,11.597824

11099240730403,-0.26333618,5.884964,12.044067

11099250801204,-0.12062073,5.9197693,12.494263

11099260872005,0.05633545,5.7673187,13.162552

11099270942806,0.24336243,5.5597687,13.894974

11099281013607,0.10397339,4.978256,13.988632

11099291084407,-0.11703491,4.303238,13.922577

11099301155208,-0.16807556,3.7905426,12.7565

11099311226009,-0.18135071,3.313919,11.345932

11099321296810,-0.23945618,3.4221344,9.961487

11099331367611,-0.30574036,3.6372833,8.581802

11099341438411,-0.3555603,3.8150177,7.96138

11099351509212,-0.4043579,3.9904938,7.3873596

11099361580013,-0.35461426,3.8830872,7.8768005

11099371650814,-0.2931671,3.7421265,8.492447

11099381721614,-0.16664124,3.4191284,8.880798

11099391792415,-0.034317017,3.079895,9.248901

11099401863216,-0.13284302,3.0400696,8.891495

11099411934017,-0.24627686,3.0195465,8.487274

11099403267025,-0.18125916,4.219055,10.546616

11099422004818,-0.16874695,3.010498,7.8077393

11099432075618,-0.09599304,3.0027466,7.1239166

11099442146419,-0.2800598,3.0156555,6.5576324

11099452217220,-0.46289062,3.0253143,5.997513

11099462288021,-0.5437317,2.7707062,5.9395905

11099472358821,-0.6225891,2.5293427,5.8898315

11099482429622,-0.6529846,2.6108093,6.039398

11099492500423,-0.68878174,2.6830902,6.1686554

11099502571224,-0.78518677,2.6521454,6.06987

11099512642025,-0.88838196,2.6328888,5.9750977

11099522712825,-1.0676422,2.744934,5.925293

11099532783626,-1.2443237,2.8480377,5.910019

11099542854427,-1.4084167,2.9073792,6.063629

11099552925228,-1.5485077,2.9701843,6.257248

11099562996028,-1.519455,3.0573273,6.7329254

11099573066829,-1.4883575,3.1862793,7.2333374

11099583137630,-1.4462433,3.538742,7.866104

11099593208431,-1.3954926,3.8376923,8.467255

11099603279232,-1.3049927,3.8907776,8.92337

11099602272152,-0.96343994,3.0555267,6.8072815

11099613350032,-1.2453156,3.9503021,9.35228

11099623420833,-1.3043518,4.0346375,9.676361

11099633491634,-1.3550568,4.1148224,9.967163

11099643562435,-1.377945,4.181076,10.1466675

11099653633236,-1.4143372,4.245804,10.313919

11099663704036,-1.4902344,4.3060455,10.445236

11099673774837,-1.5788422,4.3924255,10.611053

11099683845638,-1.7003479,4.546402,10.866074

11099693916439,-1.7611389,4.7005157,11.136169

11099703987239,-1.6802979,4.854965,11.441452

11099714058040,-1.6865387,5.0049286,11.7330475

11099724128841,-1.8717804,5.1456757,11.9964905

11099734199642,-2.0054626,5.25119,12.220871

11099744270443,-2.042694,5.2908173,12.372208

11099754341243,-2.0436401,5.374954,12.611847

11099764412044,-1.9819183,5.535919,13.003998

11099774482845,-2.0367737,5.606537,13.380753

11099784553646,-2.2665405,5.54158,13.734421

11099794624446,-2.4656067,5.181244,14.116501

11099804695247,-2.622467,4.415024,14.537628

11099801246761,-1.8813171,4.7974854,12.002213

11099814766048,-2.7370758,3.5121002,14.494308

11099824836849,-2.7997284,2.44104,13.879868

11099834907650,-2.8293457,1.5692139,13.384155

11099844978450,-2.8221283,0.91963196,13.020874

11099855049251,-2.8566132,0.5080414,12.404907

11099865120052,-2.933838,0.34031677,11.530106

11099875190853,-2.9898376,0.25938416,10.622604

11099885261653,-3.0263062,0.25816345,9.685089

11099895332454,-2.9065094,0.25427246,8.972977

11099905403255,-2.665741,0.24832153,8.435394

11099915474056,-2.5327148,0.3611145,8.09729

11099925544857,-2.4821167,0.5647278,7.9117584

11099935615657,-2.360489,0.7994232,8.2260895

11099945686458,-2.1896667,1.0556488,8.886505

11099955757259,-2.0157318,1.2826233,9.332947

11099965828060,-1.8398285,1.4910431,9.643784

11099975898861,-1.6594696,1.6457672,9.564682

11099985969661,-1.4765625,1.7697906,9.262741

11099996040462,-1.3898315,1.8991852,8.816925

11100006111263,-1.3375397,2.030487,8.31958

11100000251888,-2.3335876,1.0474548,9.906525

11100016182064,-1.2955322,2.0714874,7.8668365

11100026252864,-1.2581787,2.0714874,7.434311

11100036323665,-1.2046051,2.104889,7.1453247

11100046394466,-1.144455,2.1518097,6.9143524

11100056465267,-1.0885925,2.189972,6.6642914

11100066536068,-1.0342865,2.2249603,6.4072723

11100076606868,-1.0003662,2.2761536,6.3000793

11100086677669,-0.97283936,2.3324432,6.240036

11100096748470,-0.9848633,2.352417,6.0590973

11100106819271,-1.0034637,2.3663635,5.8580627

11100116890071,-1.0206604,2.353424,5.702713

11100126960872,-1.0375214,2.3341522,5.558136

11100137031673,-1.0333252,2.370041,5.441803

11100147102474,-1.0249023,2.4169464,5.3311462

11100157173275,-1.0587311,2.6186523,5.3284454

11100167244075,-1.099762,2.8467102,5.3441315

11100177314876,-1.090271,3.1284485,5.5533447

11100187385677,-1.0740051,3.4174042,5.788498

11100197456478,-1.1122742,3.4700928,6.261383

11100207527278,-1.1517181,3.5176697,6.7394257

11100199257015,-1.0769806,2.57518,6.1322174

11100217598079,-1.2295532,3.5065765,7.178116

11100227668880,-1.3104095,3.4908905,7.6137085

11100237739681,-1.1372528,3.7611694,8.227158

11100247810482,-0.95199585,4.045059,8.849091

11100257881282,-0.74412537,4.332901,9.591843

11100267952083,-0.5356903,4.620865,10.337616

11100278022884,-0.51667786,4.81575,11.05896

11100288093685,-0.4976654,5.0106354,11.780304

11100298164486,-0.3834839,4.9189606,12.2256775

11100308235286,-0.26339722,4.830429,12.6710205

11100318306087,-0.01687622,4.832855,13.135086

11100328376888,0.22135925,4.8384094,13.592163

11100338447689,0.35368347,4.8841248,13.960266

11100348518489,0.49545288,4.8980103,14.309784

11100358589290,0.7283325,4.6047974,14.479919

11100368660091,0.9055786,4.26474,14.554932

11100378730892,0.6794281,3.585083,13.940231

11100388801693,0.46769714,2.895996,13.209869

11100398872493,0.34277344,2.1501007,11.782944

11100398323177,-0.12269592,4.063858,11.775604

11100408943294,0.22859192,1.5063019,10.413956

11100419014095,0.17050171,1.396164,9.34761

11100429084896,0.12460327,1.3171844,8.491577

11100439155696,0.12940979,1.3677063,8.509613

11100449226497,0.18043518,1.4613495,8.7044525

11100459297298,0.40003967,1.712326,9.544281

11100469368099,0.579834,1.9747925,10.249924

11100479438900,0.63516235,2.273117,10.536224

11100489509700,0.6496277,2.560257,10.685623

11100499580501,0.549942,2.8160858,10.452606

11100509651302,0.42922974,3.0185852,10.150528

11100519722103,0.2549286,3.0851593,9.67244

11100529792903,0.08932495,3.127716,9.1861725

11100539863704,-0.057434082,3.1180878,8.682144

11100549934505,-0.18487549,3.13768,8.229126

11100560005306,-0.27416992,3.2149048,7.8767853

11100570076107,-0.3778534,3.243454,7.5710907

11100580146907,-0.5067749,3.1868286,7.347

11100590217708,-0.62254333,3.1227722,7.137024

11100600288509,-0.7175751,3.0469818,6.9493713

11100597236751,0.026794434,2.5770721,8.76181

11100610359310,-0.8195648,3.010086,6.830597

11100620430111,-0.9316101,3.0293732,6.81131

11100630500911,-1.0050049,3.0246735,6.8482666

11100640571712,-1.0278168,2.9886475,6.9587708

11100650642513,-1.0053558,2.964508,7.109558

11100660713314,-0.9279022,2.9548187,7.309265

11100670784114,-0.8044586,2.9924774,7.533066

11100680854915,-0.63217163,3.080429,7.7824554

11100690925716,-0.48529053,3.1792603,8.057343

11100700996517,-0.36288452,3.2885895,8.356812

11100711067318,-0.27893066,3.3963776,8.5863495

11100721138118,-0.23251343,3.5026703,8.747604

11100731208919,-0.2230835,3.5733337,8.866226

11100741279720,-0.24304199,3.6157227,8.951004

11100751350521,-0.34376526,3.6956177,9.152374

11100761421321,-0.48828125,3.7958527,9.416931

11100771492122,-0.6211548,3.8565063,9.715378

11100781562923,-0.74645996,3.891449,10.035858

11100791633724,-0.854187,3.9892883,10.506149

11100801704525,-0.95162964,4.124008,11.064301

11100796211361,-0.65589905,3.4516296,8.637558

11100811775325,-1.1143188,4.2306213,11.584564

11100821846126,-1.3119049,4.3221893,12.084549

11100831916927,-1.4385223,4.317215,12.471512

11100841987728,-1.5310822,4.26593,12.804245

11100852058528,-1.6158752,4.2444,13.216568

11100862129329,-1.6983643,4.2316284,13.6523285

11100872200130,-1.8057556,4.0291595,14.031647

11100882270931,-1.9226227,3.7544556,14.389465

11100892341732,-1.8023224,3.3778687,14.19812

11100902412532,-1.6023254,2.967041,13.822235

11100912483333,-1.5084686,2.2406158,14.023529

11100922554134,-1.445816,1.4213562,14.394608

11100932624935,-1.4919128,0.73664856,13.510986

11100942695736,-1.5657043,0.08621216,12.307678

11100952766536,-1.5787354,0.26963806,10.806793

11100962837337,-1.584549,0.55200195,9.27063

11100972908138,-1.6017456,0.90631104,7.8384094

11100982978939,-1.6210175,1.2737732,6.425186

11100993049739,-1.5984192,1.4043121,5.7001343

11101003120540,-1.5695496,1.4993439,5.0782166

11100995216487,-1.5940094,2.409256,11.404968

11101013191341,-1.607254,1.502182,5.763916

11101023262142,-1.6531067,1.4937439,6.6097565

11101033332943,-1.5565796,1.4064484,7.4674683

11101043403743,-1.4473724,1.312149,8.326202

11101053474544,-1.2924042,1.4730225,8.767471

11101063545345,-1.1374359,1.6339264,9.20874

11101073616146,-1.0843658,1.8524933,9.185516

11101083686946,-1.0317383,2.0681458,9.155243

11101093757747,-0.911438,1.9899597,9.01329

11101103828548,-0.797699,1.9138184,8.876511

11101113899349,-0.873703,1.8969269,8.889786

11101123970150,-0.9438629,1.8815765,8.89534

11101134040950,-0.9229889,1.8901672,8.781189

11101144111751,-0.8986664,1.9142761,8.651199

11101154182552,-0.8491974,2.050888,8.406235

11101164253353,-0.79585266,2.1959534,8.161957

11101174324153,-0.7076416,2.417099,7.923889

11101184394954,-0.6257324,2.6425629,7.690933

11101194465755,-0.585968,2.8967743,7.4921417

11101193977474,-0.9905853,2.009842,8.306213

11101204536556,-0.5640869,3.1338654,7.310852

11101214607357,-0.63998413,3.2772217,7.2253113

11101224678157,-0.6994629,3.3984833,7.147812

11101234748958,-0.68348694,3.4181519,7.107254

11101244819759,-0.68933105,3.4504395,7.1255493

11101254890560,-0.76342773,3.522171,7.3278046

11101264961361,-0.816391,3.6038208,7.542282

11101275032161,-0.79367065,3.720993,7.800537

11101285102962,-0.78378296,3.8452148,8.04747

11101295173763,-0.81752014,3.993393,8.25589

11101305244564,-0.83943176,4.1461334,8.483719

11101315315364,-0.82618713,4.312393,8.769241

11101325386165,-0.77479553,4.4231873,9.047028

11101335456966,-0.6232147,4.3883057,9.304474

11101345527767,-0.5184326,4.358429,9.549301

11101355598568,-0.5244446,4.3404083,9.7642975

11101365669368,-0.49461365,4.3120575,10.077072

11101375740169,-0.3868866,4.261215,10.602371

11101385810970,-0.3028717,4.2750397,11.072052

11101395881771,-0.26316833,4.409775,11.437744

11101393226741,-0.6230469,4.016968,8.91153

11101405952571,-0.2207489,4.509857,11.600006

11101416023372,-0.1736908,4.550888,11.41539

11101426094173,-0.13337708,4.6123962,11.324585

11101436164974,-0.103302,4.7050323,11.376312

11101446235775,-0.08026123,4.7836,11.486008

11101456306575,-0.0670166,4.842636,11.676376

11101466377376,0.04197693,4.853943,11.863037

11101476448177,0.27165222,4.805069,12.045059

11101486518978,0.38555908,4.6757965,12.159256

11101496589778,0.38085938,4.4641266,12.203934

11101506660579,0.29656982,3.9989624,11.734573

11101516731380,0.122406006,3.2475128,10.684753

11101526802181,-0.06893921,2.699829,9.528076

11101536872982,-0.276474,2.3438568,8.270767

11101546943782,-0.4444275,2.1666412,7.5038757

11101557014583,-0.578949,2.140213,7.150757

11101567085384,-0.43310547,2.125229,7.377075

11101577156185,-0.067489624,2.1191864,8.057632

11101587226986,0.15452576,2.3350983,8.753571

11101597297786,0.2758484,2.7065887,9.460281

11101591468929,-0.0098724365,3.5475616,10.174561

11101607368587,0.3753662,2.9963531,9.712463

11101617439388,0.46484375,3.24852,9.755463

11101627510189,0.33714294,3.355545,9.633087

11101637580989,0.08534241,3.379654,9.416229

11101647651790,-0.089904785,3.3075714,9.159866

11101657722591,-0.22584534,3.1860657,8.883179

11101667793392,-0.3299713,3.1424713,8.40683

11101677864193,-0.41926575,3.1352386,7.8372955

11101687934993,-0.43992615,3.266159,7.311508

11101698005794,-0.43241882,3.4537964,6.803665

11101708076595,-0.43563843,3.5285797,6.646164

11101718147396,-0.44145203,3.576233,6.5729675

11101728218196,-0.49305725,3.5987244,6.5360413

11101738288997,-0.5593262,3.6131897,6.510742

11101748359798,-0.6114044,3.5693207,6.4478607

11101758430599,-0.6595154,3.5091705,6.374481

11101768501400,-0.74264526,3.4585571,6.447235

11101778572200,-0.8343506,3.4102936,6.555832

11101788643001,-0.81355286,3.3169403,6.8131256

11101798713802,-0.7697754,3.2143707,7.100815

11101790443538,-0.39500427,3.3809357,7.540207

11101808784603,-0.76119995,3.2015228,7.41481

11101818855403,-0.7554016,3.1957245,7.730896

11101828926204,-0.76737976,3.2658386,8.065186

11101838997005,-0.7818146,3.3464355,8.402023

11101849067806,-0.7983856,3.457199,8.742706

11101859138607,-0.8152008,3.5713043,9.083817

11101869209407,-0.875473,3.692871,9.386215

11101879280208,-0.93963623,3.8151245,9.685181

11101889351009,-1.0456238,4.0126343,9.926743

11101899421810,-1.1481018,4.2166443,10.167664

11101909492611,-1.100235,4.4909363,10.468796

11101919563411,-1.0523834,4.7652283,10.769928

11101929634212,-1.0306244,5.059128,11.192444

11101939705013,-1.0112762,5.3509827,11.612091

11101949775814,-1.100296,5.544647,11.882751

11101959846614,-1.1841125,5.7309265,12.139496

11101969917415,-1.1503143,5.750229,12.0815735

11101979988216,-1.1369476,5.7821045,12.063568

11101990059017,-1.3961182,5.9816284,12.578461

11102000129818,-1.6552734,6.1811676,13.093338

11101991188167,-1.0469971,4.595154,10.481628

11102010200618,-1.8627167,5.75058,13.078903

11102020271419,-2.0550232,5.287613,12.9599

11102030342220,-2.1264343,4.591675,12.013412

11102040413021,-2.1917877,3.971527,11.0979

11102050483821,-2.2206573,3.8079224,10.3688965

11102060554622,-2.239273,3.6077118,9.70253

11102070625423,-2.20549,3.2203827,9.356216

11102080696224,-2.2054749,2.8332825,9.100372

11102090767025,-2.3486328,2.4471283,9.227875

11102100837825,-2.4631958,2.0985565,9.372925

11102110908626,-2.4716034,1.8895721,9.58313

11102120979427,-2.4429626,1.7373505,9.712585

11102131050228,-2.290451,1.7748718,9.572174

11102141121028,-2.1204376,1.854187,9.412659

11102151191829,-1.9015045,2.0502625,9.199738

11102161262630,-1.6718292,2.2079926,9.042664

11102171333431,-1.4152069,2.2694397,9.025787

11102181404232,-1.2043915,2.3733368,8.986954

11102191475032,-1.0959625,2.5721283,8.899002

11102189186214,-1.9781952,2.8817596,9.854401

11102201545833,-0.9811096,2.7351837,8.7070465

11102211616634,-0.85339355,2.8267365,8.307053

11102221687435,-0.72052,2.9144287,7.790756

11102231758236,-0.5783539,2.9951477,7.0654755

11102241829036,-0.4794464,3.1098175,6.4742584

11102251899837,-0.45057678,3.279419,6.1001587

11102261970638,-0.44258118,3.3782501,5.9118195

11102272041439,-0.46551514,3.372223,5.998703

11102282112239,-0.5433655,3.3812256,6.0927734

11102292183040,-0.6939697,3.410141,6.196396

11102302253841,-0.72636414,3.4253693,6.2977448

11102312324642,-0.6168976,3.4241638,6.3963776

11102322395443,-0.5445709,3.491272,6.50264

11102332466243,-0.51319885,3.6336517,6.617264

11102342537044,-0.49882507,3.768753,6.802307

11102352607845,-0.50123596,3.8966522,7.0569

11102362678646,-0.50109863,4.0076904,7.3663025

11102372749446,-0.498703,4.103775,7.724228

11102382820247,-0.49694824,4.217865,8.055008

11102392891048,-0.4957428,4.3467865,8.363434

11102388191341,-0.5502167,3.5739746,6.952484

11102402961849,-0.53518677,4.423218,8.599243

11102413032650,-0.6049652,4.4605103,8.780884

11102423103450,-0.6511841,4.437729,8.914764

11102433174251,-0.68130493,4.373871,9.015961

11102443245052,-0.7345581,4.395111,9.096359

11102453315853,-0.80210876,4.468918,9.16391

11102463386653,-0.77978516,4.4915924,9.397537

11102473457454,-0.72169495,4.493927,9.697342

11102483528255,-0.63656616,4.5880585,10.281982

11102493599056,-0.5379181,4.728119,11.009048

11102503669857,-0.43493652,4.930313,11.386169

11102513740657,-0.3302002,5.1576385,11.621826

11102523811458,-0.2811432,5.175827,11.844345

11102533882259,-0.2545929,5.1094666,12.061539

11102543953060,-0.2513733,4.9266205,12.1597595

11102554023861,-0.25637817,4.7027283,12.216049

11102564094661,-0.15917969,4.4001923,12.439713

11102574165462,-0.041992188,4.0822754,12.696136

11102584236263,-0.043258667,3.4644928,12.991486

11102594307064,-0.07698059,2.764511,13.297501

11102587226986,-0.42643738,4.4204407,11.024826

11102604377864,-0.14970398,2.0430908,12.908524

11102614448665,-0.23164368,1.3166046,12.355515

11102624519466,-0.26034546,1.3471069,11.102768

11102634590267,-0.27842712,1.5290222,9.710022

11102644641248,-0.20913696,1.7544556,8.537674

11102654712048,-0.12532043,1.9871063,7.4019012

11102664782849,-0.049728394,2.264923,7.1205597

11102674853650,0.025466919,2.5448914,6.8799286

11102684924451,0.1949768,2.940689,7.3925323

11102694995251,0.37532043,3.3497772,7.9916534

11102705066052,0.45614624,3.6043549,8.600784

11102715136853,0.52952576,3.847351,9.210693

11102725207654,0.48602295,3.737442,9.353943

11102735278455,0.4365387,3.6095276,9.473389

11102745349255,0.22415161,3.4464874,9.373901

11102755420056,0.0184021,3.2897797,9.267258

11102765490857,-0.02960205,3.2429504,9.1232605

11102775561658,-0.08137512,3.1988373,8.97699

11102785632458,-0.26811218,3.2518463,8.749283

11102786181775,0.024169922,2.7958374,8.95224

11102795703259,-0.449646,3.2902985,8.519043

11102805774060,-0.53504944,3.0605316,8.242371

11102815844861,-0.6317749,2.8514252,7.9600677

11102825915662,-0.87272644,2.9056396,7.60585

11102835986462,-1.0921936,2.95932,7.287857

11102846057263,-1.1114349,3.0079803,7.3070984

11102856128064,-1.1306763,3.056656,7.3263397

11102866198865,-1.16008,3.3014984,7.8282776

11102876269666,-1.1667175,3.5052338,8.1940155

11102886340466,-1.0287476,3.4410858,7.678406

11102896411267,-0.9535675,3.353119,7.2117004

11102906482068,-1.1857452,3.1486206,6.9843445

11102916552869,-1.3150787,3.0670166,6.878479

11102926623669,-1.0085907,3.5062256,7.2875366

11102936694470,-0.7344818,3.8648834,7.7337036

11102946765271,-0.576416,3.9348755,8.312881

11102956836072,-0.52565,4.04982,8.845886

11102966906873,-0.8047638,4.3030243,9.236877

11102976977673,-1.0317688,4.3376617,9.6532135

11102987048474,-1.078476,3.6160583,10.157227

11102985217419,-0.9667816,3.4183044,8.132675

11102997119275,-1.1720886,3.10495,10.473145

11103007190076,-1.3817291,3.1145935,10.323746

