96657555582197,0.018936157,-3.191513,9.602081

96657563394697,0.11891174,-3.781845,9.6354065

96657579019697,0.47358704,-3.4271698,9.299774

96657586832197,0.2046051,-3.4176483,9.40213

96657595316083,0.12843323,-3.3533783,9.673492

96657619608075,0.44740295,-3.101059,9.533051

96657629587323,0.14985657,-2.998703,9.2117

96657644663007,-0.20243835,-2.3750458,9.316437

96657664652021,-0.5547333,-1.844223,9.128387

96657674692304,-0.60710144,-2.0132294,9.316437

96657685587079,-0.54997253,-2.3083954,9.354523

96657696207197,-0.5047455,-2.4654999,9.533051

96657704691083,-0.37382507,-2.5773773,9.628265

96657714700849,-0.29527283,-2.5702362,10.132904

96657725473554,-0.20957947,-2.8392181,10.261444

96657735269697,0.76161194,-2.5868988,9.5520935

96657744882734,0.89967346,-1.613327,10.094818

96657755502851,0.3617096,-2.760666,10.147186

96657765482099,-0.67375183,-3.2962494,10.130524

96657775522382,-0.64042664,-2.8011322,9.821075

96657785532148,-0.21434021,-3.0106049,9.811554

96657794931562,0.1879425,-3.1700897,9.763947

96657805612714,0.17366028,-3.0010834,9.823456

96657815530927,-0.033432007,-3.0724945,9.830597

96657825571210,-0.13816833,-2.972519,10.004364

96657835580976,-0.05961609,-2.7749481,9.942474

96657844980390,-0.007247925,-2.8725433,9.816315

96657855539472,0.21412659,-3.120102,9.747284

96657850778730,-0.11317444,-2.683548,9.792038

96657865579755,0.38313293,-3.4057465,9.671112

96657875009687,0.51405334,-3.600937,9.8472595

96657889902265,0.39979553,-3.3676605,9.649689

96657900034101,0.3212433,-3.0724945,9.492584

96657910654218,0.20698547,-2.78685,9.359283

96657920663984,0.09034729,-2.7154388,9.235504

96657930673749,0.018936157,-2.8082733,9.045074

96657940683515,0.0022735596,-2.8296967,8.747528

96657950082929,0.19984436,-2.8368378,8.716583

96657960825116,0.4688263,-2.9487152,8.664215

96657970712812,0.6735382,-3.082016,9.023651

96657980722577,0.48786926,-3.082016,9.318817

96657990732343,0.10939026,-2.8915863,9.311676

96658000131757,-0.18577576,-2.5702362,9.164093

96658010782392,-0.35240173,-2.3083954,8.914154

96658020761640,-0.39762878,-2.177475,8.44046

96658030771405,-0.3881073,-2.5202484,7.9929504

96658040811689,-0.3714447,-3.2415009,8.214325

96658050180585,-0.3809662,-3.7437592,8.433319

96658060831220,-0.32383728,-3.8484955,8.590424

96658056070478,0.07380676,-2.9919128,8.991638

96658070810468,-0.26908875,-3.5747528,8.542816

96658080820234,-0.14768982,-3.1986542,8.485687

96658090829999,-0.052474976,-2.991562,8.276215

96658100259931,-0.01914978,-3.1796112,8.409515

96658110880048,-0.071517944,-3.6175995,8.323822

96658120859296,-0.20481873,-4.307907,8.192902

96658130869062,-0.32621765,-5.217209,8.090546

96658140878827,-0.46427917,-5.6313934,7.900116

96658150278241,-0.40238953,-5.5790253,7.6025696

96658160928876,-0.34526062,-5.3481293,8.000092

96658170908124,-0.30955505,-4.7982635,8.30954

96658180917890,-0.3047943,-4.3745575,8.676117

96658190927655,-0.39048767,-4.622116,8.868927

96658200357587,-0.6761322,-5.0601044,9.085541

96658210977704,-0.6594696,-5.886093,9.630646

96658220987470,-0.3714447,-6.776352,9.449738

96658230966718,-0.2571869,-8.273605,9.397369

96658240976484,-0.16197205,-7.9355927,8.614227

96658250406415,0.22364807,-8.145065,8.395233

96658261026532,-0.20957947,-7.161972,7.7120667

96658256265790,-0.2709961,-5.2839813,8.498184

96658271005780,-0.7404022,-5.3362274,7.4597473

96658281046064,-0.73802185,-3.7723236,7.362152

96658291055829,-0.4547577,-3.6056976,7.6287537

96658300455243,0.12605286,-4.2198334,7.324066

96658311105878,0.15223694,-6.031296,7.619232

96658321085126,0.37123108,-6.82872,8.083405

96658331094892,0.55451965,-7.1595917,8.611847

96658341104657,0.62831116,-7.2595673,8.635651

96658350504072,0.46168518,-6.912033,8.05484

96658361124189,0.27601624,-6.0693817,7.6287537

96658371133954,0.14509583,-5.6194916,7.5263977

96658381143720,0.028457642,-5.4647675,7.933441

96658391153486,0.13557434,-5.155319,8.369049

96658400552900,0.59736633,-5.007736,8.666595

96658411173017,0.6640167,-4.7006683,8.807037

96658421182782,0.51405334,-4.795883,8.811798

96658431192548,0.34980774,-4.8934784,8.764191

96658441202314,0.345047,-5.212448,8.787994

96658450601728,0.4021759,-5.281479,8.797516

96658461221845,0.41645813,-4.9720306,8.618988

96658456461103,0.21174622,-5.4149017,8.174576

96658471231611,0.43074036,-4.743515,8.549957

96658481302411,0.35456848,-4.7601776,8.338104

96658491251142,0.25697327,-5.167221,8.330963

96658500650556,0.24745178,-5.5099945,8.252411

96658511270673,0.26649475,-5.852768,8.066742

96658521249921,0.26411438,-6.078903,7.895355

96658531290204,0.29267883,-6.226486,7.957245

96658541299970,0.27363586,-5.878952,7.978668

96658550699384,0.29267883,-5.274338,8.138153

96658561319501,0.31648254,-5.2648163,8.31192

96658571298749,0.48310852,-5.712326,8.426178

96658581339032,0.57832336,-5.6575775,8.357147

96658591318280,0.4759674,-5.257675,8.995087

96658600717695,0.5997467,-4.6483,9.6354065

96658611093671,0.44026184,-3.7580414,9.087921

96658621347577,0.36647034,-3.3557587,8.735626

96658631357343,0.9806061,-3.87706,8.702301

96658641397626,0.659256,-3.8294525,8.914154

96658650797040,0.3688507,-3.9080048,8.738007

96658661478193,-0.050094604,-4.0151215,8.43808

96658656717450,0.39491272,-4.9388275,8.492477

96658671396405,-0.24528503,-4.372177,8.330963

96658681406171,-0.15245056,-4.8292084,7.9096375

96658691415937,0.06654358,-5.6694794,8.061981

96658700815351,0.22364807,-6.205063,8.388092

96658711160810,0.18080139,-5.4766693,8.131012

96658721262128,0.02607727,-4.8173065,8.528534

96658731485517,0.07130432,-5.1457977,9.111725

96658741464765,0.28077698,-5.3171844,9.011749

96658751627118,0.659256,-4.7720795,8.776093

96658761453779,0.8568268,-4.1579437,8.876068

96658771616132,0.8949127,-3.7770844,8.864166

96658781656415,0.7973175,-3.9532318,8.50235

96658791666181,0.8377838,-4.562607,8.8594055

96658801614911,0.9068146,-5.1243744,8.399994

96658810831220,1.0163116,-5.6575775,8.549957

96658821664960,0.8163605,-5.4147797,8.640411

96658831583173,0.58070374,-5.038681,8.683258

96658841562421,0.31886292,-4.6744843,8.621368

96658851602704,0.15699768,-4.7030487,8.290497

96658860849530,0.16889954,-4.9982147,8.195282

96658856088788,0.42312622,-4.9333496,8.536621

96658871683271,0.19508362,-5.3743134,8.409515

96658881601484,0.2783966,-5.807541,8.397614

96658891611249,0.39027405,-6.136032,8.159576

96658901712568,0.42359924,-6.4907074,8.409515

96658910898359,0.26887512,-5.531418,9.621124

96658921732099,0.14985657,-3.5652313,9.149811

96658931650312,-0.14292908,-2.279831,8.735626

96658941690595,-0.20005798,-2.248886,9.568756

96658951700361,-0.16197205,-2.5964203,9.240265

96658960947187,-0.15245056,-3.3843231,8.571381

96658971780927,-0.12150574,-4.410263,8.423798

96658981729657,0.0022735596,-4.903,8.490448

96658991708905,0.23078918,-4.876816,8.271454

96659001749189,0.2545929,-4.7863617,8.326202

96659010996015,0.38075256,-4.743515,8.590424

96659021829755,0.54737854,-5.1005707,8.640411

96659031778486,0.82588196,-5.1767426,8.561859

96659041757734,0.85206604,-4.8887177,8.749908

96659051798017,0.8282623,-5.026779,8.728485

96659061044843,0.72114563,-5.1315155,8.802277

96659056284101,0.27851868,-4.6229553,8.692429

96659071878583,0.5926056,-5.0363007,8.7118225

96659081796796,0.37361145,-4.8220673,9.01413

96659091867597,0.1474762,-4.2722015,8.854645

96659101846845,0.12843323,-4.379318,8.6475525

96659111093671,0.10700989,-4.9839325,8.404755

96659121927411,0.18318176,-5.60997,8.226227

96659131845624,0.18556213,-5.9575043,8.304779

96659141855390,0.32362366,-6.1717377,8.323822

96659151895673,0.33790588,-6.1050873,8.895111

96659161142499,0.22602844,-4.564987,8.785614

96659171976239,0.28315735,-3.3938446,8.7951355

96659181894452,0.38313293,-3.4962006,9.2378845

96659191904218,0.54499817,-3.8889618,8.973663

96659201913984,0.52119446,-4.203171,8.8784485

96659211191327,0.3783722,-4.4316864,8.828461

96659221964032,0.2046051,-4.160324,8.778473

96659231943280,0.04988098,-3.7389984,8.980804

96659241953046,0.080825806,-3.6866302,8.780853

96659251993329,0.24507141,-4.1698456,8.50473

96659261240155,0.3855133,-4.562607,8.738007

96659256479413,0.2841034,-4.581772,8.733246

96659271982343,0.38075256,-4.4769135,8.314301

96659282022626,0.25221252,-4.71257,8.638031

96659292001874,0.31648254,-5.2005463,8.945099

96659302042157,0.345047,-5.4957123,8.56662

96659311288984,0.29267883,-5.2838593,8.792755

96659322061689,0.28077698,-5.012497,8.847504

96659332071454,0.22602844,-4.2412567,8.861786

96659342081220,0.19270325,-3.7961273,8.723724

96659352060468,0.15937805,-4.186508,8.704681

96659361490400,0.24745178,-4.936325,8.538055

96659372110517,0.16889954,-5.386215,8.459503

96659382120282,0.19984436,-5.486191,8.452362

96659392130048,0.102249146,-5.698044,8.321442

96659402109296,0.15699768,-6.019394,8.278595

96659411539228,0.2545929,-6.0550995,8.335724

96659422159345,0.35694885,-5.8765717,8.935577

96659432169111,0.46644592,-4.474533,9.525909

96659442148359,0.2879181,-2.9748993,8.8237

96659452158124,0.24983215,-2.941574,9.199799

96659461588056,0.15223694,-3.1748505,9.347382

96659456827314,0.25447083,-4.7714844,8.730621

96659472208173,-0.0667572,-3.3914642,8.987946

96659482217939,-0.264328,-3.8365936,8.728485

96659492197187,-0.26194763,-4.481674,8.161957

96659502206952,-0.116744995,-5.262436,8.021515

96659511606366,0.052261353,-5.698044,8.30954

96659522012861,0.0974884,-5.302902,8.4809265

96659532022626,0.20936584,-4.9387054,8.426178

96659542032392,0.26887512,-4.7268524,8.6475525

96659552011640,0.3855133,-4.384079,8.959381

96659561655195,0.56404114,-3.838974,9.154572

96659572061689,0.54499817,-3.8532562,8.907013

96659582071454,0.59736633,-4.6316376,8.8594055

96659592050702,0.511673,-5.0791473,8.721344

96659602060468,0.33790588,-4.819687,8.935577

96659611704023,0.14271545,-4.5269012,8.876068

96659622110517,0.099868774,-4.384079,8.818939

96659632089765,0.08558655,-4.307907,8.733246

96659642099530,0.14985657,-4.3674164,8.492828

96659652109296,0.1879425,-5.1267548,8.378571

96659661752851,0.20698547,-5.9456024,8.433319

96659656992109,0.18663025,-4.6452026,8.651718

96659672159345,0.2212677,-6.1645966,8.43808

96659682138593,0.34980774,-5.788498,8.69516

96659692178876,0.3212433,-4.486435,8.790375

96659702249677,0.32362366,-3.3271942,8.69516

96659711771161,0.14509583,-3.698532,9.133148

96659722208173,0.27601624,-4.057968,9.154572

96659732309491,0.29981995,-4.084152,9.056976

96659742441327,0.25221252,-4.0793915,9.354523

96659752451093,0.29267883,-4.191269,9.347382

96659761850507,0.3117218,-4.057968,8.811798

96659772470624,0.2879181,-4.0603485,9.004608

96659782541425,0.114151,-3.9008636,8.738007

96659792490155,0.0974884,-3.8913422,8.745148

96659802499921,0.1308136,-4.0984344,8.621368

96659811899335,0.20222473,-4.524521,8.747528

96659822549970,0.23078918,-4.769699,8.583282

96659832529218,0.123672485,-4.8815765,8.188141

96659842538984,-0.050094604,-5.360031,8.05484

96659852548749,-0.08580017,-5.795639,8.230988

96659861948163,0.0022735596,-6.109848,7.9810486

96659857187421,0.1923523,-4.5664215,8.718613

96659872598798,0.11653137,-5.974167,8.457123

96659882547529,0.21412659,-5.4266815,8.771332

96659892587812,0.35694885,-5.186264,8.852264

96659902597577,0.4355011,-4.986313,8.702301

96659911996991,0.44740295,-4.755417,8.635651

96659922617109,0.34980774,-4.376938,8.904633

96659932626874,0.29029846,-3.8246918,9.028412

96659942636640,0.14033508,-3.2153168,8.947479

96659952646405,0.16889954,-2.7201996,9.347382

96659962045820,0.34980774,-2.97966,9.0260315

96659972696454,0.4355011,-3.8270721,8.987946

96659982675702,0.35456848,-4.512619,9.011749

96659992685468,0.19746399,-5.0529633,8.840363

96660002695234,0.04988098,-5.212448,8.571381

96660012094648,-0.0667572,-5.379074,8.335724

96660022714765,-0.023910522,-5.550461,8.433319

96660032785566,-1.0681152E-4,-5.9575043,8.214325

96660042490155,0.123672485,-5.917038,8.359528

96660052499921,0.26887512,-5.4457245,8.75705

96660062112958,0.35456848,-4.4769135,9.021271

96660057352216,0.22816467,-4.7388763,8.760269

96660072519452,0.30934143,-3.7009125,8.847504

96660082529218,0.26887512,-3.838974,9.028412

96660092538984,0.29981995,-4.19841,9.166473

96660102548749,0.29029846,-4.205551,9.035553

96660112192304,0.22840881,-4.4911957,8.768951

96660122568280,0.21174622,-4.7197113,8.569

96660132547529,0.16175842,-5.0148773,8.335724

96660142587812,0.14509583,-5.274338,8.533295

96660152597577,0.13795471,-4.8173065,8.585663

96660162210614,0.04273987,-4.0222626,8.576141

96660172617109,0.04988098,-3.781845,8.735626

96660182626874,0.11177063,-3.8056488,8.876068

96660192636640,0.32362366,-3.6628265,9.20694

96660202646405,0.39741516,-3.569992,9.064117

96660212259443,0.24983215,-4.0056,8.714203

96660222665937,0.021316528,-4.5721283,8.866547

96660232675702,-0.052474976,-5.0791473,8.6285095

96660242746503,0.09034729,-5.443344,8.576141

96660252908857,0.11177063,-5.5099945,8.538055

96660262338788,0.1474762,-5.890854,8.423798

96660257578046,0.1773529,-4.48024,8.75383

96660272989423,0.2545929,-5.821823,8.385712

96660282968671,0.30934143,-5.1386566,8.7308655

96660292978437,0.28553772,-4.4507294,8.89035

96660302957685,0.3045807,-4.038925,9.123627

96660312448652,0.16175842,-3.9841766,9.156952

96660322946698,0.37361145,-4.345993,9.302155

96660333017499,0.31410217,-4.165085,8.7308655

96660342996747,0.2212677,-4.057968,8.959381

96660353006513,0.09510803,-3.9913177,8.716583

96660362436445,0.016555786,-3.7342377,8.557098

96660372903974,0.10939026,-4.0151215,8.526154

96660383066327,0.19270325,-4.19841,8.459503

96660393076093,0.20222473,-4.307907,8.749908

96660403055341,0.20222473,-4.481674,8.649933

96660413095624,0.16889954,-4.8934784,8.626129

96660423349530,0.09272766,-5.3052826,8.538055

96660433115155,0.02607727,-5.383835,8.411896

96660443124921,0.028457642,-5.3290863,8.714203

96660453134687,0.08320618,-5.2267303,8.816559

96660463144452,0.09510803,-5.107712,8.466644

96660458383710,0.17687988,-4.5989075,8.725632

96660472421796,0.2212677,-5.4076385,8.726105

96660483225019,0.30934143,-5.4528656,8.790375

96660493173749,0.2379303,-4.891098,8.747528

96660503183515,0.14033508,-4.345993,8.880829

96660512582929,0.12843323,-4.462631,9.064117

96660522440107,0.13319397,-4.434067,8.707062

96660533304364,0.07368469,-4.6554413,8.749908

96660543222577,0.06892395,-4.7220917,8.511871

96660553232343,0.06892395,-4.5745087,8.169098

96660563242109,0.10939026,-4.5102386,8.447601

96660572519452,0.14509583,-3.87706,8.766571

96660583322675,0.19984436,-3.460495,8.918915

96660593271405,0.38075256,-3.896103,9.118866

96660603281171,0.37123108,-4.167465,8.807037

96660613290937,0.3688507,-4.6435394,9.08316

96660622568280,0.58784485,-5.3552704,9.521149

96660633371503,0.7996979,-5.0101166,9.542572

96660643320234,0.6187897,-4.19841,9.759186

96660653329999,1.6566315,-3.967514,9.637787

96660663339765,1.4114532,-3.467636,9.537811

96660658579023,0.4015808,-4.475006,8.9743805

96660672586591,1.4733429,-3.948471,9.304535

96660683420331,0.9972687,-4.4578705,9.692535

96660693369062,0.50691223,-5.0934296,9.385468

96660703378827,0.37123108,-5.6456757,9.268829

96660713388593,0.23316956,-5.8004,9.190277

96660722635419,0.04512024,-5.781357,9.087921

96660733499677,-0.047714233,-5.9860687,8.847504

96660743387372,-0.08580017,-5.9027557,8.685638

96660753397138,-0.057235718,-5.988449,8.614227

96660763467939,-0.071517944,-5.974167,8.473785

96660772684247,-0.10960388,-5.6694794,8.207184

96660783517988,-0.21195984,-5.5885468,8.18338

96660793527753,-0.49046326,-5.250534,8.297638

96660803445966,-0.8998871,-4.729233,7.952484

96660813455732,-1.1950531,-4.4388275,7.3121643

96660822733075,-1.4235687,-4.3626556,7.259796

96660833475263,-1.4997406,-4.1627045,6.302887

96660843485029,-1.6735077,-4.167465,5.905365

96660853494794,-1.464035,-4.769699,6.1529236

96660863504560,-1.1117401,-5.821823,6.7432556

96660858743818,-0.33573914,-5.1769867,8.143387

96660872781904,-1.0760345,-6.205063,6.798004

96660883493573,-1.0807953,-6.1764984,6.6861267

96660893533857,-1.0284271,-6.1122284,6.7408752

96660903543622,-0.98558044,-6.1907806,7.214569

96660913583905,-1.0546112,-6.333603,7.400238

96660922891767,-1.1165009,-6.4978485,7.2288513

96660933633954,-1.2236176,-6.583542,6.988434

96660943582685,-1.271225,-7.1215057,6.995575

96660953592450,-1.2164764,-7.4404755,7.112213

96660963602216,-1.1783905,-7.4666595,7.355011

96660972879560,-1.3783417,-7.01915,7.362152

96660983713300,-1.4092865,-6.3383636,7.2502747

96660993631513,-1.187912,-6.1050873,7.290741

96661003641279,-1.0807953,-5.9337006,7.238373

96661013620527,-0.892746,-6.12175,7.15506

96661023050458,-0.95225525,-6.295517,7.4169006

96661033670575,-1.1998138,-5.8313446,7.3335876

96661043680341,-0.94511414,-5.890854,7.5240173

96661053659589,-0.7975311,-6.0289154,7.4811707

96661063669355,-0.78800964,-6.2550507,7.6144714

96661058908613,-1.0931702,-6.3974,7.2093353

96661073068769,-0.7165985,-6.5692596,7.978668

96661083597333,-0.73802185,-6.654953,8.0381775

96661093668134,-0.56663513,-6.4526215,7.881073

96661103769452,-0.40000916,-6.052719,7.895355

96661113718183,-0.23338318,-5.955124,7.835846

96661123117597,-0.1572113,-5.848007,7.8001404

96661133768232,0.09034729,-6.078903,8.028656

96661143747480,0.29267883,-6.0693817,8.135773

96661153757245,0.261734,-5.6956635,8.123871

96661163767011,0.3521881,-5.371933,8.126251

96661173166425,0.6568756,-5.5290375,8.740387

96661183786542,0.61164856,-5.2648163,8.511871

96661193796308,0.035598755,-5.179123,9.052216

96661203806073,1.4281158,-5.7289886,8.828461

96661213815839,1.4090729,-5.7218475,8.785614

96661223215253,0.7497101,-5.3885956,8.752289

96661233835370,0.54499817,-5.000595,8.485687

96661243845136,0.66877747,-4.96727,8.449982

96661253854902,0.8449249,-4.9577484,8.507111

96661263864667,0.7401886,-4.864914,8.457123

96661259103925,0.29374695,-5.667572,8.3207245

96661273264081,0.62831116,-5.1767426,8.483307

96661283884198,0.4259796,-5.7932587,8.399994

96661293893964,0.3617096,-5.962265,8.095306

96661303873212,0.29981995,-5.871811,7.8715515

96661313913495,0.25935364,-5.9075165,7.8334656

96661323343427,0.20698547,-6.1717377,7.695404

96661333933027,0.1641388,-6.450241,7.6477966

96661343942792,0.18080139,-6.500229,7.619232

96661353922040,0.19508362,-6.200302,7.919159

96661363931806,0.25935364,-5.5028534,8.273834

96661373361738,0.24031067,-5.019638,8.590424

96661383981855,0.42836,-5.2100677,8.609467

96661393961103,0.4854889,-5.4576263,9.095062

96661403970868,1.0877228,-4.2007904,7.9286804

96661413980634,0.76161194,-3.0225067,8.616608

96661423380048,0.86872864,-3.4128876,9.049835

96661434000165,0.8949127,-4.410263,9.3211975

96661444009931,0.6021271,-4.691147,8.623749

96661453989179,0.31648254,-4.7387543,8.883209

96661464029462,0.14985657,-4.460251,8.7951355

96661459268720,0.44085693,-5.2080383,8.367615

96661473428876,0.21888733,-4.403122,8.616608

96661484048993,0.32362366,-4.8815765,8.585663

96661494058759,0.40455627,-5.2671967,8.181

96661504038007,0.28077698,-5.3552704,8.380951

96661514078290,0.2712555,-5.4004974,8.307159

96661523477704,0.29743958,-5.3362274,8.133392

96661534280927,0.4259796,-5.319565,8.285736

96661544107587,0.38313293,-5.1267548,8.24527

96661554086835,0.38313293,-4.7792206,8.473785

96661564127118,0.43312073,-4.8482513,8.535675

96661573496015,0.49263,-4.8815765,8.278595

96661584146650,0.40693665,-5.0624847,8.43808

96661594156415,0.3688507,-5.1576996,8.414276

96661604135663,0.24983215,-5.3743134,8.461884

96661614175947,0.32600403,-5.583786,8.659454

96661623544843,0.4355011,-5.3481293,8.428558

96661634195478,0.49263,-5.114853,8.676117

96661644205243,0.48310852,-4.9958344,8.614227

96661654215009,0.5569,-4.7839813,8.554718

96661664194257,0.49977112,-4.898239,8.50235

96661659433515,0.3867035,-5.095932,8.438675

96661673593671,0.43312073,-5.3171844,8.554718

96661684244306,0.39265442,-5.4600067,8.557098

96661694223554,0.33790588,-4.7030487,8.735626

96661704233320,0.37599182,-3.2248383,8.849884

96661714243085,0.4593048,-3.2200775,8.602325

96661723611982,0.53071594,-4.569748,8.319061

96661734384687,0.35932922,-5.486191,8.209564

96661744394452,0.06892395,-6.269333,8.1024475

96661754404218,-0.06199646,-6.669235,7.971527

96661764413984,0.0974884,-6.3312225,8.235748

96661773691327,0.33790588,-5.6432953,8.495209

96661784433515,0.48072815,-4.9839325,8.804657

96661794443280,0.4759674,-4.4388275,8.871307

96661804330976,0.50453186,-4.2650604,8.883209

96661814340741,0.48786926,-4.250778,8.961761

96661823740155,0.47358704,-4.0056,8.728485

96661834360273,0.4259796,-4.3174286,8.573761

96661844339521,0.37123108,-4.731613,8.37381

96661854379804,0.37599182,-4.460251,8.526154

96661864389570,0.33314514,-4.5911713,8.461884

96661859628827,0.36302185,-4.846939,8.540909

96661873788984,0.39265442,-5.0529633,8.300018

96661884805829,0.4521637,-5.871811,8.290497

96661894418866,0.3117218,-6.178879,8.214325

96661904398114,0.14509583,-5.7670746,8.123871

96661914590986,0.2212677,-5.4600067,8.297638

96661923837812,0.43788147,-5.2790985,8.557098

96661934152753,0.5830841,-4.705429,8.785614

96661944467695,0.5188141,-4.1769867,8.76181

96661954477460,0.35932922,-4.2912445,8.840363

96661964456708,0.3283844,-4.71019,8.799896

96661973886640,0.29743958,-4.960129,8.63327

96661984262616,0.27363586,-5.03154,8.740387

96661994486005,0.3045807,-4.819687,8.640411

96662004465253,0.3688507,-4.9577484,8.861786

96662014475019,0.5021515,-4.376938,8.202423

96662024576337,0.53785706,-4.429306,8.809418

96662034677655,0.47120667,-4.5721283,8.342865

96662044534833,0.31886292,-4.512619,8.664215

96662054544599,0.35932922,-4.2341156,8.571381

96662064554364,0.39741516,-4.2269745,8.559479

96662059793622,0.37908936,-4.8807373,8.549835

96662074564130,0.43312073,-4.357895,8.714203

96662083841474,0.41407776,-4.724472,8.547577

96662094553144,0.39741516,-5.564743,8.469025

96662104593427,0.19746399,-6.090805,8.135773

96662114572675,0.10939026,-5.686142,8.280975

96662124002607,0.10939026,-5.28862,8.235748

96662133890302,0.19270325,-5.4314423,8.11911

96662144693525,0.27363586,-5.955124,8.083405

96662154611738,0.30696106,-6.2931366,7.9667664

96662164621503,0.42836,-6.7549286,7.9239197

96662174661786,0.5402374,-6.916794,8.383331

96662183908613,0.49263,-5.155319,8.892731

96662194742353,0.39979553,-3.6580658,8.273834

96662204660566,0.39265442,-4.288864,9.037933

96662214670331,0.45692444,-4.814926,8.657074

96662224710614,0.37361145,-4.160324,8.816559

96662233957441,0.19508362,-2.7701874,8.742767

96662244760663,0.29743958,-3.6175995,8.654694

96662254709394,0.4188385,-5.6504364,8.295258

96662264780195,0.2545929,-6.2479095,8.326202

96662260019452,0.33421326,-5.1713867,8.427841

96662274698407,0.15937805,-5.614731,8.37381

96662283975751,0.22364807,-5.205307,8.535675

96662294809491,0.40455627,-4.9458466,8.526154

96662304727704,0.47834778,-4.860153,8.747528

96662314767988,0.40693665,-4.750656,8.75943

96662324777753,0.27363586,-4.8744354,8.478546

96662334024579,0.26649475,-5.005356,8.728485

96662344858320,0.24983215,-5.012497,8.516632

96662354776532,0.26649475,-5.2076874,8.188141

96662364816816,0.20222473,-5.243393,8.18338

96662375009687,0.3355255,-5.231491,8.359528

96662384073407,0.46406555,-4.77446,8.402374

96662394876630,0.46644592,-4.0222626,8.707062

96662404794843,0.40693665,-3.9151459,8.847504

96662414804609,0.38789368,-4.2841034,8.530914

96662424844892,0.33790588,-5.238632,8.521393

96662434091718,0.2046051,-5.743271,8.357147

96662444894941,0.15223694,-5.762314,8.380951

96662454843671,0.14271545,-5.621872,8.30954

96662464853437,0.21174622,-5.5671234,8.354767

96662460092695,0.30207825,-5.044037,8.490448

96662474863202,0.30696106,-5.7028046,8.2690735

96662484140546,0.42359924,-6.2026825,7.9929504

96662494852216,0.53071594,-6.3383636,8.745148

96662504861982,0.43788147,-4.5721283,9.118866

96662514871747,0.33314514,-3.120102,8.895111

96662524912030,0.46168518,-3.7128143,9.309296

96662534158857,0.4259796,-4.4959564,8.835602

96662544992597,0.29981995,-4.3864594,8.399994

96662554910810,0.25935364,-4.281723,8.990326

96662564920575,0.2950592,-4.2769623,8.423798

96662574930341,0.34742737,-4.5983124,8.221466

96662584207685,0.42359924,-5.1457977,8.423798

96662595010907,0.3950348,-5.531418,8.266693

96662604929120,0.3117218,-5.6718597,7.9739075

96662614938886,0.22840881,-5.648056,8.407135

96662624948652,0.16889954,-5.4004974,8.235748

96662634378583,0.16651917,-5.0815277,8.426178

96662645029218,0.26411438,-5.191025,8.561859

96662655038984,0.39027405,-5.3814545,8.638031

96662664987714,0.43788147,-5.3624115,8.654694

96662660226972,0.34539795,-5.0051117,8.53949

96662675027997,0.4355011,-5.064865,8.635651

96662684396894,0.41645813,-4.7911224,8.526154

96662695108564,0.44026184,-4.634018,8.661835

96662705026777,0.3950348,-4.6578217,8.773712

96662715402753,0.39265442,-4.660202,8.82132

96662724863202,0.36408997,-4.7030487,8.82132

96662734445722,0.24269104,-4.6173553,8.780853

96662745157392,0.27601624,-4.3888397,8.861786

96662755136640,0.14509583,-4.0793915,8.792755

96662765054853,0.35694885,-4.084152,9.08316

96662775064618,0.45692444,-4.1174774,8.44046

96662784464032,0.3783722,-4.672104,8.507111

96662795084150,0.23078918,-5.236252,8.461884

96662805093915,0.12605286,-5.364792,8.095306

96662815103681,0.1474762,-5.360031,8.131012

96662825113447,0.2950592,-5.488571,8.264313

96662834512861,0.4355011,-5.474289,8.204803

96662845132978,0.4593048,-5.467148,8.402374

96662855112226,0.46168518,-5.3957367,8.383331

96662865121991,0.43312073,-5.3362274,8.37381

96662860361249,0.3444519,-4.879669,8.551147

96662875131757,0.42121887,-5.2862396,8.6285095

96662884531171,0.45454407,-5.28862,8.787994

96662895151288,0.39979553,-5.243393,8.361908

96662905161054,0.18080139,-5.2338715,8.280975

96662915140302,0.16651917,-5.102951,8.723724

96662925180585,0.19032288,-4.436447,8.642792

96662934579999,0.35932922,-3.4771576,8.833221

96662945200116,0.4355011,-3.7056732,8.94986

96662955179364,0.44026184,-4.5935516,8.488068

96662965189130,0.3117218,-5.4457245,8.657074

96662975198896,0.23078918,-5.2910004,8.488068

96662984598310,0.26411438,-5.198166,8.430939

96662995248945,0.28077698,-5.493332,8.383331

96663005228193,0.33314514,-5.8384857,8.319061

96663015207441,0.36647034,-5.5814056,8.397614

96663025247724,0.36408997,-5.1886444,8.780853

96663034647138,0.3045807,-4.6197357,8.814178

96663045267255,0.38075256,-4.205551,8.911774

96663055277021,0.38789368,-4.1317596,8.4809265

96663065256269,0.45454407,-4.0674896,8.723724

96663060495527,0.33636475,-4.87146,8.604233

96663075266034,0.40931702,-4.267441,8.778473

96663084665448,0.35932922,-4.77684,8.4999695

96663095285566,0.34028625,-5.069626,8.1857605

96663105295331,0.30696106,-5.5790253,8.092926

96663115305097,0.20936584,-6.0408173,8.05722

96663125314863,0.18318176,-5.8099213,8.197662

96663134714277,0.123672485,-4.9577484,8.50235

96663145334394,0.23316956,-4.8292084,8.583282

96663155313642,0.34980774,-5.1838837,8.392853

96663165323407,0.30696106,-5.3552704,8.507111

96663175333173,0.23078918,-5.3814545,8.43808

96663184732587,0.345047,-5.4314423,8.44046

96663195352704,0.4259796,-5.300522,8.714203

96663205362470,0.46168518,-4.524521,8.883209

96663215372236,0.39265442,-3.793747,8.773712

96663225168378,0.42359924,-4.055588,9.049835

96663234750898,0.44740295,-4.5102386,8.907013

96663245432050,0.35932922,-4.610214,9.011749

96663255380780,0.2950592,-4.441208,8.609467

96663265390546,0.32362366,-3.9913177,8.585663

96663260629804,0.32635498,-4.895508,8.560547

96663275369794,0.30934143,-3.846115,8.728485

96663284799726,0.37123108,-3.948471,8.718964

96663295419843,0.40455627,-4.4126434,8.559479

96663305399091,0.44740295,-5.217209,8.328583

96663315439374,0.29029846,-5.833725,8.040558

96663325449140,0.11891174,-5.9908295,8.0191345

96663334848554,0.04512024,-5.781357,8.159576

96663345468671,0.1712799,-5.7599335,8.090546

96663355447919,0.24983215,-6.0217743,8.107208

96663365549238,0.27601624,-6.071762,8.357147

96663375467450,0.2879181,-5.533798,8.497589

96663384866864,0.24507141,-4.84111,8.554718

96663395486982,0.29981995,-4.895859,8.554718

96663405466230,0.3688507,-4.9458466,8.618988

96663415506513,0.33314514,-4.876816,8.585663

96663425516279,0.26649475,-5.088669,8.778473

96663434915693,0.25221252,-4.9720306,8.397614

96663445566327,0.3117218,-4.9268036,8.447601

96663455515058,0.38313293,-4.845871,8.471405

96663465524823,0.31410217,-4.6625824,8.547577

96663460764081,0.287323,-5.123657,8.428207

96663475534589,0.25697327,-4.679245,8.685638

96663484934003,0.30934143,-4.6244965,8.740387

96663495676191,0.38789368,-4.2841034,8.892731

96663505594404,0.4188385,-4.224594,8.688019

96663515573652,0.3855133,-4.698288,8.728485

96663525552900,0.37599182,-4.83873,8.638031

96663534982831,0.26649475,-4.731613,8.4809265

96663545511396,0.20936584,-4.664963,8.50473

96663555612714,0.261734,-4.9339447,8.371429

96663565622480,0.2712555,-5.198166,8.188141

96663575601728,0.24031067,-5.321945,8.488068

96663585001142,0.24031067,-5.212448,8.435699

96663595499189,0.30934143,-5.314804,8.411896

96663605631025,0.29267883,-5.255295,8.266693

96663615640790,0.1641388,-5.1886444,8.24765

96663625650556,0.20222473,-5.4123993,8.359528

96663635690839,0.24507141,-5.5028534,8.383331

96663644937665,0.31648254,-5.500473,8.385712

96663655740888,0.26887512,-5.8384857,8.169098

96663665689618,0.27363586,-6.031296,8.135773

96663660928876,0.28482056,-5.0728455,8.460098

96663675668866,0.27363586,-5.5457,8.188141

96663685709150,0.44026184,-5.493332,9.033173

96663694955976,0.38789368,-4.5935516,8.747528

96663705789716,0.3045807,-3.7461395,8.704681

96663715524823,0.3045807,-3.9508514,8.961761

96663725504072,0.35694885,-4.384079,8.7951355

96663735117109,0.28077698,-4.512619,8.680878

96663745004804,0.27601624,-4.6625824,8.69754

96663755838544,0.18080139,-4.4959564,8.6285095

96663765756757,0.16175842,-4.7220917,8.611847

96663775766523,0.2783966,-4.903,8.668976

96663785837323,0.35456848,-4.5721283,8.726105

96663795023114,0.31886292,-4.474533,8.652313

96663805856855,0.32600403,-4.8220673,8.754669

96663815775068,0.2879181,-4.788742,8.592804

96663825784833,0.32362366,-4.8292084,8.580902

96663835855634,0.3783722,-4.8220673,8.602325

96663845041425,0.24031067,-5.102951,8.511871

96663855875165,0.2212677,-5.5480804,8.238129

96663865823896,0.24507141,-5.5171356,8.473785

96663861063154,0.29708862,-4.774338,8.642548

96663875833661,0.32600403,-4.9767914,8.561859

96663885751874,0.28315735,-4.8292084,8.430939

96663895090253,0.3117218,-5.0624847,8.611847

96663905923993,0.3117218,-5.045822,8.483307

96663915842206,0.19746399,-5.0624847,8.433319

96663925851972,0.2950592,-5.012497,8.728485

96663935892255,0.31410217,-4.7411346,8.497589

96663945108564,0.28077698,-4.7792206,8.557098

96663955942304,0.2212677,-5.0148773,8.530914

96663965860517,0.18080139,-5.09581,8.428558

96663975961835,0.25221252,-5.107712,8.476166

96663985910566,0.24269104,-5.186264,8.497589

96663995157392,0.28315735,-5.1243744,8.452362

96664005991132,0.26649475,-4.9982147,8.514252

96664015909345,0.31410217,-5.0291595,8.5642395

96664025919111,0.35456848,-5.102951,8.435699

96664035959394,0.3688507,-5.1386566,8.449982

96664045206220,0.36408997,-5.057724,8.490448

96664056009443,0.43312073,-5.038681,8.521393

96664065927655,0.3783722,-4.941086,8.452362

96664061166913,0.2989807,-5.0172577,8.50592

96664075967939,0.3212433,-4.5483246,8.50473

96664085947187,0.22602844,-4.043686,8.635651

96664095224530,0.27601624,-4.055588,8.787994

96664105997236,0.3045807,-4.236496,8.747528

96664115976484,0.4759674,-4.538803,8.69278

96664125986249,0.0046539307,-5.3481293,8.126251

96664136026532,-0.13102722,-6.3764496,8.095306

96664145273359,-0.07627869,-6.347885,8.147675

96664156015546,0.09510803,-5.9075165,8.276215

96664166025312,0.21888733,-5.6052094,8.326202

96664176035077,0.34980774,-5.6432953,8.319061

96664186014325,0.41645813,-5.455246,8.797516

96664195444257,0.32600403,-4.4578705,8.714203

96664206064374,0.3117218,-4.248398,8.835602

96664216074140,0.38313293,-4.755417,8.776093

96664226083905,0.33314514,-4.717331,8.678497

96664236063154,0.24507141,-4.77684,8.43808

96664245493085,0.22840881,-4.9791718,8.419037

96664256113202,0.20222473,-4.3174286,8.521393

96664266122968,0.2950592,-3.7604218,8.911774

96664261362226,0.24031067,-4.9059753,8.537582

96664276102216,0.3688507,-4.3816986,8.592804

96664286111982,0.35932922,-5.383835,8.547577

96664295511396,0.16651917,-5.505234,8.478546

96664306162030,0.12605286,-5.488571,8.316681

96664316171796,0.059402466,-5.681381,8.138153

96664326151044,0.20698547,-5.4457245,8.523773

96664336160810,0.3283844,-5.0529633,8.542816

96664345560224,0.32600403,-4.6578217,8.75705

96664356180341,0.28077698,-4.531662,8.818939

96664366190107,0.23554993,-4.667343,8.766571

96664376199872,0.26649475,-4.7792206,8.745148

96664386209638,0.2950592,-5.0291595,8.5642395

96664395578534,0.28553772,-4.4911957,8.321442

96664406229169,0.2712555,-4.512619,8.654694

96664416238935,0.28315735,-4.64592,8.342865

96664426218183,0.30220032,-4.8220673,8.549957

96664436227948,0.35456848,-4.981552,8.342865

96664445627363,0.39027405,-5.262436,8.214325

96664456247480,0.31648254,-5.338608,8.326202

96664466257245,0.3283844,-5.3171844,8.361908

96664461496503,0.27755737,-4.99881,8.495331

96664476267011,0.3212433,-5.102951,8.766571

96664486276777,0.31410217,-4.929184,8.873688

96664495676191,0.31886292,-4.9196625,8.809418

96664506296308,0.12843323,-4.1627045,8.780853

96664516306073,0.030838013,-4.0103607,8.707062

96664526285322,0.11177063,-4.626877,8.50235

96664536264570,0.07606506,-5.243393,8.426178

96664545694501,-0.08103943,-5.421921,8.214325

96664556131513,-0.13102722,-5.6194916,8.047699

96664566110761,-0.057235718,-6.159836,7.976288

96664576090009,0.06416321,-6.6311493,8.007233

96664586191327,0.29981995,-6.7549286,8.107208

96664595743329,0.39265442,-6.3050385,8.833221

96664606149823,0.31410217,-4.1246185,8.699921

96664616129072,0.25697327,-3.370041,8.771332

96664626138837,0.28315735,-3.8532562,9.187897

96664636148603,0.28553772,-4.1293793,8.945099

96664645761640,0.13319397,-4.3245697,8.845123

96664656168134,0.16651917,-4.8506317,8.818939

96664666177900,0.20698547,-4.857773,8.197662

96664661417157,0.17175293,-4.9698944,8.575897

96664676187665,0.099868774,-5.1957855,8.2690735

96664686166913,-0.0048675537,-5.2410126,7.9810486

96664695779950,-0.007247925,-5.2862396,8.209564

96664706216962,0.011795044,-5.371933,8.11673

96664716196210,0.10939026,-5.6266327,8.302399

96664726205976,0.24983215,-5.5218964,8.430939

96664736215741,0.2212677,-5.319565,8.330963

96664745828779,0.17604065,-5.250534,8.283356

96664756570966,0.19746399,-4.9839325,8.488068

96664766611249,0.30696106,-4.9006195,8.640411

96664776621015,0.29981995,-4.6959076,8.473785

96664786630780,0.3117218,-4.5292816,8.583282

96664795877607,0.24507141,-4.231735,8.623749

96664806558759,0.17366028,-4.2269745,8.871307

96664816507489,0.16175842,-4.6625824,8.704681

96664826517255,0.2212677,-4.9958344,8.661835

96664836496503,0.24269104,-5.167221,8.618988

96664845895917,0.1474762,-5.469528,8.266693

96664856546552,0.04273987,-5.533798,8.242889

96664866525800,0.011795044,-5.648056,8.097687

96664861765058,0.16091919,-5.0929565,8.409866

96664876535566,0.04273987,-5.8099213,8.064362

96664886514814,0.057022095,-6.1122284,7.9739075

96664895944745,0.30220032,-6.0503387,8.414276

96664906564863,0.35694885,-5.371933,8.726105

96664916544111,0.24269104,-4.4435883,8.680878

96664926553876,0.21412659,-4.0079803,8.976044

96664936624677,0.25221252,-4.1817474,8.828461

96664945993573,0.21888733,-4.462631,8.738007

96664956613691,0.14033508,-4.543564,8.540436

96664966592939,0.06416321,-4.679245,8.545197

96664976633222,0.061782837,-4.84111,8.428558

96664986612470,0.13557434,-4.860153,8.559479

96664996011884,0.2545929,-4.7220917,8.733246

96665006632001,0.24983215,-4.793503,8.673737

96665016611249,0.20222473,-4.724472,8.840363

96665026651532,0.19032288,-4.891098,8.764191

96665036661298,0.18318176,-4.8101654,8.233368

96665046030195,0.24269104,-5.2648163,8.616608

96665056436689,0.08558655,-5.2719574,8.2500305

96665066415937,-0.009628296,-4.7006683,8.30954

96665061655195,0.17437744,-4.9271545,8.544846

96665076456220,0.102249146,-4.3412323,8.616608

96665086435468,0.28315735,-4.2960052,8.678497

96665096079023,0.4021759,-4.9958344,8.666595

96665106546552,0.14985657,-5.595688,8.330963

96665116464765,-0.045333862,-5.7551727,8.261932

96665126474530,-0.08103943,-5.5099945,8.409515

96665136484296,0.0070343018,-5.6194916,8.31192

96665146097333,0.121292114,-5.9765472,8.292877

96665156473310,0.054641724,-5.762314,8.31192

96665166513593,0.07606506,-5.6456757,8.419037

96665176492841,0.061782837,-5.148178,8.521393

96665186502607,0.18080139,-4.479294,8.69516

96665196634443,0.24269104,-4.557846,8.573761

96665206644208,0.21412659,-4.2007904,8.652313

96665216531904,0.26649475,-4.1103363,8.764191

96665226541669,0.20222473,-5.0553436,8.461884

96665236551435,0.22840881,-5.152939,8.799896

96665246591718,0.24745178,-4.71019,8.609467

96665256052167,0.35932922,-5.2648163,8.740387

96665266641767,0.32600403,-5.091049,8.635651

96665261881025,0.16996765,-5.063431,8.537704

96665276987226,0.24745178,-4.224594,9.004608

96665286813886,0.22602844,-4.415024,8.680878

96665296884687,0.23316956,-5.4790497,8.521393

96665306100995,0.10700989,-5.3552704,8.181

96665316904218,-0.023910522,-4.9648895,8.040558

96665326852948,0.3617096,-5.410019,7.631134

96665336862714,-0.07865906,-5.171982,8.033417

96665346872480,-0.18339539,-5.1124725,8.578522

96665356119306,0.27601624,-4.441208,8.7308655

96665366953046,0.4688263,-4.186508,8.664215

96665376871259,0.04988098,-4.441208,8.290497

96665386881025,-0.1905365,-5.3171844,8.526154

96665396921308,-0.031051636,-6.136032,8.530914

96665406168134,0.2545929,-6.0693817,8.414276

96665417001874,0.09272766,-5.6266327,8.350006

96665426950605,-0.1572113,-5.60997,8.131012

96665436929853,-0.09770203,-5.909897,7.778717

96665446939618,0.102249146,-6.7168427,7.747772

96665456216962,0.5354767,-7.3000336,9.480682

96665467020185,0.30220032,-4.13414,8.809418

96665462259443,0.1247406,-5.301117,8.406296

96665476968915,0.018936157,-2.9629974,8.452362

96665486978681,0.1474762,-4.3674164,8.95224

96665496927411,0.25935364,-4.5911713,8.590424

96665506235273,0.14509583,-4.0103607,8.690399

96665517069013,0.3045807,-3.608078,8.907013

96665526987226,0.3355255,-4.4507294,8.592804

96665536996991,0.26411438,-5.255295,8.411896

96665546945722,0.20698547,-5.174362,8.716583

96665556284101,0.3283844,-5.064865,8.797516

96665567117841,0.45454407,-5.2338715,8.933197

96665577036054,0.45454407,-5.174362,8.945099

96665587045820,0.23078918,-4.498337,9.068878

96665597055585,0.8782501,-4.4840546,8.840363

96665606332929,0.4021759,-4.141281,9.035553

96665617075116,0.0046539307,-4.4650116,9.01413

96665627084882,0.14509583,-5.0101166,8.849884

96665637094648,0.25697327,-5.41716,8.709442

96665647104413,0.28315735,-5.648056,8.454742

96665656381757,0.34028625,-5.724228,7.747772

96665667123945,0.45692444,-5.9217987,7.9501038

96665662363202,0.29589844,-4.7601776,8.683014

96665677133710,0.4021759,-6.102707,7.9477234

96665687143476,-0.21910095,-6.0812836,7.5882874

96665697092206,-0.45951843,-6.2788544,7.5002136

96665706430585,-0.43571472,-6.500229,7.4097595

96665717294843,-0.35716248,-6.5478363,7.5121155

96665727213056,-0.36906433,-6.6906586,7.4621277

96665737009198,-0.40953064,-6.666855,7.400238

96665747018964,-0.49046326,-6.6144867,7.5073547

96665756509931,-0.6904144,-6.435959,7.471649

96665767313154,-0.6190033,-6.578781,7.752533

96665777247135,-0.5951996,-6.5430756,7.842987

96665787256901,-0.61424255,-6.4526215,7.7953796

96665797236149,-0.578537,-6.5930634,7.7382507

96665806696598,-0.4857025,-6.4335785,7.4359436

96665817286198,-0.6523285,-5.848007,6.950348

96665827265446,-0.5261688,-5.762314,6.5242615

96665837275212,-0.37382507,-6.3240814,7.0455627

96665847254460,-0.4214325,-6.276474,7.495453

96665856684391,-0.43333435,-5.962265,7.324066

96665867304508,-0.31669617,-6.007492,7.188385

96665862543766,-0.43226624,-6.335037,7.444626

96665877314274,-0.35240173,-6.219345,7.2669373

96665887293522,-0.51426697,-6.12175,7.2669373

96665897303288,-0.7523041,-6.0217743,7.3788147

96665906702702,-0.8975067,-5.9789276,7.0884094

96665917353337,-0.937973,-6.019394,6.8646545

96665927332585,-0.9546356,-6.2788544,6.8003845

96665937342350,-0.8998871,-6.5502167,6.8979797

96665947352116,-0.86894226,-6.681137,6.798004

96665956751530,-0.94511414,-6.476425,6.809906

96665967371647,-0.78800964,-6.2598114,6.867035

96665977350895,-0.7832489,-5.92894,7.240753

96665987360661,-0.8427582,-5.2291107,7.764435

96665997370426,-0.93559265,-4.795883,7.983429

96666006769841,-0.957016,-4.941086,7.6073303

96666017389958,-0.8665619,-6.3812103,7.631134

96666027399723,-0.7165985,-6.981064,7.740631

96666037409489,-0.5380707,-6.942978,8.073883

96666047419255,-0.17863464,-6.6763763,8.352386

96666056818669,0.24269104,-6.5502167,8.43808

96666067438786,0.4593048,-6.3954926,8.423798

96666062678044,-0.65138245,-6.1714935,7.464752

96666077418034,0.39741516,-5.9217987,8.330963

96666087458317,0.29029846,-5.300522,8.407135

96666097437565,0.28553772,-5.307663,8.459503

96666106836979,0.15461731,-5.462387,8.266693

96666117487614,0.23554993,-5.526657,8.202423

96666127466862,0.4521637,-5.4123993,8.430939

96666137446110,0.7568512,-5.2529144,8.554718

96666147486393,0.8568268,-5.0815277,8.785614

96666156885807,0.6306915,-4.955368,8.797516

96666167505924,0.31648254,-4.7673187,8.754669

96666177515690,0.19746399,-4.8696747,8.599945

96666187494938,0.20222473,-5.0482025,8.63327

96666197504704,0.31410217,-5.1505585,8.609467

96666206904118,0.2879181,-5.171982,8.538055

96666217524235,0.20222473,-5.1124725,8.535675

96666227534001,0.114151,-5.019638,8.407135

96666237513249,0.09034729,-5.2338715,8.392853

96666247553532,0.08796692,-5.3243256,8.1857605

96666256922428,0.102249146,-5.6694794,7.99057

96666267573063,0.018936157,-5.73851,7.869171

96666262812321,0.29969788,-5.2663574,8.437607

96666277552311,0.018936157,-5.743271,8.100067

96666287562077,0.18080139,-5.833725,8.354767

96666297571842,0.49263,-6.326462,8.557098

96666306971257,0.53071594,-6.18602,8.685638

96666317591374,0.2712555,-4.441208,8.469025

96666327601139,0.2046051,-3.5485687,8.576141

96666337610905,0.22364807,-3.6485443,9.01413

96666347620671,0.41645813,-3.562851,8.602325

96666357020085,0.46168518,-3.9270477,9.644928

96666367640202,0.33314514,-4.0032196,8.845123

96666377619450,0.39027405,-4.564987,8.288116

96666387629216,0.27601624,-5.0743866,8.033417

96666397638981,0.14271545,-5.5290375,8.207184

96666407038395,0.033218384,-5.679001,8.178619

96666417750065,0.04273987,-6.0289154,7.6858826

96666427668278,0.15461731,-6.6716156,7.8786926

96666437678044,0.12843323,-6.307419,8.235748

96666447687809,0.22602844,-5.731369,8.7308655

96666457056706,0.47120667,-5.686142,8.571381

96666467707341,0.5354767,-5.493332,8.209564

96666462946598,0.2767334,-5.199356,8.443436

96666477717106,0.5688019,-5.174362,8.6285095

96666487726872,0.49739075,-4.4316864,8.716583

96666497706120,0.39979553,-3.7509003,8.683258

96666507136051,0.3688507,-3.7056732,8.776093

96666517756169,0.49977112,-4.1484222,8.909393

96666527735417,0.42836,-4.4316864,8.616608

96666537745182,0.22602844,-4.6125946,8.445221

96666547754948,0.09510803,-4.941086,8.290497

96666557154362,0.078445435,-5.5933075,8.264313

96666567774479,0.054641724,-6.0289154,7.9881897

96666577753727,0.07606506,-6.0217743,8.18338

96666587794010,0.12605286,-5.6432953,8.223846

96666597803776,0.23316956,-5.3624115,8.073883

96666607203190,0.3355255,-5.436203,8.195282

96666617884342,0.35456848,-5.6647186,8.359528

96666627802555,0.41645813,-5.943222,8.56662

96666637812321,0.44978333,-5.8384857,8.745148

96666647822087,0.38313293,-4.410263,8.523773

96666657221501,0.40693665,-3.7580414,8.716583

96666667963688,0.48072815,-4.269821,8.909393

96666663202946,0.3239746,-4.9583435,8.490799

96666677851383,0.38789368,-4.812546,8.835602

96666687861149,0.17604065,-4.8934784,8.840363

96666697870915,0.040359497,-4.5340424,8.94986

96666707270329,0.25935364,-4.365036,8.792755

96666717554753,0.36408997,-3.9175262,8.026276

96666727900212,0.31648254,-4.5530853,8.699921

96666737696354,0.17604065,-5.3290863,8.261932

96666747675602,0.10462952,-5.8123016,7.9239197

96666757288639,0.08558655,-5.848007,8.095306

96666767817204,0.1641388,-5.7599335,8.159576

96666777949040,0.34742737,-5.667099,8.31192

96666787958805,0.48786926,-5.5409393,8.380951

96666797938053,0.4426422,-5.1838837,8.328583

96666808039372,0.33076477,-4.9720306,8.209564

96666817225163,0.2046051,-5.295761,8.771332

96666828058903,0.2046051,-5.257675,8.588043

96666837977116,0.29029846,-5.1696014,8.492828

96666847986882,0.2879181,-4.7673187,8.621368

96666858027165,0.2379303,-3.9556122,8.764191

96666867273991,0.31410217,-3.8365936,8.811798

96666862513249,0.26113892,-4.973572,8.493301

96666878077214,0.4854889,-4.2960052,8.82608

96666887995426,0.42359924,-4.660202,8.471405

96666898035710,0.28315735,-4.9648895,8.428558

96666908045475,0.19508362,-5.569504,8.340485

96666917292301,0.09510803,-6.412155,8.1024475

96666928126042,0.018936157,-6.416916,7.7929993

96666938074772,0.07606506,-6.0860443,8.007233

96666948237126,0.2783966,-6.019394,8.097687

96666958094303,0.49977112,-6.5478363,8.430939

96666967341130,0.32362366,-5.500473,8.926056

96666978144352,0.12605286,-3.7723236,8.578522

96666988093083,0.21412659,-3.5128632,8.733246

96666998102848,0.40931702,-4.0341644,8.82608

96667008112614,0.29267883,-4.7982635,8.452362

96667017389958,0.16175842,-5.5290375,8.061981

96667028254216,0.12605286,-5.9646454,7.9239197

96667038141911,0.25935364,-5.852768,7.9286804

96667048151676,0.3355255,-5.007736,8.211945

96667058161442,0.43074036,-4.4269257,8.452362

96667067408268,0.5164337,-4.955368,8.409515

96667062647526,0.27755737,-5.2163696,8.350128

96667078242008,0.43074036,-5.050583,8.380951

96667088160221,0.39027405,-4.6125946,8.718964

96667098169987,0.33790588,-4.334091,8.968903

96667108210270,0.37599182,-4.505478,8.809418

96667117457096,0.39027405,-4.9577484,8.609467

96667128260319,0.2879181,-5.295761,8.56662

96667138209049,0.13557434,-5.4719086,8.404755

96667148218815,0.1474762,-5.569504,8.449982

96667158259098,0.14271545,-5.436203,8.178619

96667167505924,0.1308136,-5.3362274,8.369049

96667178339665,0.123672485,-5.121994,8.326202

96667188227360,0.19270325,-5.269577,8.352386

96667198267643,0.27601624,-5.2029266,8.264313

96667208277409,0.4116974,-5.488571,8.435699

96667217524235,0.48310852,-5.6075897,8.621368

96667228296940,0.40455627,-5.012497,8.554718

96667238276188,0.3950348,-4.4911957,8.699921

96667248285954,0.34980774,-4.269821,8.588043

96667258326237,0.36647034,-4.7863617,8.457123

96667267573063,0.27601624,-5.2219696,8.44046

96667262812321,0.30244446,-5.052124,8.509842

96667278315251,0.17842102,-5.0862885,8.590424

96667288325016,0.1879425,-4.7387543,8.638031

96667298334782,0.30696106,-4.769699,8.771332

96667308344548,0.29743958,-4.7387543,8.523773

96667317621891,0.30220032,-4.569748,8.702301

96667328425114,0.26887512,-4.4721527,8.8784485

96667338373844,0.22364807,-4.5269012,8.347626

96667348383610,0.32362366,-4.879196,8.645172

96667358393376,0.35932922,-5.0601044,8.371429

96667367792790,0.21650696,-5.148178,8.516632

96667378412907,0.2212677,-4.9006195,8.454742

96667388422673,0.18556213,-4.853012,8.495209

96667398432438,0.23078918,-4.7030487,8.573761

96667408442204,0.28553772,-4.4888153,8.526154

96667417841618,0.3521881,-4.729233,8.6475525

96667428461735,0.46168518,-5.0220184,8.361908

96667438471501,0.31648254,-5.281479,8.252411

96667448481266,0.121292114,-5.486191,8.142914

96667458460514,0.099868774,-5.859909,8.021515

96667467890446,0.114151,-6.097946,8.059601

96667463129704,0.25268555,-4.9705963,8.476044

96667478510563,0.18080139,-6.0241547,8.397614

96667488520329,0.31886292,-5.679001,8.326202

96667498530094,0.40931702,-5.5671234,8.399994

96667508539860,0.40693665,-5.274338,8.464264

96667517908757,0.31886292,-4.981552,8.485687

96667528559391,0.3045807,-4.96727,8.602325

96667538538639,0.28553772,-4.8363495,8.876068

96667548548405,0.16175842,-3.615219,8.880829

96667558588688,0.28077698,-2.5464325,9.066498

96667567957585,0.51405334,-3.1605682,8.999847

96667578608219,0.5259552,-4.267441,8.649933

96667588587467,0.29981995,-5.2933807,8.516632

96667598597233,0.1474762,-6.224106,8.107208

96667608606999,-0.031051636,-7.0239105,7.600189

96667618006413,-0.07865906,-6.9144135,7.6596985

96667628626530,0.035598755,-6.0670013,8.204803

96667638697331,0.3212433,-5.4600067,8.326202

96667648646061,0.41407776,-5.2338715,8.2500305

96667658655827,0.4426422,-4.8315887,8.676117

96667668055241,0.37361145,-4.5221405,8.678497

96667663294499,0.2816162,-5.1244965,8.458435

96667678675358,0.345047,-4.750656,8.609467

96667688685124,0.26411438,-5.4314423,8.473785

96667698694889,0.21650696,-5.80278,8.507111

96667708704655,0.11653137,-5.6647186,8.371429

96667718073551,0.061782837,-5.2267303,8.359528

96667728724186,0.13319397,-4.9077606,8.56662

96667738550846,0.31886292,-4.3674164,8.530914

96667749140446,0.24507141,-4.3674164,8.471405

96667758845036,0.21412659,-4.6744843,8.69278

96667768122380,0.18080139,-4.2960052,8.685638

96667778864567,0.3117218,-4.255539,8.871307

96667788874333,0.35456848,-4.319809,8.509491

96667798884098,0.3617096,-4.557846,8.76181

96667808893864,0.31648254,-4.7482758,8.190521

96667818140690,0.33790588,-5.6004486,7.7501526

96667828791325,0.2379303,-6.435959,8.1857605

96667838770573,0.102249146,-6.397873,8.004852

96667848749821,0.11653137,-6.116989,8.104828

96667858790104,0.033218384,-5.3743134,8.169098

96667868189518,0.059402466,-4.288864,8.254791

96667863428776,0.21638489,-5.0792694,8.403564

96667878809635,0.23316956,-4.807785,8.24765

96667888819401,0.28553772,-5.828964,8.264313

96667898829167,0.16651917,-6.231247,8.30954

96667908838932,0.10462952,-6.109848,8.200043

96667918238346,0.25697327,-6.2740936,8.37619

96667928858464,0.38313293,-5.8384857,8.752289

96667938868229,0.4116974,-4.0413055,8.347626

96667948877995,0.38789368,-3.7699432,8.897491

96667958887760,0.41645813,-4.231735,8.95462

96667968287174,0.31648254,-4.300766,8.864166

96667978907292,0.20698547,-4.481674,9.102203

96667988886540,0.20698547,-4.524521,8.702301

96667998896305,0.22840881,-4.2341156,8.780853

96668008906071,0.22602844,-3.9341888,8.728485

96668018305485,0.20222473,-4.4531097,8.4999695

96668028925602,0.27601624,-5.171982,8.071503

96668038935368,0.21888733,-6.1526947,7.854889

96668048945133,0.13795471,-6.4192963,7.7810974

96668058954899,0.011795044,-5.9527435,8.114349

96668068354313,0.07606506,-5.67424,8.264313

96668063593571,0.23768616,-5.121643,8.455688

96668078974430,0.15223694,-5.602829,8.095306

96668088984196,0.11891174,-5.4457245,7.9263

96668098993962,0.033218384,-5.455246,7.7763367

96668109003727,0.0974884,-6.1122284,7.8334656

96668118372624,0.12605286,-6.578781,7.7572937

96668129023258,0.13319397,-6.545456,7.8763123

96668139002507,0.11653137,-6.1003265,8.014374

96668149012272,0.5235748,-6.283615,8.902252

96668159022038,0.50691223,-5.083908,8.987946

96668168421452,0.43788147,-3.4366913,8.528534

96668179041569,0.39265442,-3.498581,9.166473

96668189051335,0.39265442,-4.2412567,9.002228

96668199061100,0.28077698,-4.891098,8.814178

96668209070866,0.14985657,-4.960129,8.930817

96668218470280,0.18556213,-4.898239,8.921295

96668229212467,0.3117218,-4.543564,8.464264

96668239069645,0.29267883,-4.622116,8.388092

96668249170964,0.04750061,-4.9506073,8.519012

96668259119694,0.080825806,-5.2671967,8.495209

96668268519108,0.09272766,-5.179123,7.8977356

96668263758366,0.22364807,-5.1848297,8.414871

96668279291813,0.18318176,-5.193405,8.028656

96668289148991,0.18080139,-5.179123,8.449982

96668299128239,0.20936584,-4.993454,8.342865

96668309138005,0.21412659,-5.141037,8.595184

96668318537419,0.24507141,-5.107712,8.533295

96668329065983,0.22602844,-4.7339935,8.407135

96668339167301,0.19270325,-4.331711,8.449982

96668349177067,0.30934143,-4.5745087,8.497589

96668359186833,0.3688507,-5.024399,8.316681

96668368586247,0.345047,-5.3624115,8.395233

96668379145329,0.17366028,-5.5861664,8.411896

96668389216130,0.057022095,-5.526657,8.423798

96668399225895,0.033218384,-5.48143,8.385712

96668409205143,0.057022095,-5.1886444,8.380951

96668419245426,0.06416321,-5.091049,8.4166565

96668428522770,0.06654358,-5.16008,8.428558

96668439325993,0.080825806,-5.205307,8.326202

96668449244206,0.10462952,-5.186264,8.280975

96668459253971,0.10700989,-5.262436,8.254791

96668469263737,0.15223694,-5.35289,8.24527

96668464502995,0.16854858,-5.13414,8.378571

96668478510563,0.19746399,-5.4528656,8.319061

96668489344303,0.23078918,-5.598068,8.276215

96668499262516,0.17366028,-5.7075653,8.114349

96668509272282,0.13795471,-5.614731,8.007233

96668519312565,0.23078918,-5.640915,8.397614

96668528559391,0.5164337,-5.950363,9.030792

96668539362614,0.38313293,-5.2457733,8.928436

96668549311344,0.17366028,-4.0151215,8.63327

96668559321110,0.1474762,-3.6699677,9.045074

96668568720524,0.15937805,-3.6937714,8.8237

96668578608219,0.1474762,-4.269821,8.635651

96668589350407,0.04988098,-4.5864105,8.716583

96668599329655,0.06654358,-4.6435394,8.523773

96668609339421,0.26411438,-5.4528656,8.449982

96668619379704,0.30696106,-5.7527924,8.385712

96668628626530,0.15461731,-5.2338715,8.461884

96668639460270,0.10700989,-4.531662,8.661835

96668649378483,0.06892395,-4.357895,8.511871

96668659388249,0.1474762,-4.1698456,8.652313

96668669428532,0.2212677,-3.838974,8.790375

96668664667790,0.19424438,-4.871338,8.568283

96668678675358,0.41407776,-3.979416,8.976044

96668689478581,0.50453186,-5.171982,8.718964

96668699396794,0.29267883,-6.147934,8.028656

96668709437077,-0.04057312,-6.1336517,8.133392

96668719782536,-0.12626648,-5.507614,8.261932

96668728724186,0.037979126,-5.788498,7.9239197

96668739344303,0.02607727,-6.7097015,7.593048

96668749201481,0.040359497,-7.1215057,7.983429

96668759485905,0.16651917,-6.4073944,8.495209

96668769465153,0.054641724,-4.857773,8.219086

96668778742497,0.04273987,-4.434067,8.614227

96668789576237,0.22840881,-5.0172577,8.8784485

96668799494450,0.34742737,-4.5078583,8.842743

96668809504216,0.24745178,-3.3105316,9.0260315

96668819513981,0.2379303,-3.0915375,8.845123

96668828791325,0.24983215,-4.9910736,8.588043

96668839533512,0.2046051,-6.114609,8.380951

96668849543278,0.099868774,-5.60997,8.4999695

96668859614079,0.15461731,-5.141037,8.75705

96668869562809,0.31410217,-4.698288,8.721344

96668864802067,0.17485046,-5.237091,8.4743805

96668878809635,0.31648254,-4.2722015,8.569

96668889551823,0.18318176,-4.7387543,8.876068

96668899592106,0.08558655,-5.0148773,8.259552

96668909601872,0.030838013,-4.9958344,8.300018

96668919611637,-0.06437683,-4.788742,7.854889

96668928858464,-0.095321655,-4.962509,8.0381775

96668939692204,0.19746399,-4.833969,8.595184

96668949610417,0.33314514,-4.6435394,8.635651

96668959620182,0.15699768,-4.705429,8.209564

96668969629948,-0.07627869,-5.2600555,8.24527

96668979029362,-0.09770203,-6.3002777,8.226227

96668989649479,-0.04295349,-6.4597626,7.971527

96668999659245,-0.01914978,-6.0860443,8.190521

96669009669010,-0.16911316,-5.845627,8.11911

96669019648258,-0.25242615,-5.917038,7.790619

96669029078190,-0.06913757,-5.712326,7.9239197

96669039698307,0.39027405,-6.3050385,8.56662

96669049677555,0.71162415,-6.193161,9.773468

96669059687321,0.21888733,-3.1938934,8.176239

96669069666569,-0.04295349,-3.0463104,8.930817

96669064905827,0.084747314,-5.1637726,8.362625

96669079096501,0.20222473,-4.2341156,9.268829

96669089716618,0.39265442,-4.4388275,8.638031

96669099695866,0.29029846,-4.883957,8.490448

96669109705632,0.059402466,-4.807785,8.357147

96669119745915,0.16651917,-3.8508759,9.242645

96669129145329,0.28553772,-3.312912,8.873688

96669139765446,0.25935364,-4.5483246,8.454742

96669149775212,0.014175415,-5.621872,8.326202

96669159754460,-0.11198425,-5.9860687,8.297638

96669169764225,-0.0667572,-5.9337006,8.011993

96669179194157,-1.0681152E-4,-6.0027313,7.99057

96669189814274,0.061782837,-6.159836,7.978668

96669199793522,0.10462952,-6.295517,8.033417

96669209803288,0.16175842,-5.950363,8.261932

96669219813053,0.21412659,-5.5790253,8.409515

96669229212467,0.24745178,-5.4790497,8.359528

96669239832585,0.25697327,-4.9458466,8.683258

96669249842350,0.2379303,-4.300766,8.818939

96669259852116,0.31886292,-4.300766,8.899872

96669269861882,0.18318176,-4.4269257,8.776093

96669265101139,0.16389465,-5.0529633,8.508652

96669279230778,0.13795471,-4.5792694,8.602325

96669289881413,0.12605286,-4.729233,8.618988

96669299891178,0.17604065,-4.6744843,8.69516

96669309870426,0.15461731,-4.750656,8.511871

96669319880192,0.014175415,-4.936325,8.516632

96669329310124,-0.031051636,-5.1267548,8.545197

96669339930241,-0.06199646,-4.9339447,8.578522

96669349909489,-0.054855347,-4.4269257,8.516632

96669359949772,-0.035812378,-3.9175262,8.559479

96669369929020,0.0022735596,-3.6961517,8.5642395

96669379358952,0.1879425,-4.224594,8.709442

96669389979069,0.41407776,-4.731613,8.716583

96669399958317,0.3855133,-5.1053314,8.473785

96669409968083,0.21412659,-5.795639,8.240509

96669419977848,0.0974884,-6.2788544,8.1214905

96669429377262,0.061782837,-6.5764008,8.081024

96669439997380,-0.026290894,-5.9194183,8.107208

96669450007145,-0.08580017,-5.6456757,8.316681

96669460016911,-0.092941284,-5.719467,8.142914

96669470087712,-0.10960388,-5.474289,8.095306

96669465326969,0.07368469,-5.062134,8.435699

96669479426091,0.121292114,-5.781357,8.645172

96669490046208,0.36408997,-5.5099945,9.064117

96669500055973,0.14271545,-4.0294037,8.688019

96669510065739,-0.06913757,-3.627121,8.588043

96669520075505,-0.06437683,-4.717331,8.314301

96669529444401,0.016555786,-5.595688,8.066742

96669539881413,0.078445435,-5.724228,8.023895

96669549860661,-0.0667572,-5.743271,7.8382263

96669559870426,-0.028671265,-5.776596,8.011993

96669569880192,0.059402466,-5.6623383,8.235748

96669579493229,0.16889954,-5.4957123,8.345245

96669589899723,0.21650696,-5.274338,8.549957

96669599909489,0.2545929,-5.0101166,8.616608

96669609919255,0.15223694,-5.069626,8.483307

96669619929020,0.11177063,-5.345749,8.428558

96669629542057,0.04988098,-5.712326,8.300018

96669639948551,0.102249146,-5.9646454,8.223846

96669649958317,0.11653137,-6.0693817,8.233368

96669659968083,0.13795471,-5.531418,8.314301

96669669977848,0.040359497,-4.5483246,8.514252

96669665217106,0.0952301,-5.3094482,8.374283

96669679590885,0.030838013,-3.3343353,8.892731

96669689997380,0.009414673,-3.562851,8.5642395

96669700007145,0.15461731,-4.731613,8.626129

96669710016911,0.15461731,-4.686386,8.88797

96669720026676,0.07130432,-4.417404,8.604706

96669729639714,0.0022735596,-4.705429,8.452362

96669740046208,-0.031051636,-5.22435,8.2500305

96669750086491,0.057022095,-5.7408905,8.235748

96669760309880,0.19984436,-6.4478607,8.209564

96669770319645,0.24269104,-6.309799,8.047699

96669779688542,0.15461731,-5.3885956,8.073883

96669790339176,0.07130432,-5.345749,8.078644

96669800318424,0.059402466,-5.905136,8.095306

96669810358708,0.102249146,-5.890854,8.283356

96669820337956,0.07606506,-5.6647186,8.321442

96669829737370,-0.04295349,-5.5599823,8.330963

96669840754216,0.21412659,-5.4909515,8.509491

96669850367253,-0.30241394,-4.667343,8.273834

96669860377018,-0.4285736,-4.4269257,8.230988

96669870386784,0.0070343018,-5.212448,8.783234

96669865626042,0.040115356,-5.135681,8.387619

96669879786198,-0.095321655,-5.2600555,8.492828

96669890528385,0.83540344,-4.924423,5.9148865

96669900416081,0.02607727,-4.864914,8.911774

96669910425846,-0.23576355,-4.9077606,9.640167

96669920405094,-0.06199646,-5.205307,9.283112

96669929835026,0.7973175,-5.5671234,8.442841

96669940363591,0.32600403,-5.2529144,9.247406

96669950464909,0.2212677,-4.6554413,8.464264

96669960474674,0.25221252,-4.0674896,8.935577

96669970453923,-0.32383728,-3.7056732,8.983185

96669979883854,-0.7594452,-3.6937714,9.102203

96669990473454,-0.44761658,-3.0225067,8.423798

96670000483219,-0.46903992,-3.2724457,8.76181

96670010492985,0.099868774,-3.3533783,9.521149

96670020502751,0.44502258,-3.8603973,10.056732

96670029902165,0.24031067,-4.2412567,10.04007

96670039789860,-0.0048675537,-4.0103607,9.932953

96670050532048,-0.33573914,-2.9963226,9.702057

96670060297673,-0.6832733,-1.8846893,9.187897

96670070276921,-0.9832001,-1.2229462,8.992706

96670065516178,-0.05783081,-3.9984589,9.001877

96670080408757,-1.2498016,-1.1182098,8.847504

96670089808171,-1.4568939,-1.4586029,9.021271

96670100306217,-1.483078,-1.9799042,9.233124

96670110315983,-1.3259735,-2.2941132,9.640167

96670120325749,-1.2307587,-2.8415985,9.642548

96670130396549,-0.94273376,-3.2248383,9.663971

96670139856999,-0.7165985,-3.717575,9.349762

96670150446598,-0.05961609,-4.2983856,10.216217

96670160364811,-1.1926727,-3.4723969,9.485443

96670170405094,-1.4069061,-2.6368866,9.299774

96670180414860,-1.5449677,-2.2964935,9.152191

96670189875309,-2.1233978,-2.396469,8.883209

96670200464909,-1.7306366,-1.8680267,9.261688

96670210413639,-2.0234222,-1.779953,9.706818

96670220423405,-1.6378021,-1.4728851,9.616364

96670230463688,-1.4949799,-1.4633636,9.899628

96670239924137,-1.3902435,-1.5085907,9.973419

96670250513737,-1.2236176,-1.4371796,9.885345

96670260462467,-1.2045746,-1.3157806,9.844879

96670270716374,-1.2355194,-1.401474,9.742523

96670265955632,-1.3337097,-2.1991425,9.518295

96670280665104,-1.1545868,-1.6204681,9.687775

96670289972966,-1.1998138,-1.882309,9.499725

96670300806706,-1.1450653,-2.2250824,9.437836

96670310694401,-1.0450897,-2.491684,9.475922

96670320734684,-1.0427094,-2.4869232,9.480682

96670330744450,-1.0331879,-2.389328,9.556854

96670339991276,-0.9808197,-2.222702,9.609222

96670350825016,-0.8998871,-1.8204193,9.6354065

96670360773747,-0.85227966,-1.5966644,9.859161

96670370783512,-0.8570404,-1.6204681,9.897247

96670380793278,-0.86180115,-1.5538177,10.011505

96670390040104,-0.8594208,-1.4776459,9.985321

96670400873844,-0.86180115,-1.4776459,9.8663025

96670410792057,-0.91893005,-1.4038544,9.759186

96670420801823,-0.9974823,-1.2895966,9.652069

96670430811589,-1.0379486,-1.1539154,9.759186

96670440088932,-1.0474701,-1.2610321,9.8472595

96670450831120,-1.0784149,-1.446701,9.837738

96670460810368,-1.0665131,-1.5728607,9.6996765

96670470850651,-1.0331879,-1.7442474,9.683014

96670466089909,-0.9986725,-1.7368622,9.712051

96670480860417,-1.1426849,-2.2108002,9.137909

96670490137760,-0.25480652,-1.4228973,9.573517

96670500849430,-1.4783173,-1.5561981,9.880585

96670510920231,-1.0784149,-1.4895477,9.992462

96670520655339,-1.2117157,-1.594284,9.921051

96670530939762,-1.0046234,-1.5966644,9.704437

96670540156071,-1.233139,-1.6918793,9.733002

96670550989811,-1.4307098,-1.9822845,9.823456

96670561030094,-0.7094574,-2.6321259,9.549713

96670570948307,-0.4452362,-2.1274872,9.433075

96670580927555,-1.0308075,-1.6585541,9.778229

