2404959524947,-0.20880127,0.08618164,-0.24230957

2404959524947,-0.20880127,0.08618164,-0.24230957

2405159598189,-1.6065369,0.6716156,-1.6519012

2405159598189,-1.6065369,0.6716156,-1.6519012

2405360403853,-2.8064575,-0.027252197,-1.3548584

2405360403853,-2.8064575,-0.027252197,-1.3548584

2405784811812,0.6023865,-0.3839569,0.19187927

2405784811812,0.6023865,-0.3839569,0.19187927

2405984885055,0.06619263,0.0045776367,0.004272461

2405984885055,0.06619263,0.0045776367,0.004272461

2406184958297,0.17887878,-0.024154663,0.00843811

2406184958297,0.17887878,-0.024154663,0.00843811

2406385123092,0.010757446,-0.005844116,-0.0048675537

2406385123092,0.010757446,-0.005844116,-0.0048675537

2406585196334,0.09631348,-0.010971069,-0.030075073

2406585196334,0.09631348,-0.010971069,-0.030075073

2406785147506,-0.10482788,0.043945312,-3.8146973E-4

2406785147506,-0.10482788,0.043945312,-3.8146973E-4

2406985220748,0.009307861,0.012588501,0.0013885498

2406985220748,0.009307861,0.012588501,0.0013885498

2407185263473,0.042266846,0.009384155,-0.033859253

2407185263473,0.042266846,0.009384155,-0.033859253

2407385292041,-0.07406616,0.050567627,-0.043167114

2407385292041,-0.07406616,0.050567627,-0.043167114

2407585365283,0.11077881,0.0155181885,-0.026977539

2407585365283,0.11077881,0.0155181885,-0.026977539

2407784767139,0.007873535,0.018997192,0.016662598

2407784767139,0.007873535,0.018997192,0.016662598

2407984718311,-0.09526062,0.004196167,0.01852417

2407984718311,-0.09526062,0.004196167,0.01852417

2408184761035,-0.29125977,0.29623413,-0.15205383

2408184761035,-0.29125977,0.29623413,-0.15205383

2408384956348,0.25172424,-0.055404663,-0.0847168

2408384956348,0.25172424,-0.055404663,-0.0847168

2408584968555,-0.04789734,0.0012664795,0.005065918

2408584968555,-0.04789734,0.0012664795,0.005065918

2408785011279,0.019241333,0.019470215,-0.009033203

2408785011279,0.019241333,0.019470215,-0.009033203

2408985084522,0.0011291504,0.021392822,-0.022598267

2408985084522,0.0011291504,0.021392822,-0.022598267

2409185768115,-0.015853882,-9.765625E-4,0.011001587

2409185768115,-0.015853882,-9.765625E-4,0.011001587

2409385810840,-0.09553528,0.040252686,-0.006942749

2409385810840,-0.09553528,0.040252686,-0.006942749

2409585670459,0.02116394,0.012207031,-0.013839722

2409585670459,0.02116394,0.012207031,-0.013839722

2409785835254,-0.017074585,0.021881104,-0.0038452148

2409785835254,-0.017074585,0.021881104,-0.0038452148

2409985939014,0.085998535,-0.025177002,2.593994E-4

2409985939014,0.085998535,-0.025177002,2.593994E-4

2410186012256,0.0028533936,0.045913696,-0.03353882

2410186012256,0.0028533936,0.045913696,-0.03353882

2410386054981,-0.06311035,0.028717041,-0.040756226

2410386054981,-0.06311035,0.028717041,-0.040756226

2410585945117,0.0597229,0.056655884,-0.029907227

2410585945117,0.0597229,0.056655884,-0.029907227

2410786109912,0.007019043,0.04725647,-0.01789856

2410786109912,0.007019043,0.04725647,-0.01789856

2410986122119,-0.03993225,0.009750366,-0.005126953

2410986122119,-0.03993225,0.009750366,-0.005126953

2411186195361,0.010482788,0.01675415,-0.008651733

2411186195361,0.010482788,0.01675415,-0.008651733

2411386238086,-0.6758423,0.47027588,-0.19766235

2411386238086,-0.6758423,0.47027588,-0.19766235

2411586311328,-0.18386841,-0.039215088,0.12614441

2411586311328,-0.18386841,-0.039215088,0.12614441

2411786323535,0.2719574,-0.4608612,0.08950806

2411786323535,0.2719574,-0.4608612,0.08950806

2411986366260,0.13626099,-0.11532593,0.012649536

2411986366260,0.13626099,-0.11532593,0.012649536

2412186408984,0.2271576,-0.017913818,-0.035949707

2412186408984,0.2271576,-0.017913818,-0.035949707

2412386451709,0.05491638,-0.003967285,-0.016662598

2412386451709,0.05491638,-0.003967285,-0.016662598

2412586494434,0.04675293,0.0065460205,-0.021102905

2412586494434,0.04675293,0.0065460205,-0.021102905

2412786445606,-0.08998108,0.007507324,0.005279541

2412786445606,-0.08998108,0.007507324,0.005279541

2412986488330,-0.0079956055,0.0181427,-0.020935059

2412986488330,-0.0079956055,0.0181427,-0.020935059

2413186500537,-0.07395935,0.021072388,0.010147095

2413186500537,-0.07395935,0.021072388,0.010147095

2413386543262,0.021377563,0.02305603,-0.024353027

2413386543262,0.021377563,0.02305603,-0.024353027

2413586402881,0.07563782,0.009109497,-0.0017089844

2413586402881,0.07563782,0.009109497,-0.0017089844

2413786598193,-0.103012085,0.04815674,0.0011749268

2413786598193,-0.103012085,0.04815674,0.0011749268

2413986610400,0.07206726,0.041809082,-0.04246521

2413986610400,0.07206726,0.041809082,-0.04246521

2414186622608,-0.06161499,0.034866333,0.012710571

2414186622608,-0.06161499,0.034866333,0.012710571

2414386634815,0.053100586,0.003768921,-0.032958984

2414386634815,0.053100586,0.003768921,-0.032958984

2414586494434,-0.02861023,0.021026611,0.0072021484

2414586494434,-0.02861023,0.021026611,0.0072021484

2414786659229,0.0093688965,0.019958496,-0.022750854

2414786659229,0.0093688965,0.019958496,-0.022750854

2414986549365,-0.03907776,0.013336182,0.008590698

2414986549365,-0.03907776,0.013336182,0.008590698

2415185920703,-0.02418518,0.091796875,-0.07563782

2415185920703,-0.02418518,0.091796875,-0.07563782

2415385902393,0.033935547,0.054092407,-0.012771606

2415385902393,0.033935547,0.054092407,-0.012771606

2415586006152,-0.05114746,0.02027893,0.0023498535

2415586006152,-0.05114746,0.02027893,0.0023498535

2415785987842,-0.7870331,0.4046936,-0.22763062

2415785987842,-0.7870331,0.4046936,-0.22763062

2415986030567,0.15762329,-0.12557983,0.22953796

2415986030567,0.15762329,-0.12557983,0.22953796

2416186042774,0.12109375,-0.33145142,0.028244019

2416186042774,0.12109375,-0.33145142,0.028244019

2416386024463,0.27020264,-0.051345825,-0.052719116

2416386024463,0.27020264,-0.051345825,-0.052719116

2416586494434,-0.038757324,0.023269653,-0.026443481

2416586494434,-0.038757324,0.023269653,-0.026443481

2416786689746,0.06388855,7.7819824E-4,-0.021636963

2416786689746,0.06388855,7.7819824E-4,-0.021636963

2416986640918,-0.033691406,0.013381958,0.04411316

2416986640918,-0.033691406,0.013381958,0.04411316

2417186683643,-0.0018005371,0.056915283,-0.05645752

2417186683643,-0.0018005371,0.056915283,-0.05645752

2417386686289,-0.050827026,-7.6293945E-4,-0.0028839111

2417386686289,-0.050827026,-7.6293945E-4,-0.0028839111

2417586667978,0.0597229,0.027542114,-0.018325806

2417586667978,0.0597229,0.027542114,-0.018325806

2417786680185,-0.013870239,0.021606445,-0.020248413

2417786680185,-0.013870239,0.021606445,-0.020248413

2417986692392,-0.08287048,-0.021057129,0.018630981

2417986692392,-0.08287048,-0.021057129,0.018630981

2418186674082,-0.467453,0.32817078,-0.14923096

2418186674082,-0.467453,0.32817078,-0.14923096

2418386686289,0.3238678,-0.056732178,-0.03642273

2418386686289,0.3238678,-0.056732178,-0.03642273

2418586515390,0.023468018,0.016586304,-0.041931152

2418586515390,0.023468018,0.016586304,-0.041931152

2418786741220,-0.12901306,0.020217896,0.01222229

2418786741220,-0.12901306,0.020217896,0.01222229

2418986753427,0.11975098,1.373291E-4,-0.010848999

2418986753427,0.11975098,1.373291E-4,-0.010848999

2419186765634,-0.44773865,0.20367432,-0.0708313

2419186765634,-0.44773865,0.20367432,-0.0708313

2419386716806,0.24285889,-0.09326172,0.0029907227

2419386716806,0.24285889,-0.09326172,0.0029907227

2419586515390,0.19718933,-0.026565552,-0.026977539

2419586515390,0.19718933,-0.026565552,-0.026977539

2419786710703,-0.008911133,0.0025482178,0.0143585205

2419786710703,-0.008911133,0.0025482178,0.0143585205

2419986722910,0.05619812,0.005584717,0.012924194

2419986722910,0.05619812,0.005584717,0.012924194

2420186674082,0.006210327,-0.0075531006,0.021255493

2420186674082,0.006210327,-0.0075531006,0.021255493

2420386594736,-0.18792725,0.035446167,-0.05192566

2420386594736,-0.18792725,0.035446167,-0.05192566

2420586393320,0.1159668,0.0046844482,-0.024673462

2420586393320,0.1159668,0.0046844482,-0.024673462

2420786558115,0.02671814,0.0035095215,0.010726929

2420786558115,0.02671814,0.0035095215,0.010726929

2420986600839,-0.10632324,0.020324707,0.0016479492

2420986600839,-0.10632324,0.020324707,0.0016479492

2421186521494,-0.20933533,0.06135559,0.024887085

2421186521494,-0.20933533,0.06135559,0.024887085

2421386503183,-0.12783813,0.14375305,0.25959778

2421386503183,-0.12783813,0.14375305,0.25959778

2421586332285,0.17881775,-0.070999146,-0.18351746

2421586332285,0.17881775,-0.070999146,-0.18351746

2421786436045,-0.17547607,-0.54940796,0.41575623

2421786436045,-0.17547607,-0.54940796,0.41575623

2421986539804,0.3041687,-1.1068573,0.47268677

2421986539804,0.3041687,-1.1068573,0.47268677

2422185605966,0.21957397,-0.12701416,0.018951416

2422185605966,0.21957397,-0.12701416,0.018951416

2422385557138,0.10714722,0.0059661865,-0.0012359619

2422385557138,0.10714722,0.0059661865,-0.0012359619

2422585691416,-0.023010254,0.021560669,-0.06506348

2422585691416,-0.023010254,0.021560669,-0.06506348

2422785673105,-0.32218933,0.1544342,-0.015655518

2422785673105,-0.32218933,0.1544342,-0.015655518

2422985654795,0.078948975,-0.021270752,-0.046157837

2422985654795,0.078948975,-0.021270752,-0.046157837

2423185667002,0.12686157,-0.010375977,-0.017578125

2423185667002,0.12686157,-0.010375977,-0.017578125

2423385648691,-0.02557373,0.011947632,0.0029907227

2423385648691,-0.02557373,0.011947632,0.0029907227

2423586545908,-0.03593445,0.015686035,0.008224487

2423586545908,-0.03593445,0.015686035,0.008224487

2423786161386,-0.05569458,0.008743286,-0.0072631836

2423786161386,-0.05569458,0.008743286,-0.0072631836

2423986204111,0.032699585,0.04800415,-0.06361389

2423986204111,0.032699585,0.04800415,-0.06361389

2424186155283,0.035751343,0.005859375,-0.016448975

2424186155283,0.035751343,0.005859375,-0.016448975

2424386167490,-0.039031982,0.018615723,-0.016403198

2424386167490,-0.039031982,0.018615723,-0.016403198

2424586057627,0.018341064,0.024291992,-0.0021362305

2424586057627,0.018341064,0.024291992,-0.0021362305

2424785886728,-0.0605011,0.004837036,0.016448975

2424785886728,-0.0605011,0.004837036,0.016448975

2424986112558,-0.4473114,0.235672,-0.070617676

2424986112558,-0.4473114,0.235672,-0.070617676

2425186094248,0.3127594,-0.091293335,-0.018966675

2425186094248,0.3127594,-0.091293335,-0.018966675

2425386075937,-0.02444458,0.0075683594,0.0039978027

2425386075937,-0.02444458,0.0075683594,0.0039978027

2425586149179,0.06352234,0.04623413,-0.048934937

2425586149179,0.06352234,0.04623413,-0.048934937

2425786069834,-0.03694153,0.037475586,-0.012069702

2425786069834,-0.03694153,0.037475586,-0.012069702

2425986051523,0.07131958,-0.0046691895,0.0065612793

2425986051523,0.07131958,-0.0046691895,0.0065612793

2426186063730,-0.09339905,0.068878174,-0.033920288

2426186063730,-0.09339905,0.068878174,-0.033920288

2426386014902,0.08381653,-9.765625E-4,-0.008392334

2426386014902,0.08381653,-9.765625E-4,-0.008392334

2426586027109,-0.046447754,0.08276367,-0.027618408

2426586027109,-0.046447754,0.08276367,-0.027618408

2426786008798,-0.011199951,-0.0027923584,-0.0019836426

2426786008798,-0.011199951,-0.0027923584,-0.0019836426

2426986021006,-0.4703827,0.43502808,-0.09635925

2426986021006,-0.4703827,0.43502808,-0.09635925

2427186033213,-0.096221924,0.48010254,-0.17448425

2427186033213,-0.096221924,0.48010254,-0.17448425

2427386012377,0.5986481,-0.94892883,0.27027893

2427386012377,0.5986481,-0.94892883,0.27027893

2427586055102,0.08317566,-0.2783203,0.14344788

2427586055102,0.08317566,-0.2783203,0.14344788

2427786006274,0.1428833,-0.035964966,-0.039260864

2427786006274,0.1428833,-0.035964966,-0.039260864

2427986110034,-3.6621094E-4,0.025619507,-0.010253906

2427986110034,-3.6621094E-4,0.025619507,-0.010253906

2428186030688,-0.035507202,-0.005142212,0.0113220215

2428186030688,-0.035507202,-0.005142212,0.0113220215

2428386012377,0.015609741,0.023483276,-0.020462036

2428386012377,0.015609741,0.023483276,-0.020462036

2428586055102,-0.10493469,0.019210815,0.027389526

2428586055102,-0.10493469,0.019210815,0.027389526

2428786036791,0.045150757,0.015090942,-0.022537231

2428786036791,0.045150757,0.015090942,-0.022537231

2428986079516,-0.048324585,0.016586304,0.019378662

2428986079516,-0.048324585,0.016586304,0.019378662

2429185267749,0.03793335,0.031982422,-0.039154053

2429185267749,0.03793335,0.031982422,-0.039154053

2429385249438,0.030838013,-0.0044555664,-0.012069702

2429385249438,0.030838013,-0.0044555664,-0.012069702

2429585170092,-0.030807495,0.034973145,-3.8146973E-4

2429585170092,-0.030807495,0.034973145,-3.8146973E-4

2429785273852,0.023406982,-0.0019989014,-0.0050201416

2429785273852,0.023406982,-0.0019989014,-0.0050201416

2429985255541,-0.009338379,0.01739502,-0.010421753

2429985255541,-0.009338379,0.01739502,-0.010421753

2430185176196,-0.13616943,0.126297,-0.058380127

2430185176196,-0.13616943,0.126297,-0.058380127

2430385127368,0.08189392,-0.022338867,-0.0066833496

2430385127368,0.08189392,-0.022338867,-0.0066833496

2430585475268,-0.050186157,0.040527344,6.4086914E-4

2430585475268,-0.050186157,0.040527344,6.4086914E-4

2430785304370,-9.1552734E-5,-0.0043945312,-0.008285522

2430785304370,-9.1552734E-5,-0.0043945312,-0.008285522

2430985530200,-0.047836304,0.025619507,0.01965332

2430985530200,-0.047836304,0.025619507,0.01965332

2431184871020,0.035690308,-0.035690308,0.0035247803

2431184871020,0.035690308,-0.035690308,0.0035247803

2431385371508,0.007232666,0.023971558,-0.014953613

2431385371508,0.007232666,0.023971558,-0.014953613

2431585322680,-3.6621094E-4,0.0010528564,-0.0025634766

2431585322680,-3.6621094E-4,0.0010528564,-0.0025634766

2431785212817,0.01966858,0.067596436,-0.05496216

2431785212817,0.01966858,0.067596436,-0.05496216

2431985133471,-0.06434631,0.046722412,0.0012817383

2431985133471,-0.06434631,0.046722412,0.0012817383

2432185145678,-0.019744873,0.020706177,-0.0062561035

2432185145678,-0.019744873,0.020706177,-0.0062561035

2432384974780,0.030883789,-0.03340149,-0.008544922

2432384974780,0.030883789,-0.03340149,-0.008544922

2432584651293,0.022125244,0.033416748,-0.037765503

2432584651293,0.022125244,0.033416748,-0.037765503

2432784571948,-0.08175659,0.08255005,-0.043701172

2432784571948,-0.08175659,0.08255005,-0.043701172

2432984492602,-0.06428528,0.033950806,-0.0030517578

2432984492602,-0.06428528,0.033950806,-0.0030517578

2433184413256,0.035217285,0.030426025,-0.025741577

2433184413256,0.035217285,0.030426025,-0.025741577

2433384364428,-0.011581421,0.024612427,-7.4768066E-4

2433384364428,-0.011581421,0.024612427,-7.4768066E-4

2433584315600,0.010971069,0.021499634,-0.022277832

2433584315600,0.010971069,0.021499634,-0.022277832

2433784205737,-0.32891846,0.057403564,0.020721436

2433784205737,-0.32891846,0.057403564,0.020721436

2433984370532,-0.7832947,0.9098053,-0.060836792

2433984370532,-0.7832947,0.9098053,-0.060836792

2434184291186,-0.07443237,-0.6760254,-0.17790222

2434184291186,-0.07443237,-0.6760254,-0.17790222

2434384181323,0.49899292,-0.30950928,-0.12310791

2434384181323,0.49899292,-0.30950928,-0.12310791

2434583888354,0.09844971,0.14627075,0.19781494

2434583888354,0.09844971,0.14627075,0.19781494

2434783778491,0.34144592,0.061035156,0.22195435

2434783778491,0.34144592,0.061035156,0.22195435

2434983668627,0.2554016,-0.1847992,0.057891846

2434983668627,0.2554016,-0.1847992,0.057891846

2435183650317,-0.07246399,-0.09326172,0.050949097

2435183650317,-0.07246399,-0.09326172,0.050949097

2435383540454,0.28729248,-0.06517029,-0.009399414

2435383540454,0.28729248,-0.06517029,-0.009399414

2435583430590,0.027313232,-0.008834839,-0.024353027

2435583430590,0.027313232,-0.008834839,-0.024353027

2435783442797,0.0048217773,0.009857178,-0.01676941

2435783442797,0.0048217773,0.009857178,-0.01676941

2435982722582,-0.00730896,0.015731812,3.2043457E-4

2435982722582,-0.00730896,0.015731812,3.2043457E-4

2436182612719,-0.105895996,0.023483276,0.011047363

2436182612719,-0.105895996,0.023483276,0.011047363

2436382685961,0.01902771,0.0048980713,-0.016448975

2436382685961,0.01902771,0.0048980713,-0.016448975

2436582606616,-0.040527344,0.0030212402,-0.007003784

2436582606616,-0.040527344,0.0030212402,-0.007003784

2436782496752,0.08695984,0.009811401,-0.022598267

2436782496752,0.08695984,0.009811401,-0.022598267

2436982417407,-0.030166626,0.030532837,-0.026275635

2436982417407,-0.030166626,0.030532837,-0.026275635

2437182338061,-0.031707764,0.023208618,0.0031433105

2437182338061,-0.031707764,0.023208618,0.0031433105

2437382866645,0.01828003,0.022521973,-0.01725769

2437382866645,0.01828003,0.022521973,-0.01725769

2437582787299,-0.008956909,0.027069092,-0.024093628

2437582787299,-0.008956909,0.027069092,-0.024093628

2437782707953,0.025009155,0.011245728,-0.030548096

2437782707953,0.025009155,0.011245728,-0.030548096

2437982598090,-0.007461548,0.014984131,-0.010360718

2437982598090,-0.007461548,0.014984131,-0.010360718

2438194359565,-0.5165863,0.18739319,-0.20663452

2438194359565,-0.5165863,0.18739319,-0.20663452

2438392174506,0.4748993,0.019424438,0.14259338

2438592125678,-0.1605835,-0.077194214,-0.01965332

2438791832709,0.26116943,-0.0393219,-0.052612305

2438991783881,-0.050354004,0.0069732666,-0.005722046

2439191735053,0.07249451,0.0010986328,-0.006515503

2439391686225,-0.02418518,-0.0066375732,0.010467529

2439592613959,0.008407593,0.0033416748,-0.0014953613

2438392174506,0.4748993,0.019424438,0.14259338

2438592125678,-0.1605835,-0.077194214,-0.01965332

2438791832709,0.26116943,-0.0393219,-0.052612305

2438991783881,-0.050354004,0.0069732666,-0.005722046

2439191735053,0.07249451,0.0010986328,-0.006515503

2439391686225,-0.02418518,-0.0066375732,0.010467529

2439592613959,0.008407593,0.0033416748,-0.0014953613

2439791832709,-0.06161499,0.012634277,-0.010574341

2439791832709,-0.06161499,0.012634277,-0.010574341

2439991539741,0.104003906,0.0054779053,-0.030181885

2439991539741,0.104003906,0.0054779053,-0.030181885

2440191246772,0.012466431,0.0030212402,-0.018051147

2440191246772,0.012466431,0.0030212402,-0.018051147

2440391197944,-0.029312134,0.012207031,-0.03338623

2440391197944,-0.029312134,0.012207031,-0.03338623

2440591149116,0.020690918,0.023635864,0.020828247

2440591149116,0.020690918,0.023635864,0.020828247

2440791344428,-0.1025238,0.019638062,0.012008667

2440791344428,-0.1025238,0.019638062,0.012008667

2440992028022,0.13374329,0.011627197,-0.023025513

2440992028022,0.13374329,0.011627197,-0.023025513

2441191002631,0.029067993,0.016799927,-0.016983032

2441191002631,0.029067993,0.016799927,-0.016983032

2441390709662,-0.47653198,-0.09140015,0.26472473

2441390709662,-0.47653198,-0.09140015,0.26472473

2441591637397,0.17108154,-0.52937317,0.5509796

2441591637397,0.17108154,-0.52937317,0.5509796

2441790856147,0.31297302,-0.6226196,0.20347595

2441790856147,0.31297302,-0.6226196,0.20347595

2441990563178,0.20526123,-0.14912415,-0.025268555

2441990563178,0.20526123,-0.14912415,-0.025268555

2442190270209,0.14587402,-0.0539093,-0.051330566

2442190270209,0.14587402,-0.0539093,-0.051330566

2442390221381,-0.09387207,0.008529663,0.015380859

2442390221381,-0.09387207,0.008529663,0.015380859

2442589684272,0.022659302,0.004196167,-0.009613037

2442589684272,0.022659302,0.004196167,-0.009613037

2442789391303,0.07286072,-0.027572632,0.007583618

2442789391303,0.07286072,-0.027572632,0.007583618

2442989342475,-0.0018005371,0.037902832,-0.041778564

2442989342475,-0.0018005371,0.037902832,-0.041778564

2443189537787,-0.09429932,0.038223267,0.03187561

2443189537787,-0.09429932,0.038223267,0.03187561

2443389733100,-0.092056274,0.028457642,1.5258789E-4

2443389733100,-0.092056274,0.028457642,1.5258789E-4

2443590172553,-0.19487,0.13665771,-0.050323486

2443590172553,-0.19487,0.13665771,-0.050323486

2443790856147,-0.14994812,0.14482117,-0.16764832

2443790856147,-0.14994812,0.14482117,-0.16764832

2443989586616,0.13652039,-0.0069122314,-0.01725769

2443989586616,0.13652039,-0.0069122314,-0.01725769

2444189781928,0.027145386,0.0070343018,-0.01121521

2444189781928,0.027145386,0.0070343018,-0.01121521

2444389244819,0.01663208,0.014984131,-0.016662598

2444389244819,0.01663208,0.014984131,-0.016662598

2444589440131,-0.023971558,-0.0032806396,0.019973755

2444589440131,-0.023971558,-0.0032806396,0.019973755

2444789147162,-0.078125,0.029891968,0.011428833

2444789147162,-0.078125,0.029891968,0.011428833

2444989098334,0.13978577,0.015151978,-0.054595947

2444989098334,0.13978577,0.015151978,-0.054595947

2445190270209,-0.05392456,-0.007019043,0.005340576

2445190270209,-0.05392456,-0.007019043,0.005340576

2445390221381,-0.087890625,0.020645142,0.018844604

2445390221381,-0.087890625,0.020645142,0.018844604

2445590172553,-0.14349365,0.15838623,-0.108795166

2445590172553,-0.14349365,0.15838623,-0.108795166

2445789879584,0.15452576,0.009109497,-0.08621216

2445789879584,0.15452576,0.009109497,-0.08621216

2445989098334,0.0816803,0.01637268,-0.024780273

2445989098334,0.0816803,0.01637268,-0.024780273

2446189781928,-0.08030701,0.0038757324,0.016448975

2446189781928,-0.08030701,0.0038757324,0.016448975

2446389733100,-0.01222229,0.020751953,0.008010864

2446389733100,-0.01222229,0.020751953,0.008010864

2446588707709,0.07627869,-0.007446289,-0.017578125

2446588707709,0.07627869,-0.007446289,-0.017578125

2446788414741,0.09465027,0.009963989,-0.028579712

2446788414741,0.09465027,0.009963989,-0.028579712

2446988121772,-0.027175903,0.0132751465,0.024291992

2446988121772,-0.027175903,0.0132751465,0.024291992

2447188056599,-0.39033508,0.4268036,-0.0859375

2447188056599,-0.39033508,0.4268036,-0.0859375

2447388251911,-0.22973633,0.32789612,-0.23291016

2447388251911,-0.22973633,0.32789612,-0.23291016

2447587958942,-0.0048980713,-0.045196533,0.034332275

2447587958942,-0.0048980713,-0.045196533,0.034332275

2447788154255,0.0046691895,-0.28601074,0.14857483

2447788154255,0.0046691895,-0.28601074,0.14857483

2447987861286,0.24215698,-0.36061096,0.246521

2447987861286,0.24215698,-0.36061096,0.246521

2448190986286,-0.1346283,-0.10133362,-0.015487671

2448190986286,-0.1346283,-0.10133362,-0.015487671

2448387763630,0.1512146,-0.056518555,0.012863159

2448387763630,0.1512146,-0.056518555,0.012863159

2448587470661,0.08958435,-0.06619263,0.038711548

2448587470661,0.08958435,-0.06619263,0.038711548

2448787910114,0.03173828,-0.0071258545,-0.017944336

2448787910114,0.03173828,-0.0071258545,-0.017944336

2448987373005,0.0027923584,-7.6293945E-5,-0.0018157959

2448987373005,0.0027923584,-7.6293945E-5,-0.0018157959

2449187324177,-0.49874878,0.49212646,-0.13475037

2449187324177,-0.49874878,0.49212646,-0.13475037

2449386542927,0.050064087,0.49484253,-0.24636841

2449386542927,0.050064087,0.49484253,-0.24636841

2449586494099,-0.07133484,0.39952087,-0.09277344

2449586494099,-0.07133484,0.39952087,-0.09277344

2449786689411,0.21839905,-0.91015625,0.35668945

2449786689411,0.21839905,-0.91015625,0.35668945

2449988105427,0.17631531,-0.30812073,0.13778687

2449988105427,0.17631531,-0.30812073,0.13778687

2450186591755,0.17123413,-0.05508423,-0.058013916

2450186591755,0.17123413,-0.05508423,-0.058013916

2450387031208,0.06655884,-0.00894165,-0.024993896

2450387031208,0.06655884,-0.00894165,-0.024993896

2450586738239,0.02394104,0.0061187744,-0.0028839111

2450586738239,0.02394104,0.0061187744,-0.0028839111

2450786689411,0.04045105,0.007888794,-0.039901733

2450786689411,0.04045105,0.007888794,-0.039901733

2450986640583,-0.016967773,0.03149414,0.008590698

2450986640583,-0.016967773,0.03149414,0.008590698

2451186347614,-0.01109314,-0.004135132,0.0013885498

2451186347614,-0.01109314,-0.004135132,0.0013885498

2451386298786,-0.05697632,0.0051574707,0.0062408447

2451386298786,-0.05697632,0.0051574707,0.0062408447

2451586494099,-0.0037841797,0.06161499,-0.04310608

2451586494099,-0.0037841797,0.06161499,-0.04310608

2451789374958,0.034576416,0.008956909,-0.03439331

2451789374958,0.034576416,0.008956909,-0.03439331

2451986152302,-0.061828613,0.058044434,-0.022537231

2451986152302,-0.061828613,0.058044434,-0.022537231

2452185859333,-0.11817932,0.15390015,-0.034561157

2452185859333,-0.11817932,0.15390015,-0.034561157

2452386054646,0.16755676,0.04373169,-0.12150574

2452386054646,0.16755676,0.04373169,-0.12150574

2452586249958,-0.0743866,0.006225586,0.0031433105

2452586249958,-0.0743866,0.006225586,0.0031433105

2452786933552,0.0140686035,0.0632782,-0.055664062

2452786933552,0.0140686035,0.0632782,-0.055664062

2452986884724,-0.028717041,0.01739502,-0.005554199

2452986884724,-0.028717041,0.01739502,-0.005554199

2453185615192,0.0687561,0.028564453,-0.019012451

2453185615192,0.0687561,0.028564453,-0.019012451

2453385810505,-0.07624817,-0.0023651123,0.01574707

2453385810505,-0.07624817,-0.0023651123,0.01574707

2453586494099,0.06298828,0.04901123,-0.042099

2453586494099,0.06298828,0.04901123,-0.042099

2453786445271,-0.4089203,0.16212463,-0.13417053

2453786445271,-0.4089203,0.16212463,-0.13417053

2453986396442,0.31762695,-0.022338867,0.005065918

2453986396442,0.31762695,-0.022338867,0.005065918

2454185371052,-0.057022095,0.0155181885,-0.065322876

2454185371052,-0.057022095,0.0155181885,-0.065322876

2454385322224,-0.12207031,0.015472412,0.054092407

2454385322224,-0.12207031,0.015472412,0.054092407

2454585029255,0.06730652,-0.03440857,-0.0050201416

2454585029255,0.06730652,-0.03440857,-0.0050201416

2454784980427,0.045410156,0.028244019,-0.016448975

2454784980427,0.045410156,0.028244019,-0.016448975

2454984687458,0.013320923,0.028244019,-0.021255493

2454984687458,0.013320923,0.028244019,-0.021255493

2455184638630,0.019088745,0.017715454,-0.018966675

2455184638630,0.019088745,0.017715454,-0.018966675

2455384589802,0.05583191,0.001373291,-0.023925781

2455384589802,0.05583191,0.001373291,-0.023925781

2455584296833,-0.071014404,0.043945312,0.0076293945

2455584296833,-0.071014404,0.043945312,0.0076293945

2455784248005,0.052734375,-0.0011901855,-0.017471313

2455784248005,0.052734375,-0.0011901855,-0.017471313

2455984199177,0.0026397705,0.08981323,-0.05293274

2455984199177,0.0026397705,0.08981323,-0.05293274

2456183662067,0.16461182,0.010772705,-0.029373169

2456183662067,0.16461182,0.010772705,-0.029373169

2456383613239,-0.061462402,0.05937195,-0.022109985

2456383613239,-0.061462402,0.05937195,-0.022109985

2456583564411,-0.167099,0.019577026,-0.039413452

2456583564411,-0.167099,0.019577026,-0.039413452

2456783515583,0.076171875,0.03363037,-0.0076446533

2456783515583,0.076171875,0.03363037,-0.0076446533

2456983710896,-0.08111572,0.06285095,0.0047454834

2456983710896,-0.08111572,0.06285095,0.0047454834

2457183662067,-0.33351135,-0.34864807,0.34344482

2457183662067,-0.33351135,-0.34864807,0.34344482

2457383367763,-0.06317139,-0.6878357,0.5508728

2457383367763,-0.06317139,-0.6878357,0.5508728

2457583563075,0.13075256,-0.3730011,0.06477356

2457583563075,0.13075256,-0.3730011,0.06477356

2457784490810,0.121414185,-0.13465881,-0.009033203

2457784490810,0.121414185,-0.13465881,-0.009033203

2457984441981,-0.0181427,0.0041503906,-0.019119263

2457984441981,-0.0181427,0.0041503906,-0.019119263

2458184149013,0.044662476,7.7819824E-4,-0.011428833

2458184149013,0.044662476,7.7819824E-4,-0.011428833

2458383123622,-0.023971558,0.0056915283,-0.0076446533

2458383123622,-0.023971558,0.0056915283,-0.0076446533

2458586004481,-0.0771637,0.021881104,0.010620117

2458586004481,-0.0771637,0.021881104,0.010620117

2458782781825,0.023468018,-0.014755249,0.00630188

2458782781825,0.023468018,-0.014755249,0.00630188

2458982488856,-0.00592041,3.5095215E-4,0.005126953

2458982488856,-0.00592041,3.5095215E-4,0.005126953

2459182684169,-0.010940552,0.025039673,-0.0062561035

2459182684169,-0.010940552,0.025039673,-0.0062561035

2459382147060,0.0022583008,0.044906616,-0.051330566

2459382147060,0.0022583008,0.044906616,-0.051330566

2459582098231,0.07484436,-0.0023651123,-0.008178711

2459582098231,0.07484436,-0.0023651123,-0.008178711

2459782293544,-0.05392456,0.0034484863,0.0076904297

2459782293544,-0.05392456,0.0034484863,0.0076904297

2459982000575,-0.028884888,0.09173584,-0.047912598

2459982000575,-0.028884888,0.09173584,-0.047912598

2460183172450,0.079589844,-0.0019378662,-0.0029449463

2460183172450,0.079589844,-0.0019378662,-0.0029449463

2460382879481,-0.15641785,0.021026611,0.014144897

2460382879481,-0.15641785,0.021026611,0.014144897

2460582098231,0.18389893,-0.029876709,-0.006515503

2460582098231,0.18389893,-0.029876709,-0.006515503

2460782781825,-1.6635742,0.48651123,0.021087646

2460782781825,-1.6635742,0.48651123,0.021087646

2460982732997,-2.8904724,0.51802063,0.90089417

2460982732997,-2.8904724,0.51802063,0.90089417

2461182684169,-0.9577179,0.14242554,0.23220825

2461182684169,-0.9577179,0.14242554,0.23220825

2461382391200,-0.047683716,-0.04824829,-0.049468994

2461382391200,-0.047683716,-0.04824829,-0.049468994

2461581609950,0.87742615,0.07485962,-0.4317932

2461581609950,0.87742615,0.07485962,-0.4317932

2461781072841,1.5330353,-0.053207397,-0.54885864

2461781072841,1.5330353,-0.053207397,-0.54885864

2461981024013,1.6835785,-0.43832397,-0.25053406

2461981024013,1.6835785,-0.43832397,-0.25053406

2462180975185,0.93055725,-0.09033203,0.0716095

2462180975185,0.93055725,-0.09033203,0.0716095

2462380926356,0.5841675,-0.17401123,0.19145203

2462380926356,0.5841675,-0.17401123,0.19145203

2462580145106,0.17086792,-0.1209259,-0.06762695

2462580145106,0.17086792,-0.1209259,-0.06762695

2462780096278,0.060577393,-0.011978149,-0.028579712

2462780096278,0.060577393,-0.011978149,-0.028579712

2462979803310,0.0066986084,-0.0018920898,-0.0048065186

2462979803310,0.0066986084,-0.0018920898,-0.0048065186

2463180975185,-0.0493927,0.026000977,0.0043792725

2463180975185,-0.0493927,0.026000977,0.0043792725

2463380193935,0.011932373,0.010986328,0.009719849

2463380193935,0.011932373,0.010986328,0.009719849

2463580145106,0.038848877,-0.021331787,-0.0033111572

2463580145106,0.038848877,-0.021331787,-0.0033111572

2463779852138,-0.0149383545,0.02192688,-0.006149292

2463779852138,-0.0149383545,0.02192688,-0.006149292

2463980047450,0.013900757,0.0025939941,0.0014953613

2463980047450,0.013900757,0.0025939941,0.0014953613

2464179754481,0.020629883,0.011779785,-0.022644043

2464179754481,0.020629883,0.011779785,-0.022644043

2464379949794,-0.10877991,0.032455444,0.010040283

2464379949794,-0.10877991,0.032455444,0.010040283

2464579900966,0.0054626465,0.013336182,-0.009460449

2464579900966,0.0054626465,0.013336182,-0.009460449

2464782781825,-0.048583984,0.02796936,-0.018539429

2464782781825,-0.048583984,0.02796936,-0.018539429

2464979559169,0.083602905,-0.013366699,-0.016082764

2464979559169,0.083602905,-0.013366699,-0.016082764

2465179266200,-0.0043182373,0.014877319,-0.0090789795

2465179266200,-0.0043182373,0.014877319,-0.0090789795

2465379461513,-0.014465332,-0.0042419434,-0.0023498535

2465379461513,-0.014465332,-0.0042419434,-0.0023498535

2465579168544,-0.0076293945,0.12976074,-0.11103821

2465579168544,-0.0076293945,0.12976074,-0.11103821

2465779119716,-0.014297485,0.010284424,-0.0037384033

2465779119716,-0.014297485,0.010284424,-0.0037384033

2465980047450,0.044555664,0.007080078,-0.014587402

2465980047450,0.044555664,0.007080078,-0.014587402

2466179022060,-0.035339355,0.009277344,0.008544922

2466179022060,-0.035339355,0.009277344,0.008544922

2466378973231,-0.0043640137,0.0039367676,-0.002090454

2466378973231,-0.0043640137,0.0039367676,-0.002090454

2466578680263,-0.023330688,-0.0036010742,0.009979248

2466578680263,-0.023330688,-0.0036010742,0.009979248

2466778631435,-0.005859375,0.02696228,-0.029800415

2466778631435,-0.005859375,0.02696228,-0.029800415

2466978826747,0.02229309,0.027389526,0.0045318604

2466978826747,0.02229309,0.027389526,0.0045318604

2467179022060,-0.0642395,0.04512024,-0.049728394

2467179022060,-0.0642395,0.04512024,-0.049728394

2467378484950,-0.010620117,0.0053710938,0.0011138916

2467378484950,-0.010620117,0.0053710938,0.0011138916

2467578447785,0.0058898926,0.008041382,-0.020828247

2467578447785,0.0058898926,0.008041382,-0.020828247

2467778398957,0.03404236,0.06150818,-0.06478882

2467778398957,0.03404236,0.06150818,-0.06478882

2467981523957,-0.011260986,-0.008300781,0.0061950684

2467981523957,-0.011260986,-0.008300781,0.0061950684

2468178301301,-0.07545471,0.032409668,0.0029296875

2468178301301,-0.07545471,0.032409668,0.0029296875

2468378008332,-0.2692566,0.2099762,-0.14276123

2468378008332,-0.2692566,0.2099762,-0.14276123

2468578203644,-0.24650574,0.2848053,-0.23493958

2468578203644,-0.24650574,0.2848053,-0.23493958

2468777666535,0.006591797,-0.14779663,0.21949768

2468777666535,0.006591797,-0.14779663,0.21949768

2468977617707,0.24136353,-0.49461365,0.098526

2468977617707,0.24136353,-0.49461365,0.098526

2469177568879,0.2783661,-0.047821045,-0.06869507

2469177568879,0.2783661,-0.047821045,-0.06869507

2469376787629,0.0036468506,-0.0044555664,0.013717651

2469376787629,0.0036468506,-0.0044555664,0.013717651

2469576738801,0.007232666,0.018829346,-0.02067566

2469576738801,0.007232666,0.018829346,-0.02067566

2469777422394,-0.09953308,0.02999878,0.016662598

2469777422394,-0.09953308,0.02999878,0.016662598

2469977129426,-0.0026550293,0.05328369,-0.07371521

2469977129426,-0.0026550293,0.05328369,-0.07371521

2470176592316,-0.018630981,0.009918213,-0.0012817383

2470176592316,-0.018630981,0.009918213,-0.0012817383

2470377031769,0.04547119,0.01675415,-0.010421753

2470377031769,0.04547119,0.01675415,-0.010421753

2470576982941,0.037246704,-0.001083374,-0.0231781

2470576982941,0.037246704,-0.001083374,-0.0231781

2470776689973,-0.0262146,-0.0052490234,0.015960693

2470776689973,-0.0262146,-0.0052490234,0.015960693

2470976641144,-0.072250366,0.00793457,0.019165039

2470976641144,-0.072250366,0.00793457,0.019165039

2471177080598,0.029769897,0.023757935,-0.026443481

2471177080598,0.029769897,0.023757935,-0.026443481

2471376787629,-0.0022888184,0.05670166,-0.06239319

2471376787629,-0.0022888184,0.05670166,-0.06239319

2471579912629,-0.005645752,0.039245605,-0.035629272

2471579912629,-0.005645752,0.039245605,-0.035629272

2471776689973,-0.03753662,0.019638062,0.02268982

2471776689973,-0.03753662,0.019638062,0.02268982

2471976641144,0.025177002,0.06674194,-0.048080444

2471976641144,0.025177002,0.06674194,-0.048080444

2472179522004,0.013580322,0.013122559,-0.01399231

2472179522004,0.013580322,0.013122559,-0.01399231

2472376299348,-0.72369385,0.92022705,0.04714966

2472376299348,-0.72369385,0.92022705,0.04714966

2472576006379,0.24446106,0.447052,0.10115051

2472576006379,0.24446106,0.447052,0.10115051

2472776201691,-0.077056885,-0.6283417,0.1158905

2472776201691,-0.077056885,-0.6283417,0.1158905

2472975908723,-0.051467896,-0.9022522,0.06889343

2472975908723,-0.051467896,-0.9022522,0.06889343

2473175859894,-0.0663147,-0.22309875,0.042770386

2473175859894,-0.0663147,-0.22309875,0.042770386

2473376055207,-0.08421326,0.107177734,-0.010147095

2473376055207,-0.08421326,0.107177734,-0.010147095

2473575762238,0.1616211,-0.073028564,0.08598328

2473575762238,0.1616211,-0.073028564,0.08598328

2473775957551,0.1409607,-0.16873169,0.14819336

2473775957551,0.1409607,-0.16873169,0.14819336

2473975664582,0.18293762,-0.060256958,0.06626892

2473975664582,0.18293762,-0.060256958,0.06626892

2474175859894,0.18560791,-0.08114624,0.01008606

2474175859894,0.18560791,-0.08114624,0.01008606

2474375322785,0.11265564,-0.02746582,-0.0048065186

2474375322785,0.11265564,-0.02746582,-0.0048065186

2474576006379,0.01689148,-0.010223389,0.0027770996

2474576006379,0.01689148,-0.010223389,0.0027770996

2474775225129,0.12904358,-0.023788452,-0.01612854

2474775225129,0.12904358,-0.023788452,-0.01612854

2474975176301,0.0146484375,-0.004928589,-0.0056152344

2474975176301,0.0146484375,-0.004928589,-0.0056152344

2475175371613,-0.018676758,0.0027618408,-0.0036315918

2475175371613,-0.018676758,0.0027618408,-0.0036315918

2475375078644,0.008026123,-0.0056762695,-0.006576538

2475375078644,0.008026123,-0.0056762695,-0.006576538

2475575273957,-0.05067444,0.011199951,0.0038909912

2475575273957,-0.05067444,0.011199951,0.0038909912

2475774980988,0.018875122,-0.015991211,0.010620117

2475774980988,0.018875122,-0.015991211,0.010620117

2475974932160,-0.05718994,0.006225586,-0.017196655

2475974932160,-0.05718994,0.006225586,-0.017196655

2476174150910,0.0054626465,0.02053833,-0.029968262

2476174150910,0.0054626465,0.02053833,-0.029968262

2476374102082,-0.0382843,0.014556885,2.1362305E-4

2476374102082,-0.0382843,0.014556885,2.1362305E-4

2476574053254,0.040390015,0.0020141602,-0.0040130615

2476574053254,0.040390015,0.0020141602,-0.0040130615

2476774736848,-0.049865723,0.0134887695,0.0137786865

2476774736848,-0.049865723,0.0134887695,0.0137786865

2476975176301,0.04348755,-0.010055542,-0.0129852295

2476975176301,0.04348755,-0.010055542,-0.0129852295

2477174639191,-0.13729858,0.025360107,0.0037841797

2477174639191,-0.13729858,0.025360107,0.0037841797

2477374346223,0.1558075,-0.020523071,-0.016830444

2477374346223,0.1558075,-0.020523071,-0.016830444

2477574541535,-0.010131836,0.012420654,-0.006362915

2477574541535,-0.010131836,0.012420654,-0.006362915

2477774492707,0.06021118,0.019638062,-0.016830444

2477774492707,0.06021118,0.019638062,-0.016830444

2477974217947,-0.012374878,0.019424438,-0.02708435

2477974217947,-0.012374878,0.019424438,-0.02708435

2478176122244,-0.040252686,0.0039367676,0.013076782

2478176122244,-0.040252686,0.0039367676,0.013076782

2478374120291,-0.03956604,0.033737183,-0.024032593

2478374120291,-0.03956604,0.033737183,-0.024032593

2478574071463,0.009048462,0.0211792,-0.02708435

2478574071463,0.009048462,0.0211792,-0.02708435

2478774266775,0.010116577,0.0063934326,-0.013626099

2478774266775,0.010116577,0.0063934326,-0.013626099

2478973729666,-0.04447937,0.05014038,-0.030075073

2478973729666,-0.04447937,0.05014038,-0.030075073

2479174169119,-0.59065247,0.23101807,-0.06858826

2479174169119,-0.59065247,0.23101807,-0.06858826

2479373876150,-0.34007263,1.1428223,-0.45721436

2479373876150,-0.34007263,1.1428223,-0.45721436

2479577001150,-0.18658447,0.2581482,-0.2212677

2479577001150,-0.18658447,0.2581482,-0.2212677

2479773778494,0.2810974,-0.3007965,0.16267395

2479773778494,0.2810974,-0.3007965,0.16267395

2479973485525,0.09753418,-0.4646454,0.15171814

2479973485525,0.09753418,-0.4646454,0.15171814

2480173680838,-0.059906006,-0.22459412,0.0741272

2480173680838,-0.059906006,-0.22459412,0.0741272

2480373143728,0.15110779,-0.21252441,0.105529785

2480373143728,0.15110779,-0.21252441,0.105529785

2480573094900,0.23431396,-0.12081909,0.22227478

2480573094900,0.23431396,-0.12081909,0.22227478

2480773290213,0.18955994,-0.19985962,0.06590271

2480773290213,0.18955994,-0.19985962,0.06590271

2480972997244,0.33621216,-0.10266113,-0.028518677

2480972997244,0.33621216,-0.10266113,-0.028518677

2481173192557,0.095825195,-0.027633667,-0.0032653809

2481173192557,0.095825195,-0.027633667,-0.0032653809

2481372899588,0.03703308,0.010345459,-0.0076904297

2481372899588,0.03703308,0.010345459,-0.0076904297

2481572850760,0.06869507,-6.1035156E-4,-0.03338623

2481572850760,0.06869507,-6.1035156E-4,-0.03338623

2481773046072,-0.09136963,0.012313843,0.014678955

2481773046072,-0.09136963,0.012313843,0.014678955

2481972753103,-0.0016479492,3.0517578E-4,0.006668091

2481972753103,-0.0016479492,3.0517578E-4,0.006668091

2482173192557,0.13252258,0.005004883,-0.02670288

2482173192557,0.13252258,0.005004883,-0.02670288

2482372655447,-0.22290039,0.04815674,0.012817383

2482372655447,-0.22290039,0.04815674,0.012817383

2482572362478,0.035858154,-0.004501343,-0.02067566

2482572362478,0.035858154,-0.004501343,-0.02067566

2482771825369,-0.11854553,0.018463135,0.012176514

2482771825369,-0.11854553,0.018463135,0.012176514

2482971776541,0.07537842,0.013061523,-0.050476074

2482971776541,0.07537842,0.013061523,-0.050476074

2483171727713,0.052093506,-0.0012512207,-0.0129852295

2483171727713,0.052093506,-0.0012512207,-0.0129852295

2483371678885,0.012893677,0.015045166,-0.007156372

2483371678885,0.012893677,0.015045166,-0.007156372

2483571630057,0.0068511963,0.0181427,-0.031936646

2483571630057,0.0068511963,0.0181427,-0.031936646

2483773046072,0.024963379,0.020217896,-0.013946533

2483773046072,0.024963379,0.020217896,-0.013946533

2483973241385,0.020050049,0.011947632,-0.033325195

2483973241385,0.020050049,0.011947632,-0.033325195

2484171727713,0.010803223,0.0029144287,-0.014099121

2484171727713,0.010803223,0.0029144287,-0.014099121

2484372167166,-0.04057312,0.010391235,-0.030288696

2484372167166,-0.04057312,0.010391235,-0.030288696

2484571630057,-0.30274963,0.052856445,0.03727722

2484571630057,-0.30274963,0.052856445,0.03727722

2484771581228,-0.56422424,0.5435028,-0.33576965

2484771581228,-0.56422424,0.5435028,-0.33576965

2484971776541,-0.13430786,-0.14089966,0.26387024

2484971776541,-0.13430786,-0.14089966,0.26387024

2485171483572,0.2715912,-0.2878723,0.06323242

2485171483572,0.2715912,-0.2878723,0.06323242

2485371678885,0.37295532,-0.057540894,-0.05101013

2485371678885,0.37295532,-0.057540894,-0.05101013

2485571141775,0.030349731,0.014190674,-0.03274536

2485571141775,0.030349731,0.014190674,-0.03274536

2485771337088,-0.044418335,-0.030944824,0.019866943

2485771337088,-0.044418335,-0.030944824,0.019866943

2485971288260,0.05491638,0.014343262,-0.029586792

2485971288260,0.05491638,0.014343262,-0.029586792

2486170995291,-0.0076293945,0.0045776367,-0.0115356445

2486170995291,-0.0076293945,0.0045776367,-0.0115356445

2486371434744,-0.048477173,0.010131836,0.019439697

2486371434744,-0.048477173,0.010131836,0.019439697

2486570897635,0.06982422,0.031066895,-0.033325195

2486570897635,0.06982422,0.031066895,-0.033325195

2486770848807,0.01449585,-1.8310547E-4,-0.024032593

2486770848807,0.01449585,-1.8310547E-4,-0.024032593

2486971044119,-0.11155701,0.016906738,0.019592285

2486971044119,-0.11155701,0.016906738,0.019592285

2487170751150,-0.059753418,0.040527344,-0.03627014

2487170751150,-0.059753418,0.040527344,-0.03627014

2487373876150,0.14021301,0.035446167,-0.07029724

2487373876150,0.14021301,0.035446167,-0.07029724

2487570653494,-0.040145874,-0.011291504,0.0039978027

2487570653494,-0.040145874,-0.011291504,0.0039978027

2487770360525,0.06843567,0.033416748,-0.011001587

2487770360525,0.06843567,0.033416748,-0.011001587

2487970311697,-0.110961914,0.07229614,-0.055130005

2487970311697,-0.110961914,0.07229614,-0.055130005

2488170486466,0.047439575,-0.009307861,0.0074157715

2488170486466,0.047439575,-0.009307861,0.0074157715

2488370193497,0.058929443,0.021774292,0.0041046143

2488370193497,0.058929443,0.021774292,0.0041046143

2488573318497,-0.13665771,0.001373291,0.016555786

2488573318497,-0.13665771,0.001373291,0.016555786

2488770095841,0.039276123,0.009216309,-0.009292603

2488770095841,0.039276123,0.009216309,-0.009292603

2488969802872,0.052459717,0.027008057,-0.03894043

2488969802872,0.052459717,0.027008057,-0.03894043

2489169998184,-0.11679077,0.032836914,-0.014633179

2489169998184,-0.11679077,0.032836914,-0.014633179

2489369705216,0.021057129,0.0087890625,-0.002243042

2489369705216,0.021057129,0.0087890625,-0.002243042

2489569168106,0.061325073,-0.019729614,-0.016830444

2489569168106,0.061325073,-0.019729614,-0.016830444

2489769119278,-0.037475586,0.0023345947,-0.017578125

2489769119278,-0.037475586,0.0023345947,-0.017578125

2489969070450,-0.27545166,0.03363037,-0.017837524

2489969070450,-0.27545166,0.03363037,-0.017837524

2490170730606,-0.5368805,0.59898376,-0.23867798

2490170730606,-0.5368805,0.59898376,-0.23867798

2490368972794,0.14886475,0.036895752,0.17047119

2490368972794,0.14886475,0.036895752,0.17047119

2490569168106,0.22859192,-0.42459106,0.11204529

2490569168106,0.22859192,-0.42459106,0.11204529

2490769607559,0.055236816,-0.116760254,0.0038452148

2490769607559,0.055236816,-0.116760254,0.0038452148

2490969070450,0.23831177,-0.18736267,0.06904602

2490969070450,0.23831177,-0.18736267,0.06904602

2491169021622,0.014175415,-0.027786255,4.7302246E-4

2491169021622,0.014175415,-0.027786255,4.7302246E-4

2491368972794,0.02923584,-0.0032806396,-0.0030975342

2491368972794,0.02923584,-0.0032806396,-0.0030975342

2491568679825,0.0030670166,-0.008560181,-0.012451172

2491568679825,0.0030670166,-0.008560181,-0.012451172

2491768875138,-0.030639648,-0.011505127,-0.007003784

2491768875138,-0.030639648,-0.011505127,-0.007003784

2491968582169,0.11628723,0.054992676,-0.06719971

2491968582169,0.11628723,0.054992676,-0.06719971

2492168533341,-0.09547424,0.025466919,0.0019683838

2492168533341,-0.09547424,0.025466919,0.0019683838

2492368728653,0.13113403,0.011306763,-0.0060424805

2492368728653,0.13113403,0.011306763,-0.0060424805

2492568191544,-0.16314697,0.018615723,0.028625488

2492568191544,-0.16314697,0.018615723,0.028625488

2492768142716,0.03265381,0.0043640137,-0.022537231

2492768142716,0.03265381,0.0043640137,-0.022537231

2492968338028,0.045303345,0.007293701,-0.016662598

2492968338028,0.045303345,0.007293701,-0.016662598

2493168045059,-0.026260376,0.007080078,0.0066223145

2493168045059,-0.026260376,0.007080078,0.0066223145

2493367996231,0.03553772,0.017868042,-0.02355957

2493367996231,0.03553772,0.017868042,-0.02355957

2493567947403,-0.01777649,0.03437805,-0.026870728

2493567947403,-0.01777649,0.03437805,-0.026870728

2493767898575,-0.11390686,0.024719238,-0.007003784

2493767898575,-0.11390686,0.024719238,-0.007003784

2493967849747,-0.022155762,-0.007446289,-5.950928E-4

2493967849747,-0.022155762,-0.007446289,-5.950928E-4

2494167800919,-0.25312805,0.06150818,-0.0066833496

2494167800919,-0.25312805,0.06150818,-0.0066833496

2494370681778,-0.62387085,0.6741791,-0.22901917

2494370681778,-0.62387085,0.6741791,-0.22901917

2494567459122,0.30278015,0.35092163,-0.010314941

2494567459122,0.30278015,0.35092163,-0.010314941

2494767166153,-0.06851196,-0.1134491,0.017730713

2494767166153,-0.06851196,-0.1134491,0.017730713

2494967361466,-0.0947876,-0.23420715,-0.07563782

2494967361466,-0.0947876,-0.23420715,-0.07563782

2495167068497,0.375412,-0.05470276,0.1763916

2495167068497,0.375412,-0.05470276,0.1763916

2495366775528,0.03265381,-0.24717712,0.28608704

2495366775528,0.03265381,-0.24717712,0.28608704

2495566970841,0.13694763,-0.08894348,-0.05378723

2495566970841,0.13694763,-0.08894348,-0.05378723

2495766677872,-0.22509766,-0.021591187,-0.12823486

2495766677872,-0.22509766,-0.021591187,-0.12823486

2495967117325,0.04989624,-0.054977417,-0.027618408

2495967117325,0.04989624,-0.054977417,-0.027618408

2496165847794,0.09828186,-0.015457153,-0.0012359619

2496165847794,0.09828186,-0.015457153,-0.0012359619

2496365798966,0.04711914,-0.005569458,0.017303467

2496365798966,0.04711914,-0.005569458,0.017303467

2496565750138,0.13850403,-0.030029297,-0.020828247

2496565750138,0.13850403,-0.030029297,-0.020828247

2496767166153,0.024749756,-0.00680542,-0.0057678223

2496767166153,0.024749756,-0.00680542,-0.0057678223

2496965896622,0.1020813,-0.003753662,-0.023452759

2496965896622,0.1020813,-0.003753662,-0.023452759

2497166091934,0.019561768,0.025360107,-0.021743774

2497166091934,0.019561768,0.025360107,-0.021743774

2497365798966,-0.057403564,0.0026550293,-0.0035858154

2497365798966,-0.057403564,0.0026550293,-0.0035858154

2497565750138,-0.06011963,0.025039673,0.01826477

2497565750138,-0.06011963,0.025039673,0.01826477

2497765945450,4.4250488E-4,3.0517578E-5,-0.002456665

2497765945450,4.4250488E-4,3.0517578E-5,-0.002456665

2497965408341,-0.0178833,0.0039367676,-0.010421753

2497965408341,-0.0178833,0.0039367676,-0.010421753

2498165603653,0.06677246,0.02999878,-0.048187256

2498165603653,0.06677246,0.02999878,-0.048187256

2498365554825,-0.057022095,4.5776367E-4,-0.023025513

2498365554825,-0.057022095,4.5776367E-4,-0.023025513

2498568450776,-0.026000977,0.026260376,-0.022064209

2498568450776,-0.026000977,0.026260376,-0.022064209

2498765228120,0.02229309,0.023529053,-0.023025513

2498765228120,0.02229309,0.023529053,-0.023025513

2498964935151,0.037994385,-0.0074920654,-0.017196655

2498964935151,0.037994385,-0.0074920654,-0.017196655

2499165374605,0.095565796,0.0043640137,-0.03691101

2499165374605,0.095565796,0.0043640137,-0.03691101

2499364593355,-0.073532104,0.038223267,0.08453369

2499364593355,-0.073532104,0.038223267,0.08453369

2499564544526,-0.26301575,-0.24082947,0.3975525

2499564544526,-0.26301575,-0.24082947,0.3975525

2499764739839,0.22608948,-1.0267944,0.6729126

2499764739839,0.22608948,-1.0267944,0.6729126

2499964202730,-0.1580658,-0.060256958,-0.050750732

2499964202730,-0.1580658,-0.060256958,-0.050750732

2500164398042,0.20487976,-0.04711914,-0.04135132

2500164398042,0.20487976,-0.04711914,-0.04135132

2500364105073,-0.02130127,0.00579834,0.012756348

2500364105073,-0.02130127,0.00579834,0.012756348

2500564056245,0.019989014,0.00970459,-0.014694214

2500564056245,0.019989014,0.00970459,-0.014694214

2500764251558,0.026397705,0.024658203,-0.01234436

2500764251558,0.026397705,0.024658203,-0.01234436

2500963714448,0.06277466,0.011306763,-0.044021606

2500963714448,0.06277466,0.011306763,-0.044021606

2501163909761,-0.104400635,0.03262329,-0.0058288574

2501163909761,-0.104400635,0.03262329,-0.0058288574

2501363616792,-0.037002563,0.016693115,-0.0030975342

2501363616792,-0.037002563,0.016693115,-0.0030975342

2501563567964,0.11778259,0.021774292,-0.035095215

2501563567964,0.11778259,0.021774292,-0.035095215

2501763763276,-0.06919861,-0.018920898,0.033966064

2501763763276,-0.06919861,-0.018920898,0.033966064

2501963226167,-0.030059814,0.024978638,-0.00390625

2501963226167,-0.030059814,0.024978638,-0.00390625

2502163177339,-0.09472656,0.02192688,-0.011428833

2502163177339,-0.09472656,0.02192688,-0.011428833

2502363372651,-0.36053467,1.0858917,-0.36509705

2502363372651,-0.36053467,1.0858917,-0.36509705

2502562835542,-0.23860168,-2.2888184E-4,-0.07852173

2502562835542,-0.23860168,-2.2888184E-4,-0.07852173

2502762298433,0.5098877,-0.9326477,0.36828613

2502762298433,0.5098877,-0.9326477,0.36828613

2502962249605,-0.111450195,-0.17102051,0.05430603

2502962249605,-0.111450195,-0.17102051,0.05430603

2503161956636,0.1478424,-0.01902771,-0.042785645

2503161956636,0.1478424,-0.01902771,-0.042785645

2503362151948,0.083862305,-0.0040283203,-0.02078247

2503362151948,0.083862305,-0.0040283203,-0.02078247

2503562103120,0.1076355,-0.004562378,-0.056777954

2503562103120,0.1076355,-0.004562378,-0.056777954

2503763519136,-0.09190369,0.01210022,0.01612854

2503763519136,-0.09190369,0.01210022,0.01612854

2503963714448,-0.06321716,0.022033691,-0.0028381348

2503963714448,-0.06321716,0.022033691,-0.0028381348

2504162200776,0.06555176,0.0010986328,-0.012710571

2504162200776,0.06555176,0.0010986328,-0.012710571

2504362396089,-0.04548645,0.021240234,-0.0050811768

2504362396089,-0.04548645,0.021240234,-0.0050811768

2504561858980,-0.024398804,0.039138794,0.008651733

2504561858980,-0.024398804,0.039138794,0.008651733

2504761810151,0.047332764,0.02418518,-0.028518677

2504761810151,0.047332764,0.02418518,-0.028518677

2504961761323,-0.028289795,-0.0048217773,0.002822876

2504961761323,-0.028289795,-0.0048217773,0.002822876

2505161712495,-0.04522705,0.07684326,-0.057800293

2505161712495,-0.04522705,0.07684326,-0.057800293

2505361663667,0.107421875,0.0037231445,-0.020889282

2505361663667,0.107421875,0.0037231445,-0.020889282

2505561370698,-0.053878784,0.026687622,-0.018753052

2505561370698,-0.053878784,0.026687622,-0.018753052

2505761321870,-0.061035156,0.020706177,-0.0012817383

2505761321870,-0.061035156,0.020706177,-0.0012817383

2505961273042,0.037399292,-0.0020446777,-0.0137786865

2505961273042,0.037399292,-0.0020446777,-0.0137786865

2506160980073,-0.04298401,0.08885193,-0.04812622

2506160980073,-0.04298401,0.08885193,-0.04812622

2506360931245,-0.11961365,0.036361694,0.01638794

2506360931245,-0.11961365,0.036361694,0.01638794

2506560882417,0.11643982,-0.0024719238,-0.04562378

2506560882417,0.11643982,-0.0024719238,-0.04562378

2506760589448,-0.07688904,0.009918213,0.006515503

2506760589448,-0.07688904,0.009918213,0.006515503

2506960784761,0.056259155,0.005432129,0.007797241

2506960784761,0.056259155,0.005432129,0.007797241

2507160491792,0.021438599,0.022415161,-0.021743774

2507160491792,0.021438599,0.022415161,-0.021743774

2507360442964,-0.02017212,0.010498047,0.013458252

2507360442964,-0.02017212,0.010498047,0.013458252

2507560638276,-0.45489502,0.36645508,-0.16482544

2507560638276,-0.45489502,0.36645508,-0.16482544

2507761566011,-0.18508911,0.28907776,-0.15168762

2507761566011,-0.18508911,0.28907776,-0.15168762

2507963226167,0.49066162,-0.61990356,0.22434998

2507963226167,0.49066162,-0.61990356,0.22434998

2508160003511,-0.004257202,-0.03916931,0.027175903

2508160003511,-0.004257202,-0.03916931,0.027175903

2508359710542,0.16809082,-0.047225952,-0.048233032

2508359710542,0.16809082,-0.047225952,-0.048233032

2508559905855,0.008621216,-0.009155273,-0.0066223145

2508559905855,0.008621216,-0.009155273,-0.0066223145

2508759348638,-0.03640747,0.016220093,-0.024841309

2508759348638,-0.03640747,0.016220093,-0.024841309

2508959299810,0.040023804,0.0051116943,-0.01335144

2508959299810,0.040023804,0.0051116943,-0.01335144

2509159739263,-0.050613403,-0.0014038086,-0.018371582

2509159739263,-0.050613403,-0.0014038086,-0.018371582

2509358469732,-0.03993225,0.042282104,0.039031982

2509358469732,-0.03993225,0.042282104,0.039031982

2509558420904,0.020950317,0.025466919,-0.03300476

2509558420904,0.020950317,0.025466919,-0.03300476

2509758616216,0.01737976,0.008575439,-0.013671875

2509758616216,0.01737976,0.008575439,-0.013671875

2509959788091,0.058547974,-0.025924683,0.019760132

2509959788091,0.058547974,-0.025924683,0.019760132

2510158030279,-0.008102417,0.05986023,-0.059509277

2510158030279,-0.008102417,0.05986023,-0.059509277

2510358225591,-0.04046631,0.010131836,-8.087158E-4

2510358225591,-0.04046631,0.010131836,-8.087158E-4

2510558665044,-0.042282104,0.072891235,-0.03883362

2510558665044,-0.042282104,0.072891235,-0.03883362

2510758127935,-0.048477173,0.18103027,-0.13780212

2510758127935,-0.048477173,0.18103027,-0.13780212

2510957834966,-0.049713135,0.03315735,-0.011062622

2510957834966,-0.049713135,0.03315735,-0.011062622

2511158030279,0.02923584,0.012420654,0.0020751953

2511158030279,0.02923584,0.012420654,0.0020751953

2511357737310,-0.015258789,0.009216309,-0.014373779

2511357737310,-0.015258789,0.009216309,-0.014373779

2511557444341,-0.018997192,0.005584717,0.0059814453

2511557444341,-0.018997192,0.005584717,0.0059814453

2511757639654,0.0118255615,-6.1035156E-4,2.1362305E-4

2511757639654,0.0118255615,-6.1035156E-4,2.1362305E-4

2511957590826,0.008300781,0.06321716,-0.06185913

2511957590826,0.008300781,0.06321716,-0.06185913

2512160471685,0.010864258,0.047729492,-0.022003174

2512160471685,0.010864258,0.047729492,-0.022003174

2512357249029,-0.09724426,0.017929077,-0.0027770996

2512357249029,-0.09724426,0.017929077,-0.0027770996

2512556956060,0.057373047,0.04335022,-0.036743164

2512556956060,0.057373047,0.04335022,-0.036743164

2512757151373,0.051239014,0.015258789,-0.023071289

2512757151373,0.051239014,0.015258789,-0.023071289

2512956858404,-0.01878357,0.05606079,-0.018859863

2512956858404,-0.01878357,0.05606079,-0.018859863

2513156565435,-0.050827026,0.03614807,-0.007369995

2513156565435,-0.050827026,0.03614807,-0.007369995

2513356760748,-0.68026733,0.29307556,-0.17352295

2513356760748,-0.68026733,0.29307556,-0.17352295

2513556467779,0.2071228,-0.24108887,0.07406616

2513556467779,0.2071228,-0.24108887,0.07406616

2513756418951,0.4730835,0.063812256,0.049606323

2513756418951,0.4730835,0.063812256,0.049606323

2513956125982,-0.08944702,-0.015670776,0.0034637451

2513956125982,-0.08944702,-0.015670776,0.0034637451

2514156077154,-0.04522705,0.08047485,-0.06852722

2514156077154,-0.04522705,0.08047485,-0.06852722

2514356028326,-0.012649536,0.10739136,-0.009292603

2514356028326,-0.012649536,0.10739136,-0.009292603

2514555735357,0.07740784,0.06765747,0.21704102

2514555735357,0.07740784,0.06765747,0.21704102

2514755686529,0.03617859,-0.36270142,0.0062408447

2514755686529,0.03617859,-0.36270142,0.0062408447

2514955393560,-0.12832642,5.645752E-4,-0.056243896

2514955393560,-0.12832642,5.645752E-4,-0.056243896

2515155344732,0.12487793,-0.010269165,-0.07254028

2515155344732,0.12487793,-0.010269165,-0.07254028

2515355540044,0.23399353,0.016967773,-0.05923462

2515355540044,0.23399353,0.016967773,-0.05923462

2515555002935,0.056793213,0.0061187744,0.013137817

2515555002935,0.056793213,0.0061187744,0.013137817

2515755198248,-0.1126709,0.011138916,0.016281128

2515755198248,-0.1126709,0.011138916,0.016281128

2515954172857,0.13822937,-0.0043945312,-0.011276245

2515954172857,0.13822937,-0.0043945312,-0.011276245

2516154124029,-0.2571869,0.017227173,0.025527954

2516154124029,-0.2571869,0.017227173,0.025527954

2516354075201,0.19607544,-0.026245117,0.002670288

2516354075201,0.19607544,-0.026245117,0.002670288

2516554026373,0.021759033,0.013870239,-0.03894043

2516554026373,0.021759033,0.013870239,-0.03894043

2516754221685,0.029067993,0.023101807,-0.026443481

2516754221685,0.029067993,0.023101807,-0.026443481

2516955637701,-0.045013428,0.010879517,-0.0041656494

2516955637701,-0.045013428,0.010879517,-0.0041656494

2517153879888,-0.033950806,0.0059661865,0.0068359375

2517153879888,-0.033950806,0.0059661865,0.0068359375

2517353831060,-0.012054443,0.038970947,-0.028198242

2517353831060,-0.012054443,0.038970947,-0.028198242

2517554026373,-0.03565979,0.05505371,-0.055923462

2517554026373,-0.03565979,0.05505371,-0.055923462

2517753489263,-0.01638794,0.056121826,0.051742554

2517753489263,-0.01638794,0.056121826,0.051742554

2517953928716,-0.20495605,-0.02848816,0.34205627

2517953928716,-0.20495605,-0.02848816,0.34205627

2518153391607,-0.08784485,-0.8035126,0.8549652

2518153391607,-0.08784485,-0.8035126,0.8549652

2518353098638,-0.03277588,-0.6237488,-0.18751526

2518353098638,-0.03277588,-0.6237488,-0.18751526

2518553293951,0.19276428,-0.03237915,-0.07873535

2518553293951,0.19276428,-0.03237915,-0.07873535

2518753000982,0.06474304,0.025360107,0.009399414

2518753000982,0.06474304,0.025360107,0.009399414

2518952963705,0.02645874,-0.024963379,0.004638672

2518952963705,0.02645874,-0.024963379,0.004638672

2519152670736,-0.10525513,0.015792847,-0.00982666

2519152670736,-0.10525513,0.015792847,-0.00982666

2519352621908,-0.053131104,0.01701355,-0.0030975342

2519352621908,-0.053131104,0.01701355,-0.0030975342

2519552573080,0.10336304,0.038497925,-0.027236938

2519552573080,0.10336304,0.038497925,-0.027236938

2519752280111,-0.0072021484,0.017227173,-0.014633179

2519752280111,-0.0072021484,0.017227173,-0.014633179

2519952231283,-0.06311035,0.077056885,-0.027938843

2519952231283,-0.06311035,0.077056885,-0.027938843

2520152426595,0.002960205,-0.024642944,0.0025024414

2520152426595,0.002960205,-0.024642944,0.0025024414

2520351889486,-0.06791687,-0.0093688965,0.0025024414

2520351889486,-0.06791687,-0.0093688965,0.0025024414

2520551840658,0.005569458,0.030380249,-0.015060425

2520551840658,0.005569458,0.030380249,-0.015060425

2520752035970,3.8146973E-4,0.013809204,-0.023284912

2520752035970,3.8146973E-4,0.013809204,-0.023284912

2520951498861,0.10122681,0.026153564,-0.052886963

2520951498861,0.10122681,0.026153564,-0.052886963

2521151694174,-0.07336426,-0.007659912,0.022644043

2521151694174,-0.07336426,-0.007659912,0.022644043

2521351401205,0.07762146,-8.239746E-4,-0.0084991455

2521351401205,0.07762146,-8.239746E-4,-0.0084991455

2521554526205,-0.07795715,0.024765015,0.009933472

2521554526205,-0.07795715,0.024765015,0.009933472

2521751303549,-0.019744873,0.05911255,-0.024246216

2521751303549,-0.019744873,0.05911255,-0.024246216

2521951010580,0.6441498,0.2675476,0.0049591064

2521951010580,0.6441498,0.2675476,0.0049591064

2522152670736,2.299942,-0.22096252,0.92033386

2522152670736,2.299942,-0.22096252,0.92033386

2522350180502,1.0875244,-0.25187683,1.1672821

2522350180502,1.0875244,-0.25187683,1.1672821

2522550131674,0.11746216,-0.12007141,0.4662323

2522550131674,0.11746216,-0.12007141,0.4662323

2522749838705,-0.021560669,-0.07537842,0.01713562

2522749838705,-0.021560669,-0.07537842,0.01713562

2522949972982,-0.27983093,-0.16766357,0.085876465

2522949972982,-0.27983093,-0.16766357,0.085876465

2523160513754,0.23634338,0.023910522,-0.06239319

2523160513754,0.23634338,0.023910522,-0.06239319

2523360190267,0.08648682,0.036514282,0.027175903

2523360190267,0.08648682,0.036514282,0.027175903

2523560294027,-0.014892578,0.0046844482,0.0037384033

2523560294027,-0.014892578,0.0046844482,0.0037384033

2523760275717,-0.029571533,-0.004501343,0.007843018

2523760275717,-0.029571533,-0.004501343,0.007843018

