2611992832532,-0.94073486,0.2897644,-0.41748047

2611992832532,-0.94073486,0.2897644,-0.41748047

2612192814222,-2.6823425,0.78970337,-0.9844971

2612192814222,-2.6823425,0.78970337,-0.9844971

2612407841077,-1.2065277,0.300766,-0.3164978

2612407841077,-1.2065277,0.300766,-0.3164978

2612717106214,0.50064087,-0.33599854,0.081222534

2612717106214,0.50064087,-0.33599854,0.081222534

2612917698255,-0.0014801025,-0.15570068,0.10638428

2612917698255,-0.0014801025,-0.15570068,0.10638428

2613117649427,0.19654846,-0.11419678,0.12950134

2613117649427,0.19654846,-0.11419678,0.12950134

2613317600599,0.3192749,0.019958496,-0.01939392

2613317600599,0.3192749,0.019958496,-0.01939392

2613517551771,-0.0073547363,0.029846191,-0.029754639

2613517551771,-0.0073547363,0.029846191,-0.029754639

2613717502943,-0.20794678,0.014450073,0.013076782

2613717502943,-0.20794678,0.014450073,0.013076782

2613917454114,0.22149658,-0.017318726,-0.011749268

2613917454114,0.22149658,-0.017318726,-0.011749268

2614117405286,-0.16069031,0.017074585,0.016815186

2614117405286,-0.16069031,0.017074585,0.016815186

2614317325941,0.13935852,-0.011764526,-0.007583618

2614317325941,0.13935852,-0.011764526,-0.007583618

2614517307630,0.016571045,0.019363403,-0.008926392

2614517307630,0.016571045,0.019363403,-0.008926392

2614717258802,-0.07913208,0.0059661865,0.011260986

2614717258802,-0.07913208,0.0059661865,0.011260986

2614917240491,-0.03112793,0.019577026,-0.011856079

2614917240491,-0.03112793,0.019577026,-0.011856079

2615117166227,-0.045333862,0.037322998,-0.01725769

2615117166227,-0.045333862,0.037322998,-0.01725769

2615317117399,0.06373596,0.028457642,-0.021743774

2615317117399,0.06373596,0.028457642,-0.021743774

2615517068570,0.02229309,-0.011077881,0.009765625

2615517068570,0.02229309,-0.011077881,0.009765625

2615716989225,-0.08831787,0.06289673,0.0074768066

2615716989225,-0.08831787,0.06289673,0.0074768066

2615916970914,0.0594635,-0.019943237,-0.033218384

2615916970914,0.0594635,-0.019943237,-0.033218384

2616116922086,0.042633057,-0.015609741,1.5258789E-4

2616116922086,0.042633057,-0.015609741,1.5258789E-4

2616316842740,-0.05873108,0.1383667,-0.061050415

2616316842740,-0.05873108,0.1383667,-0.061050415

2616516824430,-0.010772705,-0.02571106,-0.0046539307

2616516824430,-0.010772705,-0.02571106,-0.0046539307

2616716531461,-0.036895752,0.022140503,0.0035705566

2616716531461,-0.036895752,0.022140503,0.0035705566

2616916726774,-0.013290405,0.021820068,-0.02078247

2616916726774,-0.013290405,0.021820068,-0.02078247

2617116769498,-0.10594177,-0.00819397,-0.0019226074

2617116769498,-0.10594177,-0.00819397,-0.0019226074

2617316629117,0.030731201,0.07496643,-0.037765503

2617316629117,0.030731201,0.07496643,-0.037765503

2617516610807,-0.02027893,0.021133423,0.0025634766

2617516610807,-0.02027893,0.021133423,0.0025634766

2617716592496,-0.064819336,0.036087036,-0.05128479

2617716592496,-0.064819336,0.036087036,-0.05128479

2617916513151,-0.7870331,0.71391296,-0.36872864

2617916513151,-0.7870331,0.71391296,-0.36872864

2618116464322,-0.003036499,0.49847412,-0.21684265

2618116464322,-0.003036499,0.49847412,-0.21684265

2618316140836,0.16653442,-0.6359253,0.27183533

2618316140836,0.16653442,-0.6359253,0.27183533

2618515542692,0.38806152,-0.6999054,0.27108765

2618515542692,0.38806152,-0.6999054,0.27108765

2618715493863,0.23638916,0.049331665,-0.07093811

2618715493863,0.23638916,0.049331665,-0.07093811

2618915536588,-0.0524292,0.021026611,0.0072631836

2618915536588,-0.0524292,0.021026611,0.0072631836

2619115518277,-0.009231567,0.029525757,-0.030929565

2619115518277,-0.009231567,0.029525757,-0.030929565

2619315347379,0.02180481,-0.009521484,0.048110962

2619315347379,0.02180481,-0.009521484,0.048110962

2619515268033,-0.037368774,0.0068206787,-0.016830444

2619515268033,-0.037368774,0.0068206787,-0.016830444

2619715829557,-0.11651611,0.03427124,-2.1362305E-4

2619715829557,-0.11651611,0.03427124,-2.1362305E-4

2619915719694,-0.018569946,0.047042847,-0.015655518

2619915719694,-0.018569946,0.047042847,-0.015655518

2620115609830,0.022338867,0.06321716,-0.076171875

2620115609830,0.022338867,0.06321716,-0.076171875

2620315499967,0.027038574,-0.009628296,-0.004760742

2620315499967,0.027038574,-0.009628296,-0.004760742

2620515420621,0.05758667,0.050247192,-0.01159668

2620515420621,0.05758667,0.050247192,-0.01159668

2620715371793,-0.15299988,0.020065308,0.022155762

2620715371793,-0.15299988,0.020065308,0.022155762

2620915261930,0.09817505,0.015792847,-0.024307251

2620915261930,0.09817505,0.015792847,-0.024307251

2621115182584,-0.0493927,0.09750366,-0.027770996

2621115182584,-0.0493927,0.09750366,-0.027770996

2621315103238,0.077941895,0.004257202,-0.03300476

2621315103238,0.077941895,0.004257202,-0.03300476

2621514840787,-0.00869751,4.5776367E-4,3.2043457E-4

2621514840787,-0.00869751,4.5776367E-4,3.2043457E-4

2621714791959,0.06741333,0.006225586,0.016815186

2621714791959,0.06741333,0.006225586,0.016815186

2621914926236,-0.7282257,0.3435974,-0.22190857

2621914926236,-0.7282257,0.3435974,-0.22190857

2622114846891,0.09449768,0.5938568,-0.24066162

2622114846891,0.09449768,0.5938568,-0.24066162

2622314737027,-0.3406067,-0.025863647,-0.0340271

2622314737027,-0.3406067,-0.025863647,-0.0340271

2622514688199,0.36558533,-0.38641357,0.24293518

2622514688199,0.36558533,-0.38641357,0.24293518

2622714608854,0.36312866,-0.5148468,0.2615204

2622714608854,0.36312866,-0.5148468,0.2615204

2622914529508,0.22645569,-0.15692139,7.4768066E-4

2622914529508,0.22645569,-0.15692139,7.4768066E-4

2623114480680,0.07601929,0.024124146,0.013824463

2623114480680,0.07601929,0.024124146,0.013824463

2623314370817,0.037139893,0.016540527,-0.04284668

2623314370817,0.037139893,0.016540527,-0.04284668

2623514321988,0.09817505,-0.008834839,-0.0039520264

2623514321988,0.09817505,-0.008834839,-0.0039520264

2623714242643,0.0022125244,0.06599426,-0.03135681

2623714242643,0.0022125244,0.06599426,-0.03135681

2623914224332,-0.060928345,0.013809204,-0.0043792725

2623914224332,-0.060928345,0.013809204,-0.0043792725

2624114144986,0.033340454,-0.0023651123,-0.0023498535

2624114144986,0.033340454,-0.0023651123,-0.0023498535

2624314004606,0.0103302,0.00793457,0.0027160645

2624314004606,0.0103302,0.00793457,0.0027160645

2624513925260,-0.09333801,0.035614014,-0.0054016113

2624513925260,-0.09333801,0.035614014,-0.0054016113

2624713845914,0.047973633,-0.014816284,0.036361694

2624713845914,0.047973633,-0.014816284,0.036361694

2624913766569,-0.14328003,0.04084778,-0.015014648

2624913766569,-0.14328003,0.04084778,-0.015014648

2625112990391,0.100738525,0.033950806,-0.044021606

2625112990391,0.100738525,0.033950806,-0.044021606

2625312880527,0.02255249,0.030914307,-0.033325195

2625312880527,0.02255249,0.030914307,-0.033325195

2625512831699,-0.13687134,0.009597778,0.02418518

2625512831699,-0.13687134,0.009597778,0.02418518

2625712904941,0.021484375,0.032089233,-0.025741577

2625712904941,0.021484375,0.032089233,-0.025741577

2625912825596,-0.008956909,0.001159668,0.010726929

2625912825596,-0.008956909,0.001159668,0.010726929

2626112746250,0.076553345,0.06556702,-0.07211304

2626112746250,0.076553345,0.06556702,-0.07211304

2626312666904,0.027313232,-0.008560181,0.008590698

2626312666904,0.027313232,-0.008560181,0.008590698

2626513014805,0.0053100586,0.04458618,-0.01928711

2626513014805,0.0053100586,0.04458618,-0.01928711

2626712996494,-0.059005737,0.011520386,-0.014053345

2626712996494,-0.059005737,0.011520386,-0.014053345

2626913069736,0.0043945312,0.008636475,-0.0057678223

2626913069736,0.0043945312,0.008636475,-0.0057678223

2627112959873,-0.14727783,0.07833862,-0.020462036

2627112959873,-0.14727783,0.07833862,-0.020462036

2627312880527,0.21246338,0.0765686,-0.065597534

2627312880527,0.21246338,0.0765686,-0.065597534

2627512801182,-0.010025024,-0.02330017,0.013137817

2627512801182,-0.010025024,-0.02330017,0.013137817

2627712935459,-0.1053009,0.0029754639,0.0063476562

2627712935459,-0.1053009,0.0029754639,0.0063476562

2627912642490,-0.0765686,0.16511536,-0.06239319

2627912642490,-0.0765686,0.16511536,-0.06239319

2628112532627,-0.33387756,0.2736969,-0.17565918

2628112532627,-0.33387756,0.2736969,-0.17565918

2628312422764,0.086380005,0.10882568,0.011795044

2628312422764,0.086380005,0.10882568,0.011795044

2628512343418,-0.02796936,-0.4378357,0.07235718

2628512343418,-0.02796936,-0.4378357,0.07235718

2628712264072,0.13470459,-0.08114624,-0.002090454

2628712264072,0.13470459,-0.08114624,-0.002090454

2628912154209,0.18806458,-0.024108887,0.03475952

2628912154209,0.18806458,-0.024108887,0.03475952

2629112074863,0.07115173,0.0035095215,-0.017471313

2629112074863,0.07115173,0.0035095215,-0.017471313

2629311965000,-0.15866089,-0.0038146973,0.023010254

2629311965000,-0.15866089,-0.0038146973,0.023010254

2629511885654,-0.05317688,0.029891968,-0.03274536

2629511885654,-0.05317688,0.029891968,-0.03274536

2629711745273,0.09272766,0.032409668,-0.05870056

2629711745273,0.09272766,0.032409668,-0.05870056

2629911696445,-0.03630066,0.0068206787,-0.0038452148

2629911696445,-0.03630066,0.0068206787,-0.0038452148

2630111617099,0.04508972,-4.4250488E-4,0.015426636

2630111617099,0.04508972,-4.4250488E-4,0.015426636

2630311507236,-0.03843689,-0.0062713623,4.272461E-4

2630311507236,-0.03843689,-0.0062713623,4.272461E-4

2630511488926,0.012786865,0.03187561,-0.051864624

2630511488926,0.012786865,0.03187561,-0.051864624

2630711379062,-0.1451416,0.02053833,0.013717651

2630711379062,-0.1451416,0.02053833,0.013717651

2630911238682,0.13235474,-0.027313232,0.010620117

2630911238682,0.13235474,-0.027313232,0.010620117

2631111159336,-0.2903595,0.061401367,-0.017196655

2631111159336,-0.2903595,0.061401367,-0.017196655

2631311141025,0.09289551,0.020751953,-0.036956787

2631311141025,0.09289551,0.020751953,-0.036956787

2631511000644,0.14570618,0.0012054443,-0.023880005

2631511000644,0.14570618,0.0012054443,-0.023880005

2631710738193,-0.027282715,0.014343262,0.0025024414

2631710738193,-0.027282715,0.014343262,0.0025024414

2631910079014,0.0476532,0.026687622,-0.051223755

2631910079014,0.0476532,0.026687622,-0.051223755

2632109999668,0.04423523,0.02973938,0.00982666

2632109999668,0.04423523,0.02973938,0.00982666

2632310042392,0.01828003,-0.004501343,0.01638794

2632310042392,0.01828003,-0.004501343,0.01638794

2632509963047,0.03147888,0.016052246,-0.007797241

2632509963047,0.03147888,0.016052246,-0.007797241

2632709914219,-0.029846191,0.014450073,-0.011108398

2632709914219,-0.029846191,0.014450073,-0.011108398

2632909804355,0.0030059814,-0.020095825,0.008544922

2632909804355,0.0030059814,-0.020095825,0.008544922

2633109694492,-0.06022644,0.033843994,0.0019226074

2633109694492,-0.06022644,0.033843994,0.0019226074

2633310164463,-0.034118652,-0.011505127,-0.0076446533

2633310164463,-0.034118652,-0.011505127,-0.0076446533

2633510146152,-0.80711365,0.38285828,-0.20755005

2633510146152,-0.80711365,0.38285828,-0.20755005

2633710097324,0.10308838,0.2183075,-0.06890869

2633710097324,0.10308838,0.2183075,-0.06890869

2633910017978,0.32307434,-0.06565857,0.29516602

2633910017978,0.32307434,-0.06565857,0.29516602

2634109908115,0.36392212,-0.5719452,0.14381409

2634109908115,0.36392212,-0.5719452,0.14381409

2634309828769,0.16375732,-0.080444336,0.0119018555

2634309828769,0.16375732,-0.080444336,0.0119018555

2634509779941,-0.115234375,0.018356323,-0.06602478

2634509779941,-0.115234375,0.018356323,-0.06602478

2634709700596,0.028961182,0.0027008057,0.00592041

2634709700596,0.028961182,0.0027008057,0.00592041

2634909621250,0.031692505,0.031661987,-0.020996094

2634909621250,0.031692505,0.031661987,-0.020996094

2635109548378,-0.10108948,0.08415222,-0.05758667

2635109548378,-0.10108948,0.08415222,-0.05758667

2635309438515,0.07371521,0.007888794,-0.026489258

2635309438515,0.07371521,0.007888794,-0.026489258

2635509359169,0.018600464,0.020004272,-0.009887695

2635509359169,0.018600464,0.020004272,-0.009887695

2635709249306,-0.047195435,0.050827026,-0.027832031

2635709249306,-0.047195435,0.050827026,-0.027832031

2635909169960,0.034576416,-0.013961792,-0.012176514

2635909169960,0.034576416,-0.013961792,-0.012176514

2636109090615,0.08332825,0.031021118,-0.04647827

2636109090615,0.08332825,0.031021118,-0.04647827

2636309011269,-0.111343384,0.027542114,0.033432007

2636309011269,-0.111343384,0.027542114,0.033432007

2636508931923,0.12130737,0.06947327,-0.07521057

2636508931923,0.12130737,0.06947327,-0.07521057

2636708638954,-0.20100403,0.011566162,0.01222229

2636708638954,-0.20100403,0.011566162,0.01222229

2636908742714,0.14395142,0.016647339,-0.024841309

2636908742714,0.14395142,0.016647339,-0.024841309

2637108602333,-0.31407166,0.16175842,-0.09779358

2637108602333,-0.31407166,0.16175842,-0.09779358

2637308461952,0.13038635,-0.059829712,0.004211426

2637308461952,0.13038635,-0.059829712,0.004211426

2637508413124,-0.0041046143,0.10935974,0.006668091

2637508413124,-0.0041046143,0.10935974,0.006668091

2637708242226,0.15708923,-0.026779175,-0.041610718

2637708242226,0.15708923,-0.026779175,-0.041610718

2637908101845,0.009094238,0.0818634,-0.02633667

2637908101845,0.009094238,0.0818634,-0.02633667

2638107991982,-0.015533447,0.06819153,0.004852295

2638107991982,-0.015533447,0.06819153,0.004852295

2638307851601,0.14474487,0.059539795,-0.047225952

2638307851601,0.14474487,0.059539795,-0.047225952

2638506948281,-0.3978119,0.020492554,-0.025314331

2638506948281,-0.3978119,0.020492554,-0.025314331

2638706838417,-0.26953125,-0.09246826,0.04725647

2638706838417,-0.26953125,-0.09246826,0.04725647

2638906667519,-0.917984,-0.45011902,-0.0819397

2638906667519,-0.917984,-0.45011902,-0.0819397

2639106679726,0.03227234,0.005645752,0.029693604

2639106679726,0.03227234,0.005645752,0.029693604

2639306539345,0.37487793,-0.06719971,0.097457886

2639306539345,0.37487793,-0.06719971,0.097457886

2639506429482,0.9156647,-0.3096161,0.82629395

2639506429482,0.9156647,-0.3096161,0.82629395

2639706289101,-0.41362,-0.71469116,0.43637085

2639706289101,-0.41362,-0.71469116,0.43637085

2639906820107,-0.060287476,-0.39068604,0.013458252

2639906820107,-0.060287476,-0.39068604,0.013458252

2640106710243,0.21989441,-0.25582886,0.1315918

2640106710243,0.21989441,-0.25582886,0.1315918

2640306569863,-0.050827026,0.27401733,-0.13085938

2640306569863,-0.050827026,0.27401733,-0.13085938

2640506490517,0.056793213,-0.109558105,0.10418701

2640506490517,0.056793213,-0.109558105,0.10418701

2640706350136,0.12451172,-0.003112793,-0.04637146

2640706350136,0.12451172,-0.003112793,-0.04637146

2640906270790,0.10971069,-0.023086548,-0.0059814453

2640906270790,0.10971069,-0.023086548,-0.0059814453

2641106191445,0.04333496,0.022567749,-0.027511597

2641106191445,0.04333496,0.022567749,-0.027511597

2641306081581,-0.039031982,0.0054779053,0.03300476

2641306081581,-0.039031982,0.0054779053,0.03300476

2641506002236,-0.09259033,0.017654419,-0.0031585693

2641506002236,-0.09259033,0.017654419,-0.0031585693

2641705709267,0.09283447,0.009536743,-0.046844482

2641705709267,0.09283447,0.009536743,-0.046844482

2641905782509,0.005142212,0.013809204,-0.009292603

2641905782509,0.005142212,0.013809204,-0.009292603

2642105672646,-0.02268982,0.06210327,-0.059661865

2642105672646,-0.02268982,0.06210327,-0.059661865

2642305532265,-0.0143585205,0.037109375,-0.0056610107

2642305532265,-0.0143585205,0.037109375,-0.0056610107

2642505422402,0.039001465,0.07876587,-0.045135498

2642505422402,0.039001465,0.07876587,-0.045135498

2642705312538,-0.31503296,0.078125,-0.05656433

2642705312538,-0.31503296,0.078125,-0.05656433

2642905233193,-0.24507141,0.60058594,-0.43029785

2642905233193,-0.24507141,0.60058594,-0.43029785

2643105123329,0.06448364,-0.14309692,0.31332397

2643105123329,0.06448364,-0.14309692,0.31332397

2643304982948,0.15196228,-0.4275818,0.09303284

2643304982948,0.15196228,-0.4275818,0.09303284

2643504934120,0.23217773,-0.016204834,-0.03919983

2643504934120,0.23217773,-0.016204834,-0.03919983

2643704732704,0.013687134,0.0051116943,-4.272461E-4

2643704732704,0.013687134,0.0051116943,-4.272461E-4

2643904714394,-0.072509766,0.020065308,0.008590698

2643904714394,-0.072509766,0.020065308,0.008590698

2644104574013,0.054489136,0.10017395,-0.10501099

2644104574013,0.054489136,0.10017395,-0.10501099

2644304372597,0.011184692,-0.035583496,0.025741577

2644304372597,0.011184692,-0.035583496,0.025741577

2644504232216,-0.06285095,0.050460815,-0.009185791

2644504232216,-0.06285095,0.050460815,-0.009185791

2644704091835,0.08963013,-0.0034942627,-0.028198242

2644704091835,0.08963013,-0.0034942627,-0.028198242

2644904073525,-0.08778381,0.020217896,-6.4086914E-4

2644904073525,-0.08778381,0.020217896,-6.4086914E-4

2645103097997,-0.079559326,0.015625,-0.009567261

2645103097997,-0.079559326,0.015625,-0.009567261

2645321359716,0.12210083,0.055419922,-0.06617737

2645321359716,0.12210083,0.055419922,-0.06617737

2645524484716,-0.087524414,0.04698181,-0.009399414

2645524484716,-0.087524414,0.04698181,-0.009399414

2645723215185,0.0393219,0.05014038,-0.021957397

2645723215185,0.0393219,0.05014038,-0.021957397

2645923166357,-0.1330719,-0.04109192,0.05996704

2645923166357,-0.1330719,-0.04109192,0.05996704

2646123117528,0.009094238,-0.10725403,0.03112793

2646123117528,0.009094238,-0.10725403,0.03112793

2646323068700,-0.25767517,0.04458618,-0.019119263

2646323068700,-0.25767517,0.04458618,-0.019119263

2646522775732,-0.45111084,0.65522766,-0.32391357

2646522775732,-0.45111084,0.65522766,-0.32391357

2646722726903,0.40312195,0.71017456,-0.14260864

2646722726903,0.40312195,0.71017456,-0.14260864

2646922433935,-0.15966797,0.34797668,-0.22026062

2646922433935,-0.15966797,0.34797668,-0.22026062

2647122385107,0.022872925,-0.17663574,-0.045028687

2647122385107,0.022872925,-0.17663574,-0.045028687

2647322336278,0.30064392,-0.38902283,0.08848572

2647322336278,0.30064392,-0.38902283,0.08848572

2647522287450,-0.15844727,-0.46107483,0.3771515

2647522287450,-0.15844727,-0.46107483,0.3771515

2647721994482,0.21925354,-0.73301697,0.49101257

2647721994482,0.21925354,-0.73301697,0.49101257

2647923410497,-0.14439392,-0.062286377,0.045715332

2647923410497,-0.14439392,-0.062286377,0.045715332

2648123849950,0.18037415,-0.018173218,-0.08390808

2648123849950,0.18037415,-0.018173218,-0.08390808

2648321603857,-0.1006012,-0.04562378,0.041915894

2648321603857,-0.1006012,-0.04562378,0.041915894

2648521555028,0.0071258545,0.02407837,-0.017364502

2648521555028,0.0071258545,0.02407837,-0.017364502

2648721262060,0.11201477,0.026000977,-0.031723022

2648721262060,0.11201477,0.026000977,-0.031723022

2648920969091,-0.4241333,0.22840881,-0.06538391

2648920969091,-0.4241333,0.22840881,-0.06538391

2649120431982,0.14944458,-0.056259155,-0.022857666

2649120431982,0.14944458,-0.056259155,-0.022857666

2649320383153,0.19265747,-0.008666992,-0.023284912

2649320383153,0.19265747,-0.008666992,-0.023284912

2649520090185,0.054656982,0.02696228,-0.0013885498

2649520090185,0.054656982,0.02696228,-0.0013885498

2649720041357,0.024856567,0.02331543,-0.022277832

2649720041357,0.024856567,0.02331543,-0.022277832

2649920236669,-0.15534973,-0.033340454,0.08934021

2649920236669,-0.15534973,-0.033340454,0.08934021

2650120187841,0.09529114,-0.016418457,-0.03375244

2650120187841,0.09529114,-0.016418457,-0.03375244

2650320139013,-0.23753357,0.20111084,-0.068481445

2650320139013,-0.23753357,0.20111084,-0.068481445

2650519601903,0.19078064,-0.05316162,-0.027770996

2650519601903,0.19078064,-0.05316162,-0.027770996

2650719553075,-0.013870239,0.057510376,-0.016235352

2650719553075,-0.013870239,0.057510376,-0.016235352

2650919260107,0.12387085,0.02935791,-0.055664062

2650919260107,0.12387085,0.02935791,-0.055664062

2651119455419,-0.38264465,0.20779419,-0.03968811

2651119455419,-0.38264465,0.20779419,-0.03968811

2651319162450,-0.15742493,0.8587494,-0.22261047

2651319162450,-0.15742493,0.8587494,-0.22261047

2651520578466,0.16033936,0.15620422,-0.039154053

2651520578466,0.16033936,0.15620422,-0.039154053

2651720773778,0.04786682,-0.4962616,0.10557556

2651720773778,0.04786682,-0.4962616,0.10557556

2651918771825,-0.025299072,-0.7340851,0.30334473

2651918771825,-0.025299072,-0.7340851,0.30334473

2652119211278,0.2884674,-0.3216858,0.076690674

2652119211278,0.2884674,-0.3216858,0.076690674

2652319162450,0.07366943,-0.0053100586,-0.02456665

2652319162450,0.07366943,-0.0053100586,-0.02456665

2652518137060,0.0024261475,-0.018554688,0.0043182373

2652518137060,0.0024261475,-0.018554688,0.0043182373

2652718088232,-0.3129425,0.52464294,-0.28456116

2652718088232,-0.3129425,0.52464294,-0.28456116

2652918039403,0.25871277,-0.08621216,0.0041656494

2652918039403,0.25871277,-0.08621216,0.0041656494

2653117502294,0.040390015,-0.0473938,0.02670288

2653117502294,0.040390015,-0.0473938,0.02670288

2653317697607,0.07649231,-0.015396118,-0.025482178

2653317697607,0.07649231,-0.015396118,-0.025482178

2653517404638,-0.0783844,0.06968689,-0.042037964

2653517404638,-0.0783844,0.06968689,-0.042037964

2653717111669,-0.03149414,-0.0365448,0.031341553

2653717111669,-0.03149414,-0.0365448,0.031341553

2653917062841,0.066833496,0.053344727,-0.049835205

2653917062841,0.066833496,0.053344727,-0.049835205

2654116769872,-0.11593628,0.036514282,0.028244019

2654116769872,-0.11593628,0.036514282,0.028244019

2654316721044,0.12269592,0.03187561,-0.053741455

2654316721044,0.12269592,0.03187561,-0.053741455

2654516672216,-0.016647339,0.0071868896,-0.02243042

2654516672216,-0.016647339,0.0071868896,-0.02243042

2654716379247,-0.091049194,0.0020141602,0.026382446

2654716379247,-0.091049194,0.0020141602,0.026382446

2654916574560,-0.019805908,0.033203125,-0.024459839

2654916574560,-0.019805908,0.033203125,-0.024459839

2655116281591,0.02960205,-0.04295349,0.038879395

2655116281591,0.02960205,-0.04295349,0.038879395

2655315760000,-0.42755127,0.3379364,-0.10084534

2655315760000,-0.42755127,0.3379364,-0.10084534

2655515222890,0.061065674,0.63423157,-0.12615967

2655515222890,0.061065674,0.63423157,-0.12615967

2655715174062,0.15093994,-0.646225,0.112472534

2655715174062,0.15093994,-0.646225,0.112472534

2655915369375,-0.0019073486,-0.10095215,-0.044662476

2655915369375,-0.0019073486,-0.10095215,-0.044662476

2656115320546,0.2577057,-0.01737976,-0.094696045

2656115320546,0.2577057,-0.01737976,-0.094696045

2656315760000,-0.031555176,-0.00642395,0.02760315

2656315760000,-0.031555176,-0.00642395,0.02760315

2656516199453,0.09844971,-0.040924072,0.034606934

2656516199453,0.09844971,-0.040924072,0.034606934

2656714929921,-0.029251099,0.04623413,-0.055343628

2656714929921,-0.029251099,0.04623413,-0.055343628

2656915125234,-0.010299683,0.06573486,-0.029434204

2656915125234,-0.010299683,0.06573486,-0.029434204

2657115076406,-0.061401367,0.036193848,-0.008605957

2657115076406,-0.061401367,0.036193848,-0.008605957

2657314539296,0.052841187,-0.019943237,0.0050201416

2657314539296,0.052841187,-0.019943237,0.0050201416

2657514490468,0.010757446,0.0041503906,0.022750854

2657514490468,0.010757446,0.0041503906,0.022750854

2657714197500,0.014175415,0.021133423,0.0014953613

2657714197500,0.014175415,0.021133423,0.0014953613

2657914148671,-0.004257202,-0.034835815,0.014572144

2657914148671,-0.004257202,-0.034835815,0.014572144

2658114099843,0.12728882,0.14605713,0.040908813

2658114099843,0.12728882,0.14605713,0.040908813

2658313562734,0.9467468,-0.06736755,0.5146179

2658313562734,0.9467468,-0.06736755,0.5146179

2658513758046,2.177475,-0.62983704,1.004242

2658513758046,2.177475,-0.62983704,1.004242

2658713465078,0.5908966,-0.32984924,0.60498047

2658713465078,0.5908966,-0.32984924,0.60498047

2658913172109,-0.074920654,-0.17486572,0.17004395

2658913172109,-0.074920654,-0.17486572,0.17004395

2659113123281,0.03778076,-0.04899597,0.087631226

2659113123281,0.03778076,-0.04899597,0.087631226

2659313074453,0.06694031,0.032989502,-0.007583618

2659313074453,0.06694031,0.032989502,-0.007583618

2659512537343,-0.020019531,-0.017211914,-0.008010864

2659512537343,-0.020019531,-0.017211914,-0.008010864

2659712732656,-2.2295685,0.58029175,-0.6670532

2659712732656,-2.2295685,0.58029175,-0.6670532

2659912439687,-1.9385681,0.28260803,-0.27975464

2659912439687,-1.9385681,0.28260803,-0.27975464

2660112390859,0.007873535,-0.80244446,0.306015

2660112390859,0.007873535,-0.80244446,0.306015

2660312342031,0.1375885,-0.082901,-0.0076446533

2660312342031,0.1375885,-0.082901,-0.0076446533

2660513513906,0.08093262,0.003829956,-0.06388855

2660513513906,0.08093262,0.003829956,-0.06388855

2660713709218,0.06298828,0.0045166016,-0.0021362305

2660713709218,0.06298828,0.0045166016,-0.0021362305

2660911707265,0.23036194,-0.024429321,-0.008117676

2660911707265,0.23036194,-0.024429321,-0.008117676

2661111658437,-0.016860962,0.04185486,-0.06880188

2661111658437,-0.016860962,0.04185486,-0.06880188

2661311609609,0.042633057,-0.032913208,0.079833984

2661311609609,0.042633057,-0.032913208,0.079833984

2661511316640,0.015289307,0.076034546,-0.04156494

2661511316640,0.015289307,0.076034546,-0.04156494

2661710779531,0.03414917,0.029251099,-0.011169434

2661710779531,0.03414917,0.029251099,-0.011169434

2661910242421,0.08824158,-0.011077881,0.0020751953

2661910242421,0.08824158,-0.011077881,0.0020751953

2662110193593,-0.09547424,0.05467224,-0.022750854

2662110193593,-0.09547424,0.05467224,-0.022750854

2662310144765,-0.0357666,0.022460938,0.026000977

2662310144765,-0.0357666,0.022460938,0.026000977

2662510095937,0.11820984,0.06915283,-0.07926941

2662510095937,0.11820984,0.06915283,-0.07926941

2662710779531,-0.0065612793,-0.029342651,0.013183594

2662710779531,-0.0065612793,-0.029342651,0.013183594

2662910974843,-0.13755798,0.01322937,-0.011810303

2662910974843,-0.13755798,0.01322937,-0.011810303

2663109949453,-0.8110657,1.1004181,-0.40797424

2663109949453,-0.8110657,1.1004181,-0.40797424

2663309900625,0.10971069,0.42227173,-0.21955872

2663309900625,0.10971069,0.42227173,-0.21955872

2663509851796,0.043060303,-0.6108246,0.22680664

2663509851796,0.043060303,-0.6108246,0.22680664

2663709314687,0.15100098,-0.5258484,0.18952942

2663709314687,0.15100098,-0.5258484,0.18952942

2663909510000,0.28419495,-0.049041748,-0.050476074

2663909510000,0.28419495,-0.049041748,-0.050476074

2664109217031,-0.0055389404,0.035980225,-0.0256958

2664109217031,-0.0055389404,0.035980225,-0.0256958

2664309168203,-0.11512756,-0.011978149,0.028778076

2664309168203,-0.11512756,-0.011978149,0.028778076

2664508875234,-0.072250366,0.057724,-0.01864624

2664508875234,-0.072250366,0.057724,-0.01864624

2664708826406,0.15264893,-0.013320923,-0.014846802

2664708826406,0.15264893,-0.013320923,-0.014846802

2664909021718,-0.022155762,0.08592224,-0.060836792

2664909021718,-0.022155762,0.08592224,-0.060836792

2665108728750,0.03211975,-0.0046691895,-0.021636963

2665108728750,0.03211975,-0.0046691895,-0.021636963

2665308435781,-0.12854004,0.013702393,0.037597656

2665308435781,-0.12854004,0.013702393,0.037597656

2665507882790,-0.049713135,0.03251648,-0.0284729

2665507882790,-0.049713135,0.03251648,-0.0284729

2665707833962,0.12408447,0.017120361,-0.026489258

2665707833962,0.12408447,0.017120361,-0.026489258

2665908029275,0.017593384,0.06321716,-0.06826782

2665908029275,0.017593384,0.06321716,-0.06826782

2666107980447,-0.092803955,0.0037231445,0.0066223145

2666107980447,-0.092803955,0.0037231445,0.0066223145

2666307443337,-0.18643188,0.25120544,-0.11734009

2666307443337,-0.18643188,0.25120544,-0.11734009

2666507638650,-0.19113159,0.8652649,-0.3176117

2666507638650,-0.19113159,0.8652649,-0.3176117

2666707345681,-0.13911438,-0.010375977,-0.098602295

2666707345681,-0.13911438,-0.010375977,-0.098602295

2666907052712,0.02571106,-0.2821045,0.04411316

2666907052712,0.02571106,-0.2821045,0.04411316

2667107248025,0.027954102,0.034698486,-0.06175232

2667107248025,0.027954102,0.034698486,-0.06175232

2667307199197,0.02015686,0.06188965,-0.041244507

2667307199197,0.02015686,0.06188965,-0.041244507

2667506906228,-0.022842407,0.0410614,-0.019973755

2667506906228,-0.022842407,0.0410614,-0.019973755

2667706857400,-0.056167603,0.030319214,-0.007751465

2667706857400,-0.056167603,0.030319214,-0.007751465

2667907052712,-0.077316284,0.1430664,-0.006790161

2667907052712,-0.077316284,0.1430664,-0.006790161

2668107003884,0.1264801,-0.43469238,0.22039795

2668107003884,0.1264801,-0.43469238,0.22039795

2668305978494,0.27526855,-0.21652222,0.12123108

2668305978494,0.27526855,-0.21652222,0.12123108

2668505685525,-0.03678894,0.016159058,-0.008117676

2668505685525,-0.03678894,0.016159058,-0.008117676

2668705636697,0.26661682,-0.044830322,-0.022598267

2668705636697,0.26661682,-0.044830322,-0.022598267

2668905587869,0.02607727,0.023803711,-0.03274536

2668905587869,0.02607727,0.023803711,-0.03274536

2669105783181,-0.033798218,-0.008132935,0.013031006

2669105783181,-0.033798218,-0.008132935,0.013031006

2669305734353,-0.076034546,0.05317688,-0.039901733

2669305734353,-0.076034546,0.05317688,-0.039901733

2669505441384,-0.012863159,0.0015258789,-0.029693604

2669505441384,-0.012863159,0.0015258789,-0.029693604

2669705392556,-0.051635742,0.041641235,-0.012130737

2669705392556,-0.051635742,0.041641235,-0.012130737

2669905343728,0.023406982,-0.022018433,0.021469116

2669905343728,0.023406982,-0.022018433,0.021469116

2670105294900,0.07777405,0.06616211,-0.075790405

2670105294900,0.07777405,0.06616211,-0.075790405

2670305001931,-0.1756897,0.017333984,0.010681152

2670305001931,-0.1756897,0.017333984,0.010681152

2670506417947,0.00894165,0.0357666,-0.049468994

2670506417947,0.00894165,0.0357666,-0.049468994

2670706857400,-0.027069092,-0.021591187,0.035247803

2670706857400,-0.027069092,-0.021591187,0.035247803

2670904855447,0.022720337,0.036895752,-0.0655365

2670904855447,0.022720337,0.036895752,-0.0655365

2671106271462,0.014968872,-0.03404236,0.031188965

2671106271462,0.014968872,-0.03404236,0.031188965

2671306466775,-0.26216125,0.18209839,-0.0569458

2671306466775,-0.26216125,0.18209839,-0.0569458

2671504464822,-0.3612213,0.99050903,-0.20204163

2671504464822,-0.3612213,0.99050903,-0.20204163

2671704415994,-0.043136597,0.56074524,-0.3000946

2671704415994,-0.043136597,0.56074524,-0.3000946

2671904367165,0.23794556,-0.35105896,-0.011276245

2671904367165,0.23794556,-0.35105896,-0.011276245

2672103830056,0.084350586,-0.22555542,0.1411438

2672103830056,0.084350586,-0.22555542,0.1411438

2672304025369,0.24125671,-0.55197144,0.4597168

2672304025369,0.24125671,-0.55197144,0.4597168

2672503976540,0.0040740967,-0.43351746,0.0121154785

2672503976540,0.0040740967,-0.43351746,0.0121154785

2672703683572,0.41108704,-0.05882263,-0.03552246

2672703683572,0.41108704,-0.05882263,-0.03552246

2672903390603,-0.093551636,-0.014862061,0.0034637451

2672903390603,-0.093551636,-0.014862061,0.0034637451

2673103341775,-0.07310486,0.03929138,-0.03691101

2673103341775,-0.07310486,0.03929138,-0.03691101

2673303292947,-0.041915894,0.024978638,-0.027618408

2673303292947,-0.041915894,0.024978638,-0.027618408

2673502999978,-0.04714966,0.037582397,-0.02281189

2673502999978,-0.04714966,0.037582397,-0.02281189

2673702707009,0.011123657,-1.2207031E-4,-0.0010681152

2673702707009,0.011123657,-1.2207031E-4,-0.0010681152

2673902902322,0.04685974,0.033584595,-0.026016235

2673902902322,0.04685974,0.033584595,-0.026016235

2674102853494,-0.03918457,-0.01663208,-0.010955811

2674102853494,-0.03918457,-0.01663208,-0.010955811

2674302560525,0.029769897,-0.0072784424,0.014144897

2674302560525,0.029769897,-0.0072784424,0.014144897

2674502511697,-0.14706421,0.07406616,-0.07055664

2674502511697,-0.14706421,0.07406616,-0.07055664

2674702218728,0.12081909,0.024017334,-0.009780884

2674702218728,0.12081909,0.024017334,-0.009780884

2674901681619,-0.0010070801,-0.018707275,0.020233154

2674901681619,-0.0010070801,-0.018707275,0.020233154

2675101632790,-0.049972534,0.05291748,-0.013885498

2675101632790,-0.049972534,0.05291748,-0.013885498

2675301828103,0.06790161,-0.009048462,-0.03477478

2675301828103,0.06790161,-0.009048462,-0.03477478

2675502755837,0.00894165,0.008468628,0.031936646

2675502755837,0.00894165,0.008468628,0.031936646

2675703201180,0.020523071,0.1625061,0.012756348

2675703201180,0.020523071,0.1625061,0.012756348

2675901931649,-0.30360413,-0.26597595,0.31188965

2675901931649,-0.30360413,-0.26597595,0.31188965

2676101394540,-0.09889221,-0.68585205,0.39161682

2676101394540,-0.09889221,-0.68585205,0.39161682

2676301345712,0.07569885,-0.16264343,-0.0015563965

2676301345712,0.07569885,-0.16264343,-0.0015563965

2676501296884,0.2995758,-0.07104492,-0.028152466

2676501296884,0.2995758,-0.07104492,-0.028152466

2676701248055,-0.04522705,0.009384155,-0.0066223145

2676701248055,-0.04522705,0.009384155,-0.0066223145

2676900710946,-0.096221924,0.044525146,-0.021102905

2676900710946,-0.096221924,0.044525146,-0.021102905

2677100662118,-0.0069885254,0.0874176,-0.06564331

2677100662118,-0.0069885254,0.0874176,-0.06564331

2677302078134,-0.06983948,0.013870239,0.010360718

2677302078134,-0.06983948,0.013870239,0.010360718

2677502273446,0.07723999,0.024719238,-0.018005371

2677502273446,0.07723999,0.024719238,-0.018005371

2677700271493,-0.09585571,0.10707092,-0.09838867

2677700271493,-0.09585571,0.10707092,-0.09838867

2677900222665,0.073028564,-0.012084961,-0.004486084

2677900222665,0.073028564,-0.012084961,-0.004486084

2678099929696,-0.054840088,-0.012939453,0.015106201

2678099929696,-0.054840088,-0.012939453,0.015106201

2678299636727,0.027572632,0.06819153,-0.034713745

2678299636727,0.027572632,0.06819153,-0.034713745

2678499587899,-0.19085693,0.013168335,-0.021209717

2678499587899,-0.19085693,0.013168335,-0.021209717

2678700027352,-0.15229797,0.65997314,-0.26708984

2678700027352,-0.15229797,0.65997314,-0.26708984

2678900466805,0.30838013,0.43972778,0.053131104

2678900466805,0.30838013,0.43972778,0.053131104

2679099929696,0.018493652,-0.151474,0.12223816

2679099929696,0.018493652,-0.151474,0.12223816

2679299148446,0.06271362,-0.41220093,0.09805298

2679299148446,0.06271362,-0.41220093,0.09805298

2679498855477,-0.24934387,-0.73280334,0.28208923

2679498855477,-0.24934387,-0.73280334,0.28208923

2679699294930,2.1868286,-0.22869873,0.64678955

2679699294930,2.1868286,-0.22869873,0.64678955

2679899490243,1.999054,-0.5683136,1.0328064

2679899490243,1.999054,-0.5683136,1.0328064

2680098953134,0.32888794,-0.19532776,0.72802734

2680098953134,0.32888794,-0.19532776,0.72802734

2680298171884,0.04269409,-0.03425598,0.24684143

2680298171884,0.04269409,-0.03425598,0.24684143

2680497878915,-0.04762268,-0.07318115,0.04058838

2680497878915,-0.04762268,-0.07318115,0.04058838

2680697830087,0.0028533936,-0.011016846,-1.6784668E-4

2680697830087,0.0028533936,-0.011016846,-1.6784668E-4

2680897781259,-0.1902771,-0.12237549,0.06402588

2680897781259,-0.1902771,-0.12237549,0.06402588

2681112441903,0.08744812,0.009277344,-0.06100464

2681112441903,0.08744812,0.009277344,-0.06100464

2681312362557,0.04071045,0.023422241,0.02168274

2681312362557,0.04071045,0.023422241,0.02168274

2681512374764,-0.085113525,-0.030410767,0.02809143

2681512374764,-0.085113525,-0.030410767,0.02809143

