2141970891058,-0.007522583,0.086502075,-0.52627563

2141970891058,-0.007522583,0.086502075,-0.52627563

2142170964300,-0.7521057,0.035827637,-0.34854126

2142170964300,-0.7521057,0.035827637,-0.34854126

2142371434271,-3.6139069,-0.524353,-0.833786

2142371434271,-3.6139069,-0.524353,-0.833786

2142584599554,-0.6010132,-0.04220581,0.122665405

2142584599554,-0.6010132,-0.04220581,0.122665405

2142806767523,0.35533142,0.17094421,0.14509583

2142806767523,0.35533142,0.17094421,0.14509583

2143007268011,1.1555023,0.012268066,0.47616577

2143007268011,1.1555023,0.012268066,0.47616577

2143207524359,-1.2831726,0.022781372,-0.12043762

2143207524359,-1.2831726,0.022781372,-0.12043762

2143407780706,0.32034302,-0.08792114,-0.010681152

2143407780706,0.32034302,-0.08792114,-0.010681152

2143608037054,-0.1013031,0.06161499,-0.047332764

2143608037054,-0.1013031,0.06161499,-0.047332764

2143808293402,-0.5750122,0.6473694,-0.5446472

2143808293402,-0.5750122,0.6473694,-0.5446472

2144008519232,-0.18893433,-0.72676086,0.29437256

2144008519232,-0.18893433,-0.72676086,0.29437256

2144208775579,-0.1895752,0.024551392,-0.025375366

2144208775579,-0.1895752,0.024551392,-0.025375366

2144409031927,-0.24810791,0.31204224,-0.12583923

2144409031927,-0.24810791,0.31204224,-0.12583923

2144609318792,0.7083435,0.72561646,0.36102295

2144609318792,0.7083435,0.72561646,0.36102295

2144809361517,1.3082428,-0.97595215,0.4860382

2144809361517,1.3082428,-0.97595215,0.4860382

2145009892523,-1.6452637,-0.5024109,0.010940552

2145009892523,-1.6452637,-0.5024109,0.010940552

2145210148870,0.23698425,-0.1412201,0.2373352

2145210148870,0.23698425,-0.1412201,0.2373352

2145410405218,0.004776001,-0.003112793,-0.05517578

2145410405218,0.004776001,-0.003112793,-0.05517578

2145610631048,0.46315002,0.074920654,0.029846191

2145610631048,0.46315002,0.074920654,0.029846191

2145810826360,-0.32624817,0.034698486,-0.08364868

2145810826360,-0.32624817,0.034698486,-0.08364868

2146011082708,0.060317993,0.13392639,0.09788513

2146011082708,0.060317993,0.13392639,0.09788513

2146211308538,0.06997681,-0.16221619,0.021148682

2146211308538,0.06997681,-0.16221619,0.021148682

2146411503851,0.21961975,-0.04664612,-0.056991577

2146411503851,0.21961975,-0.04664612,-0.056991577

2146611546575,-0.09963989,0.01626587,0.018737793

2146611546575,-0.09963989,0.01626587,0.018737793

2146812021775,0.121780396,-0.010543823,0.0043792725

2146812021775,0.121780396,-0.010543823,0.0043792725

2147012308640,-0.034225464,0.016647339,-0.022491455

2147012308640,-0.034225464,0.016647339,-0.022491455

2147212534470,-0.1043396,0.025405884,0.01676941

2147212534470,-0.1043396,0.025405884,0.01676941

2147412638230,0.122421265,-7.171631E-4,-0.0019836426

2147412638230,0.122421265,-7.171631E-4,-0.0019836426

2147612894578,-0.032836914,0.026794434,-0.02029419

2147612894578,-0.032836914,0.026794434,-0.02029419

2147813150925,-0.044418335,0.032943726,-0.0026245117

2147813150925,-0.044418335,0.032943726,-0.0026245117

2148013376756,-0.29692078,0.18205261,-0.14607239

2148013376756,-0.29692078,0.18205261,-0.14607239

2148213602586,0.17129517,-0.048034668,0.0020751953

2148213602586,0.17129517,-0.048034668,0.0020751953

2148413584275,-0.049972534,0.033843994,0.0036773682

2148413584275,-0.049972534,0.033843994,0.0036773682

2148613871140,-0.0049591064,-0.012145996,0.06199646

2148613871140,-0.0049591064,-0.012145996,0.06199646

2148813517136,0.073287964,-0.16973877,0.057998657

2148813517136,0.073287964,-0.16973877,0.057998657

2149013742966,0.15211487,-0.025497437,-0.0034179688

2149013742966,0.15211487,-0.025497437,-0.0034179688

2149213999314,-0.39839172,0.29388428,-0.19665527

2149213999314,-0.39839172,0.29388428,-0.19665527

2149414347214,0.36547852,-0.11921692,-0.0016021729

2149414347214,0.36547852,-0.11921692,-0.0016021729

2149614634080,0.012573242,0.006652832,0.005706787

2149614634080,0.012573242,0.006652832,0.005706787

2149814981980,0.03366089,0.014831543,-0.011383057

2149814981980,0.03366089,0.014831543,-0.011383057

2150015116257,-0.10647583,0.0063323975,0.03401184

2150015116257,-0.10647583,0.0063323975,0.03401184

2150215372605,0.0073394775,4.5776367E-4,-0.02178955

2150215372605,0.0073394775,4.5776367E-4,-0.02178955

2150415567918,-0.0013275146,-0.014175415,0.002822876

2150415567918,-0.0013275146,-0.014175415,0.002822876

2150616434617,0.056045532,0.037216187,-0.04711914

2150616434617,0.056045532,0.037216187,-0.04711914

2150816660447,-0.12084961,0.016220093,0.003250122

2150816660447,-0.12084961,0.016220093,0.003250122

2151016886277,0.052459717,-0.0066986084,0.021835327

2151016886277,0.052459717,-0.0066986084,0.021835327

2151217081589,-0.033843994,0.025787354,-0.010894775

2151217081589,-0.033843994,0.025787354,-0.010894775

2151417307420,0.05609131,0.03363037,-0.04295349

2151417307420,0.05609131,0.03363037,-0.04295349

2151617319627,-0.011734009,0.030593872,-0.019226074

2151617319627,-0.011734009,0.030593872,-0.019226074

2151817759080,-0.039138794,0.03437805,0.0064086914

2151817759080,-0.039138794,0.03437805,0.0064086914

2152017984910,-0.08934021,0.07267761,-0.03578186

2152017984910,-0.08934021,0.07267761,-0.03578186

2152218180222,-0.046554565,0.10247803,-0.12823486

2152218180222,-0.046554565,0.10247803,-0.12823486

2152418345017,0.11558533,-0.041778564,0.027557373

2152418345017,0.11558533,-0.041778564,0.027557373

2152618570847,-0.0027160645,0.027862549,-0.03253174

2152618570847,-0.0027160645,0.027862549,-0.03253174

2152818735642,-0.083724976,0.0063323975,0.025894165

2152818735642,-0.083724976,0.0063323975,0.025894165

2153018900437,0.11248779,0.011520386,-0.02104187

2153018900437,0.11248779,0.011520386,-0.02104187

2153219065232,-0.05819702,0.06578064,-0.033172607

2153219065232,-0.05819702,0.06578064,-0.033172607

2153419016404,-0.033203125,0.020065308,0.016021729

2153419016404,-0.033203125,0.020065308,0.016021729

2153619455857,0.05657959,0.0028076172,0.0062408447

2153619455857,0.05657959,0.0028076172,0.0062408447

2153819651170,0.052886963,0.036575317,-0.04524231

2153819651170,0.052886963,0.036575317,-0.04524231

2154019815964,-0.02230835,0.017227173,-0.0054016113

2154019815964,-0.02230835,0.017227173,-0.0054016113

2154220011277,-0.012802124,-0.0060577393,0.014678955

2154220011277,-0.012802124,-0.0060577393,0.014678955

2154420176072,-0.8000641,0.19337463,-0.2693329

2154420176072,-0.8000641,0.19337463,-0.2693329

2154620371384,0.3388214,0.08912659,0.12860107

2154620371384,0.3388214,0.08912659,0.12860107

2154820536179,0.2858429,-0.51052856,0.34040833

2154820536179,0.2858429,-0.51052856,0.34040833

2155020700974,0.28163147,-0.31848145,0.14900208

2155020700974,0.28163147,-0.31848145,0.14900208

2155220896287,0.02330017,0.031280518,-0.037490845

2155220896287,0.02330017,0.031280518,-0.037490845

2155421061082,0.03842163,0.010025024,-0.018966675

2155421061082,0.03842163,0.010025024,-0.018966675

2155621347947,0.023727417,0.0015258789,0.0018157959

2155621347947,0.023727417,0.0015258789,0.0018157959

2155821451707,-0.66238403,0.36203003,-0.21058655

2155821451707,-0.66238403,0.36203003,-0.21058655

2156021616502,-0.07513428,0.26322937,-0.20118713

2156021616502,-0.07513428,0.26322937,-0.20118713

2156221811814,0.52830505,-0.17198181,0.21655273

2156221811814,0.52830505,-0.17198181,0.21655273

2156421976609,0.11312866,-0.10368347,0.010620117

2156421976609,0.11312866,-0.10368347,0.010620117

2156621927781,0.12120056,-0.023834229,-0.023925781

2156621927781,0.12120056,-0.023834229,-0.023925781

2156822431546,0.027786255,0.001739502,0.0014343262

2156822431546,0.027786255,0.001739502,0.0014343262

2157021772366,-0.0039978027,0.020492554,-0.016662598

2157021772366,-0.0039978027,0.020492554,-0.016662598

2157221967679,0.024429321,0.017333984,0.0231781

2157221967679,0.024429321,0.017333984,0.0231781

2157422162991,-0.053985596,0.0026550293,0.010040283

2157422162991,-0.053985596,0.0026550293,0.010040283

2157622480374,-0.025405884,0.03529358,-0.028259277

2157622480374,-0.025405884,0.03529358,-0.028259277

2157822645169,0.08161926,0.011993408,-0.012557983

2157822645169,0.08161926,0.011993408,-0.012557983

2158022840482,0.003967285,-0.009414673,-0.0012359619

2158022840482,0.003967285,-0.009414673,-0.0012359619

2158223005277,-0.03326416,0.045166016,-0.030014038

2158223005277,-0.03326416,0.045166016,-0.030014038

2158423139554,0.022338867,0.0071411133,-0.006515503

2158423139554,0.022338867,0.0071411133,-0.006515503

2158623334866,-0.017456055,0.0077209473,0.026275635

2158623334866,-0.017456055,0.0077209473,0.026275635

2158823896390,-0.0024414062,0.028396606,-0.00982666

2158823896390,-0.0024414062,0.028396606,-0.00982666

2159024030667,0.094070435,0.022842407,-0.048080444

2159024030667,0.094070435,0.022842407,-0.048080444

2159224348050,-0.08378601,0.017333984,0.0029296875

2159224348050,-0.08378601,0.017333984,0.0029296875

2159424573880,-0.11807251,0.03048706,0.009399414

2159424573880,-0.11807251,0.03048706,0.009399414

2159624769193,-0.27801514,0.20751953,-0.22869873

2159624769193,-0.27801514,0.20751953,-0.22869873

2159824933988,0.17668152,-0.03201294,-0.06991577

2159824933988,0.17668152,-0.03201294,-0.06991577

2160025098783,0.023834229,0.0066070557,0.041488647

2160025098783,0.023834229,0.0066070557,0.041488647

2160225233060,0.027145386,0.018295288,-0.0037994385

2160225233060,0.027145386,0.018295288,-0.0037994385

2160425397855,-0.033050537,0.0065460205,0.013183594

2160425397855,-0.033050537,0.0065460205,0.013183594

2160625623685,0.022338867,-0.009262085,-0.009033203

2160625623685,0.022338867,-0.009262085,-0.009033203

2160825574857,0.021270752,0.13659668,-0.15019226

2160825574857,0.021270752,0.13659668,-0.15019226

2161025983792,-0.11508179,0.045333862,-0.018585205

2161025983792,-0.11508179,0.045333862,-0.018585205

2161226118070,-0.11817932,0.030426025,-0.026657104

2161226118070,-0.11817932,0.030426025,-0.026657104

2161426252347,0.090270996,-0.031692505,0.0074768066

2161426252347,0.090270996,-0.031692505,0.0074768066

2161626203519,0.06047058,0.08799744,-0.07991028

2161626203519,0.06047058,0.08799744,-0.07991028

2161826612454,-0.126297,0.042282104,-0.050109863

2161826612454,-0.126297,0.042282104,-0.050109863

2162026807767,-0.06776428,0.007461548,0.019165039

2162026807767,-0.06776428,0.007461548,0.019165039

2162226942044,0.018600464,-0.0017852783,-0.007904053

2162226942044,0.018600464,-0.0017852783,-0.007904053

2162427076322,0.0335083,0.044158936,-0.004486084

2162427076322,0.0335083,0.044158936,-0.004486084

2162627210599,0.10597229,0.058898926,-0.037017822

2162627210599,0.10597229,0.058898926,-0.037017822

2162827405911,-0.01461792,0.04399109,-0.0256958

2162827405911,-0.01461792,0.04399109,-0.0256958

2163027570706,-0.049438477,0.04949951,-0.038879395

2163027570706,-0.049438477,0.04949951,-0.038879395

2163227735501,-0.14701843,-0.062820435,-0.0028839111

2163227735501,-0.14701843,-0.062820435,-0.0028839111

2163427686673,-0.28848267,0.01914978,0.037216187

2163427686673,-0.28848267,0.01914978,0.037216187

2163628187161,-0.13616943,0.01210022,-0.01373291

2163628187161,-0.13616943,0.01210022,-0.01373291

2163828351956,0.38555908,-0.29075623,0.07759094

2163828351956,0.38555908,-0.29075623,0.07759094

2164028455716,0.38417053,-0.05961609,-0.0135650635

2164028455716,0.38417053,-0.05961609,-0.0135650635

2164228589993,-0.092544556,0.04437256,-0.01939392

2164228589993,-0.092544556,0.04437256,-0.01939392

2164428754788,-0.93800354,-0.009796143,0.15861511

2164428754788,-0.93800354,-0.009796143,0.15861511

2164628950101,0.058502197,-0.29075623,0.6926117

2164628950101,0.058502197,-0.29075623,0.6926117

2164829145413,0.16851807,-0.6743164,0.11657715

2164829145413,0.16851807,-0.6743164,0.11657715

2165029279691,-0.027175903,-0.16381836,-0.024887085

2165029279691,-0.027175903,-0.16381836,-0.024887085

2165228681546,0.14399719,-0.090652466,0.019165039

2165228681546,0.14399719,-0.090652466,0.019165039

2165428785306,0.05455017,-0.011291504,0.006088257

2165428785306,0.05455017,-0.011291504,0.006088257

2165629011136,0.18154907,-0.032806396,-0.024841309

2165629011136,0.18154907,-0.032806396,-0.024841309

2165829145413,-0.045806885,0.03262329,0.025848389

2165829145413,-0.045806885,0.03262329,0.025848389

2166029310208,-0.008850098,0.0070343018,0.0043792725

2166029310208,-0.008850098,0.0070343018,0.0043792725

2166229444486,-0.08229065,0.011993408,-0.04135132

2166229444486,-0.08229065,0.011993408,-0.04135132

2166429578763,-0.15592957,0.009277344,-0.010040283

2166429578763,-0.15592957,0.009277344,-0.010040283

2166630140286,0.14085388,0.027175903,-0.046951294

2166630140286,0.14085388,0.027175903,-0.046951294

2166830544193,-0.023330688,0.032669067,-0.016616821

2166830544193,-0.023330688,0.032669067,-0.016616821

2167030617436,-0.08703613,0.023162842,0.010620117

2167030617436,-0.08703613,0.023162842,0.010620117

2167230751713,-0.536026,1.1999664,-0.359375

2167230751713,-0.536026,1.1999664,-0.359375

2167430855473,0.17070007,-0.21156311,0.14996338

2167430855473,0.17070007,-0.21156311,0.14996338

2167631020268,0.29684448,-0.7754669,0.20117188

2167631020268,0.29684448,-0.7754669,0.20117188

2167831124027,0.021484375,-0.10614014,0.04159546

2167831124027,0.021484375,-0.10614014,0.04159546

2168031227787,0.11404419,-0.04685974,0.03781128

2168031227787,0.11404419,-0.04685974,0.03781128

2168231392582,0.05747986,-0.0071258545,0.013076782

2168231392582,0.05747986,-0.0071258545,0.013076782

2168431252201,0.10404968,-0.0072784424,-0.030548096

2168431252201,0.10404968,-0.0072784424,-0.030548096

2168631630619,0.046157837,-0.022399902,0.03225708

2168631630619,0.046157837,-0.022399902,0.03225708

2168831764897,-0.033950806,0.005264282,-0.025161743

2168831764897,-0.033950806,0.005264282,-0.025161743

2169031899174,0.004776001,0.02519226,-0.0014953613

2169031899174,0.004776001,0.02519226,-0.0014953613

2169232063969,0.09706116,-0.002746582,0.021942139

2169232063969,0.09706116,-0.002746582,0.021942139

2169432198246,-0.14125061,0.015197754,-0.0023498535

2169432198246,-0.14125061,0.015197754,-0.0023498535

2169632363041,0.07783508,0.009811401,-0.020401001

2169632363041,0.07783508,0.009811401,-0.020401001

2169832497318,-0.20683289,0.02267456,0.014419556

2169832497318,-0.20683289,0.02267456,0.014419556

2170032631596,0.11404419,0.019363403,-0.03829956

2170032631596,0.11404419,0.019363403,-0.03829956

2170232552250,-0.036468506,0.029571533,0.0119018555

2170232552250,-0.036468506,0.029571533,0.0119018555

2170432869633,-0.026000977,0.009063721,-0.021316528

2170432869633,-0.026000977,0.009063721,-0.021316528

2170633034428,0.109069824,-0.01940918,0.01574707

2170633034428,0.109069824,-0.01940918,0.01574707

2170833168705,-0.08325195,0.09440613,-0.065704346

2170833168705,-0.08325195,0.09440613,-0.065704346

2171033241947,0.049423218,0.011947632,-0.010040283

2171033241947,0.049423218,0.011947632,-0.010040283

2171233376225,-0.11903381,0.05029297,-0.007751465

2171233376225,-0.11903381,0.05029297,-0.007751465

2171433479984,0.049468994,-0.0036010742,-0.02633667

2171433479984,0.049468994,-0.0036010742,-0.02633667

2171633431156,0.013961792,-0.022766113,0.009613037

2171633431156,0.013961792,-0.022766113,0.009613037

2171833748539,0.04295349,0.05708313,-0.037872314

2171833748539,0.04295349,0.05708313,-0.037872314

2172033852299,-0.061782837,0.05505371,-0.028045654

2172033852299,-0.061782837,0.05505371,-0.028045654

2172233956059,-0.0077819824,0.019683838,-0.017044067

2172233956059,-0.0077819824,0.019683838,-0.017044067

2172434059818,0.019195557,0.026000977,-0.029754639

2172434059818,0.019195557,0.026000977,-0.029754639

2172634194096,-0.086502075,0.003616333,0.026855469

2172634194096,-0.086502075,0.003616333,0.026855469

2172834206303,-0.03491211,0.071502686,-0.009246826

2172834206303,-0.03491211,0.071502686,-0.009246826

2173033669193,0.06854248,0.02696228,-0.06581116

2173033669193,0.06854248,0.02696228,-0.06581116

2173233772953,0.02218628,-0.0140686035,-0.0042266846

2173233772953,0.02218628,-0.0140686035,-0.0042266846

2173433998783,-0.05911255,0.010498047,0.004058838

2173433998783,-0.05911255,0.010498047,0.004058838

2173634133061,0.05683899,0.026321411,-0.0025634766

2173634133061,0.05683899,0.026321411,-0.0025634766

2173834236820,-0.0033569336,0.021072388,-0.019439697

2173834236820,-0.0033569336,0.021072388,-0.019439697

2174034310063,-0.095321655,0.0068206787,0.010040283

2174034310063,-0.095321655,0.0068206787,0.010040283

2174234505375,-0.049865723,0.094192505,-0.052139282

2174234505375,-0.049865723,0.094192505,-0.052139282

2174434548100,0.031417847,-0.025436401,-0.027832031

2174434548100,0.031417847,-0.025436401,-0.027832031

2174635292729,0.0854187,0.055740356,-0.028411865

2174635292729,0.0854187,0.055740356,-0.028411865

2174835396488,0.013259888,0.0054779053,3.6621094E-4

2174835396488,0.013259888,0.0054779053,3.6621094E-4

2175035469730,-0.3851471,0.097076416,-0.14692688

2175035469730,-0.3851471,0.097076416,-0.14692688

2175233742436,0.22784424,-0.043060303,-0.037384033

2175233742436,0.22784424,-0.043060303,-0.037384033

2175445168217,-0.030853271,-0.03126526,0.043945312

2175445168217,-0.030853271,-0.03126526,0.043945312

2175645607670,-0.068237305,0.07614136,-0.037872314

2175645607670,-0.068237305,0.07614136,-0.037872314

2175845802982,0.025543213,-0.023468018,-0.007217407

2175845802982,0.025543213,-0.023468018,-0.007217407

2176045998295,0.08557129,-0.032592773,0.019485474

2176045998295,0.08557129,-0.032592773,0.019485474

2176245949467,-0.008422852,0.122924805,-0.08428955

2176245949467,-0.008422852,0.122924805,-0.08428955

2176449318607,-0.084747314,0.01071167,0.012435913

2176449318607,-0.084747314,0.01071167,0.012435913

2176646584232,0.122802734,0.021072388,-0.0023040771

2176646584232,0.122802734,0.021072388,-0.0023040771

2176846255819,-0.03427124,0.035507202,-0.0460968

2176846255819,-0.03427124,0.035507202,-0.0460968

2177049136678,0.027145386,0.026535034,-0.0107421875

2177049136678,0.027145386,0.026535034,-0.0107421875

2177246890584,-0.059051514,0.014022827,0.0023498535

2177246890584,-0.059051514,0.014022827,0.0023498535

2177446353475,-0.07107544,0.015472412,0.009231567

2177446353475,-0.07107544,0.015472412,0.009231567

2177646060506,-0.43096924,0.42248535,-0.19612122

2177646060506,-0.43096924,0.42248535,-0.19612122

2177846255819,0.28302002,-0.08973694,0.084487915

2177846255819,0.28302002,-0.08973694,0.084487915

2178046695272,0.17529297,-0.46817017,0.28604126

2178046695272,0.17529297,-0.46817017,0.28604126

2178246402303,-0.067489624,-0.10496521,-0.027191162

2178246402303,-0.067489624,-0.10496521,-0.027191162

2178447085897,0.3813324,-0.04119873,-0.062332153

2178447085897,0.3813324,-0.04119873,-0.062332153

2178647525350,-0.021835327,0.017120361,0.015960693

2178647525350,-0.021835327,0.017120361,0.015960693

2178847232381,0.09742737,0.015197754,-0.035308838

2178847232381,0.09742737,0.015197754,-0.035308838

2179047427694,-0.037216187,0.011306763,-0.0041656494

2179047427694,-0.037216187,0.011306763,-0.0041656494

2179248355428,-0.037643433,0.013549805,0.03315735

2179248355428,-0.037643433,0.013549805,0.03315735

2179447330037,-0.019210815,0.0716095,-0.08476257

2179447330037,-0.019210815,0.0716095,-0.08476257

2179647525350,0.12615967,-0.010696411,-0.0012817383

2179647525350,0.12615967,-0.010696411,-0.0012817383

2179847720662,0.04840088,0.0043029785,-0.0062561035

2179847720662,0.04840088,0.0043029785,-0.0062561035

2180047915975,-0.0932312,-0.008300781,0.01852417

2180047915975,-0.0932312,-0.008300781,0.01852417

2180248111287,-0.13798523,0.05734253,-0.039627075

2180248111287,-0.13798523,0.05734253,-0.039627075

2180448062459,0.13320923,0.0181427,-0.008758545

2180448062459,0.13320923,0.0181427,-0.008758545

2180648257772,-0.07043457,0.042022705,-0.021896362

2180648257772,-0.07043457,0.042022705,-0.021896362

2180848697225,0.03703308,0.016052246,0.005554199

2180848697225,0.03703308,0.016052246,0.005554199

2181048404256,0.07991028,0.023483276,-0.035247803

2181048404256,0.07991028,0.023483276,-0.035247803

2181251773397,0.073394775,0.03678894,-0.023925781

2181251773397,0.073394775,0.03678894,-0.023925781

2181449283162,-0.095321655,0.013015747,0.022537231

2181449283162,-0.095321655,0.013015747,0.022537231

2181648746053,0.026992798,-0.02330017,-0.003479004

2181648746053,0.026992798,-0.02330017,-0.003479004

2181849429647,-0.0728302,-0.00680542,-0.020462036

2181849429647,-0.0728302,-0.00680542,-0.020462036

2182049136678,-0.010299683,0.028076172,-0.0048675537

2182049136678,-0.010299683,0.028076172,-0.0048675537

2182249331991,-0.020874023,0.11860657,-0.049301147

2182249331991,-0.020874023,0.11860657,-0.049301147

2182449771444,-0.047729492,0.008956909,0.004425049

2182449771444,-0.047729492,0.008956909,0.004425049

2182649478475,0.08354187,4.119873E-4,-0.028686523

2182649478475,0.08354187,4.119873E-4,-0.028686523

2182850894491,-0.14653015,0.089660645,-0.099243164

2182850894491,-0.14653015,0.089660645,-0.099243164

2183050113241,0.010864258,-0.0036468506,0.01687622

2183050113241,0.010864258,-0.0036468506,0.01687622

2183249820272,-0.012802124,0.062423706,-0.063827515

2183249820272,-0.012802124,0.062423706,-0.063827515

2183450259725,-0.01574707,0.040039062,-0.025527954

2183450259725,-0.01574707,0.040039062,-0.025527954

2183650210897,-0.06535339,0.07043457,-0.039627075

2183650210897,-0.06535339,0.07043457,-0.039627075

2183850162069,-0.70329285,0.29815674,0.02418518

2183850162069,-0.70329285,0.29815674,0.02418518

2184050113241,0.26849365,0.4268036,0.42575073

2184050113241,0.26849365,0.4268036,0.42575073

2184250552694,-0.21606445,0.39204407,0.45655823

2184250552694,-0.21606445,0.39204407,0.45655823

2184450992147,-0.1210022,0.13424683,0.046569824

2184450992147,-0.1210022,0.13424683,0.046569824

2184650943319,-0.31481934,-0.46923828,-0.045303345

2184650943319,-0.31481934,-0.46923828,-0.045303345

2184850894491,0.25279236,-1.2635498,0.25453186

2184850894491,0.25279236,-1.2635498,0.25453186

2185051578084,-0.07400513,-0.48937988,-0.5247803

2185051578084,-0.07400513,-0.48937988,-0.5247803

2185250552694,0.6967468,0.31118774,-0.123916626

2185250552694,0.6967468,0.31118774,-0.123916626

2185450748006,-0.7737274,0.86586,-0.29577637

2185450748006,-0.7737274,0.86586,-0.29577637

2185650943319,0.039382935,-0.76623535,0.27604675

2185650943319,0.039382935,-0.76623535,0.27604675

2185850894491,0.6148224,-0.7768097,0.114974976

2185850894491,0.6148224,-0.7768097,0.114974976

2186051089803,-0.16340637,-0.053527832,0.1232605

2186051089803,-0.16340637,-0.053527832,0.1232605

2186251773397,0.19682312,-0.13113403,0.012542725

2186251773397,0.19682312,-0.13113403,0.012542725

2186451724569,0.3522339,-0.11981201,0.04447937

2186451724569,0.3522339,-0.11981201,0.04447937

2186652164022,0.0067443848,0.0066070557,-0.016235352

2186652164022,0.0067443848,0.0066070557,-0.016235352

2186852115194,-0.019699097,0.0053710938,-1.6784668E-4

2186852115194,-0.019699097,0.0053710938,-1.6784668E-4

2187052561272,-0.06135559,0.007675171,0.010360718

2187052561272,-0.06135559,0.007675171,0.010360718

2187252512444,0.15805054,-0.012298584,-0.019073486

2187252512444,0.15805054,-0.012298584,-0.019073486

2187452463616,0.035369873,-0.009628296,0.00630188

2187452463616,0.035369873,-0.009628296,0.00630188

2187652903069,0.011077881,0.022888184,-0.028625488

2187652903069,0.011077881,0.022888184,-0.028625488

2187852854241,-0.066482544,0.02230835,-0.0011291504

2187852854241,-0.066482544,0.02230835,-0.0011291504

2188053537834,-0.030273438,0.019104004,-0.012130737

2188053537834,-0.030273438,0.019104004,-0.012130737

2188253000725,0.008728027,0.01184082,-0.0129852295

2188253000725,0.008728027,0.01184082,-0.0129852295

2188453196037,-0.5629425,0.08778381,0.025894165

2188453196037,-0.5629425,0.08778381,0.025894165

2188653635491,-0.23251343,0.0126953125,0.017089844

2188653635491,-0.23251343,0.0126953125,0.017089844

2188853586662,-0.19320679,0.04826355,0.025680542

2188853586662,-0.19320679,0.04826355,0.025680542

2189053781975,-0.21221924,0.02909851,0.019973755

2189053781975,-0.21221924,0.02909851,0.019973755

2189253733147,-0.18312073,-0.0056762695,-8.544922E-4

2189253733147,-0.18312073,-0.0056762695,-8.544922E-4

2189453684319,0.07307434,0.01953125,-0.011489868

2189453684319,0.07307434,0.01953125,-0.011489868

2189653879631,0.1635437,0.15332031,-0.26164246

2189653879631,0.1635437,0.15332031,-0.26164246

2189854074944,-0.077316284,-0.025436401,-0.012817383

2189854074944,-0.077316284,-0.025436401,-0.012817383

2190054270256,0.11878967,0.032943726,-0.09950256

2190054270256,0.11878967,0.032943726,-0.09950256

2190254709709,0.5535736,0.041809082,0.22590637

2190254709709,0.5535736,0.041809082,0.22590637

2190454660881,0.09529114,-0.2533722,0.08229065

2190454660881,0.09529114,-0.2533722,0.08229065

2190657785881,0.26037598,-0.06758118,-0.03930664

2190657785881,0.26037598,-0.06758118,-0.03930664

2190855539787,-0.06919861,-0.0056762695,-0.014419556

2190855539787,-0.06919861,-0.0056762695,-0.014419556

2191055002678,0.12590027,0.004470825,-0.011428833

2191055002678,0.12590027,0.004470825,-0.011428833

2191255197991,-0.039886475,0.13317871,-0.075042725

2191255197991,-0.039886475,0.13317871,-0.075042725

2191455393303,-0.026794434,0.04537964,0.004272461

2191455393303,-0.026794434,0.04537964,0.004272461

2191655344475,-0.010620117,0.008361816,-0.009567261

2191655344475,-0.010620117,0.008361816,-0.009567261

2191855783928,0.0042877197,0.0077209473,-0.025527954

2191855783928,0.0042877197,0.0077209473,-0.025527954

2192055490959,-0.02230835,9.1552734E-5,-0.019546509

2192055490959,-0.02230835,9.1552734E-5,-0.019546509

2192255930412,-0.04298401,0.03881836,-0.032043457

2192255930412,-0.04298401,0.03881836,-0.032043457

2192455881584,0.03211975,-0.0075531006,0.014846802

2192455881584,0.03211975,-0.0075531006,0.014846802

2192655832756,0.00920105,0.092803955,-0.07333374

2192655832756,0.00920105,0.092803955,-0.07333374

2192856028069,-0.2164917,0.026855469,-0.029006958

2192856028069,-0.2164917,0.026855469,-0.029006958

2193055979241,0.02607727,0.04234314,-0.0026245117

2193055979241,0.02607727,0.04234314,-0.0026245117

2193255686272,-0.16009521,0.078063965,-0.00491333

2193255686272,-0.16009521,0.078063965,-0.00491333

2193455881584,-0.25756836,0.68096924,-0.5140991

2193455881584,-0.25756836,0.68096924,-0.5140991

2193656321037,-0.15086365,-0.28274536,0.20828247

2193656321037,-0.15086365,-0.28274536,0.20828247

2193856272209,0.3327942,-0.45039368,0.27807617

2193856272209,0.3327942,-0.45039368,0.27807617

2194056467522,0.30966187,-0.08055115,-0.028579712

2194056467522,0.30966187,-0.08055115,-0.028579712

2194256906975,0.17251587,-0.0024261475,0.015060425

2194256906975,0.17251587,-0.0024261475,0.015060425

2194457346428,-0.067337036,-0.004776001,0.014953613

2194457346428,-0.067337036,-0.004776001,0.014953613

2194657297600,-0.038391113,0.010818481,6.866455E-4

2194657297600,-0.038391113,0.010818481,6.866455E-4

2194857248772,0.14768982,0.009384155,-0.02494812

2194857248772,0.14768982,0.009384155,-0.02494812

2195057688225,-0.11010742,0.019210815,-0.018218994

2195057688225,-0.11010742,0.019210815,-0.018218994

2195257639397,-0.21495056,0.066482544,-0.041397095

2195257639397,-0.21495056,0.066482544,-0.041397095

2195458078850,0.038253784,0.040039062,-0.020935059

2195458078850,0.038253784,0.040039062,-0.020935059

2195657785881,0.0053100586,0.030593872,-0.034713745

2195657785881,0.0053100586,0.030593872,-0.034713745

2195861155022,0.07659912,0.059753418,-0.046691895

2195861155022,0.07659912,0.059753418,-0.046691895

2196058420647,-0.019424438,0.060440063,-0.04096985

2196058420647,-0.019424438,0.060440063,-0.04096985

2196258127678,-0.084747314,0.034866333,-0.0036315918

2196258127678,-0.084747314,0.034866333,-0.0036315918

2196458322991,-0.054733276,-0.019454956,-0.004272461

2196458322991,-0.054733276,-0.019454956,-0.004272461

2196658518303,0.042160034,0.010772705,-0.0066833496

2196658518303,0.042160034,0.010772705,-0.0066833496

2196858469475,-0.040893555,0.024505615,0.0021362305

2196858469475,-0.040893555,0.024505615,0.0021362305

2197058664787,-0.4581604,0.16271973,-0.16343689

2197058664787,-0.4581604,0.16271973,-0.16343689

2197258867654,-0.16062927,0.26216125,-0.19815063

2197258867654,-0.16062927,0.26216125,-0.19815063

2197459062966,-0.024978638,-0.04953003,0.057678223

2197459062966,-0.024978638,-0.04953003,0.057678223

2197659014138,0.2646942,-0.27746582,0.32304382

2197659014138,0.2646942,-0.27746582,0.32304382

2197859453591,0.020523071,-0.09225464,-0.0107421875

2197859453591,0.020523071,-0.09225464,-0.0107421875

2198060381326,0.12359619,-0.015670776,-0.022003174

2198060381326,0.12359619,-0.015670776,-0.022003174

2198260576638,-0.004257202,6.2561035E-4,-0.0010223389

2198260576638,-0.004257202,6.2561035E-4,-0.0010223389

2198462725076,0.005783081,-7.6293945E-5,0.002029419

2198462725076,0.005783081,-7.6293945E-5,0.002029419

2198659990701,-0.023223877,9.460449E-4,0.0032043457

2198659990701,-0.023223877,9.460449E-4,0.0032043457

2198859697732,-0.102264404,0.016433716,0.008972168

2198859697732,-0.102264404,0.016433716,0.008972168

2199062822732,-0.057510376,0.038650513,0.0027160645

2199062822732,-0.057510376,0.038650513,0.0027160645

2199260332498,-0.03843689,-0.0013580322,-0.0017089844

2199260332498,-0.03843689,-0.0013580322,-0.0017089844

2199733721170,0.13465881,-0.02218628,-0.020462036

2199932451638,0.006378174,0.0020141602,7.9345703E-4

2200130449685,-0.024017334,0.00932312,-0.006088257

2200330400857,-0.010513306,0.0018463135,9.0026855E-4

2200530840310,0.00541687,-0.010009766,0.00592041

2200731279763,-0.076416016,0.0053710938,0.0019683838

2200931963357,0.0014038086,6.713867E-4,0.0045318604

2199733721170,0.13465881,-0.02218628,-0.020462036

2199932451638,0.006378174,0.0020141602,7.9345703E-4

2200130449685,-0.024017334,0.00932312,-0.006088257

2200330400857,-0.010513306,0.0018463135,9.0026855E-4

2200530840310,0.00541687,-0.010009766,0.00592041

2200731279763,-0.076416016,0.0053710938,0.0019683838

2200931963357,0.0014038086,6.713867E-4,0.0045318604

2201131670388,0.032333374,-0.021697998,0.0038909912

2201131670388,0.032333374,-0.021697998,0.0038909912

2201331377420,-0.079833984,0.074539185,-0.044662476

2201331377420,-0.079833984,0.074539185,-0.044662476

2201532061013,0.15644836,-3.3569336E-4,-0.01512146

2201532061013,0.15644836,-3.3569336E-4,-0.01512146

2201731768045,-0.5277405,0.27139282,-0.11141968

2201731768045,-0.5277405,0.27139282,-0.11141968

2202186602029,-0.012588501,0.006713867,0.015167236

2202186602029,-0.012588501,0.006713867,0.015167236

2202386797341,-0.011947632,0.0029754639,-0.019500732

2202386797341,-0.011947632,0.0029754639,-0.019500732

2202586992654,-0.119400024,0.029891968,0.035888672

2202586992654,-0.119400024,0.029891968,0.035888672

2202786943826,0.111953735,-0.028747559,-0.013198853

2202786943826,0.111953735,-0.028747559,-0.013198853

2202987871560,0.027740479,0.01914978,-0.019500732

2202987871560,0.027740479,0.01914978,-0.019500732

2203187578591,-0.11679077,0.011306763,-0.0057678223

2203187578591,-0.11679077,0.011306763,-0.0057678223

2203387529763,0.029769897,0.03529358,-0.014373779

2203387529763,0.029769897,0.03529358,-0.014373779

2203587480935,0.040496826,0.024337769,-0.024032593

2203587480935,0.040496826,0.024337769,-0.024032593

2203787920388,0.033233643,0.033950806,-0.021636963

2203787920388,0.033233643,0.033950806,-0.021636963

2203987627420,-0.09312439,0.040420532,-0.030395508

2203987627420,-0.09312439,0.040420532,-0.030395508

2204187822732,-0.067596436,0.025787354,0.02659607

2204187822732,-0.067596436,0.025787354,0.02659607

2204387773904,0.11013794,-0.053588867,-0.005722046

2204387773904,0.11013794,-0.053588867,-0.005722046

2204588213357,-0.078552246,0.011138916,-0.026168823

2204588213357,-0.078552246,0.011138916,-0.026168823

2204788164529,-0.011306763,0.022033691,0.006515503

2204788164529,-0.011306763,0.022033691,0.006515503

2204989336404,0.10832214,-0.055404663,7.9345703E-4

2204989336404,0.10832214,-0.055404663,7.9345703E-4

2205188555154,-0.08389282,0.04623413,-0.0035247803

2205188555154,-0.08389282,0.04623413,-0.0035247803

2205388506326,0.08493042,0.03967285,-0.041030884

2205388506326,0.08493042,0.03967285,-0.041030884

2205588457498,-0.028503418,0.071502686,-0.05342102

2205588457498,-0.028503418,0.071502686,-0.05342102

2205788652810,-0.0756073,0.0071868896,0.0032043457

2205788652810,-0.0756073,0.0071868896,0.0032043457

2205989824685,-0.086883545,0.06349182,-0.049468994

2205989824685,-0.086883545,0.06349182,-0.049468994

2206189043435,-0.26280212,0.024505615,-0.015701294

2206189043435,-0.26280212,0.024505615,-0.015701294

2206389238748,-0.60250854,0.12110901,-0.28060913

2206389238748,-0.60250854,0.12110901,-0.28060913

2206589189920,0.74064636,-0.1616211,0.22328186

2206589189920,0.74064636,-0.1616211,0.22328186

2206790117654,0.2133789,-0.21925354,0.16609192

2206790117654,0.2133789,-0.21925354,0.16609192

2206992266091,0.41696167,-0.085357666,-0.058547974

2206992266091,0.41696167,-0.085357666,-0.058547974

2207190264138,0.040771484,-0.020370483,0.019332886

2207190264138,0.040771484,-0.020370483,0.019332886

2207389482888,-0.48330688,0.38290405,-0.013885498

2207389482888,-0.48330688,0.38290405,-0.013885498

2207590410623,0.06437683,-0.31015015,0.5174408

2207590410623,0.06437683,-0.31015015,0.5174408

2207789400528,-0.19213867,-0.61257935,0.330307

2207789400528,-0.19213867,-0.61257935,0.330307

2207989107559,0.03842163,-0.30470276,-0.023025513

2207989107559,0.03842163,-0.30470276,-0.023025513

2208189302872,0.36291504,-0.16595459,0.082717896

2208189302872,0.36291504,-0.16595459,0.082717896

2208389498184,0.19671631,-0.023834229,-0.012023926

2208389498184,0.19671631,-0.023834229,-0.012023926

2208589937637,-0.07272339,0.005432129,7.4768066E-4

2208589937637,-0.07272339,0.005432129,7.4768066E-4

2208789888809,0.05657959,-0.013427734,-0.0019226074

2208789888809,0.05657959,-0.013427734,-0.0019226074

2208990328262,-0.167099,0.026000977,0.019485474

2208990328262,-0.167099,0.026000977,0.019485474

2209191744278,-0.031341553,0.010345459,-0.013031006

2209191744278,-0.031341553,0.010345459,-0.013031006

2209390963028,0.18287659,0.04447937,-0.012023926

2209390963028,0.18287659,0.04447937,-0.012023926

2209590670059,-0.17366028,-0.0146484375,-0.010101318

2209590670059,-0.17366028,-0.0146484375,-0.010101318

2209790865372,0.018066406,0.031600952,-0.035995483

2209790865372,0.018066406,0.031600952,-0.035995483

2209990816544,0.07115173,-0.0030059814,0.014099121

2209990816544,0.07115173,-0.0030059814,0.014099121

2210191500137,-0.023651123,0.12084961,-0.0847168

2210191500137,-0.023651123,0.12084961,-0.0847168

2210391207169,-0.18135071,0.05104065,-0.021316528

2210391207169,-0.18135071,0.05104065,-0.021316528

2210591158341,0.013580322,0.018508911,-0.011917114

2210591158341,0.013580322,0.018508911,-0.011917114

2210791353653,0.062927246,0.042663574,-0.038986206

2210791353653,0.062927246,0.042663574,-0.038986206

2210991304825,0.012298584,0.06845093,-0.054107666

2210991304825,0.012298584,0.06845093,-0.054107666

2211191500137,-0.07524109,-0.029815674,0.020507812

2211191500137,-0.07524109,-0.029815674,0.020507812

2211391695450,-0.050354004,0.019317627,-5.950928E-4

2211391695450,-0.050354004,0.019317627,-5.950928E-4

2211591646622,0.005844116,-0.0055236816,0.0014953613

2211591646622,0.005844116,-0.0055236816,0.0014953613

2211791841934,-0.081222534,0.0155181885,0.005126953

2211791841934,-0.081222534,0.0155181885,0.005126953

2211991793106,0.09609985,-0.05305481,0.0011138916

2211991793106,0.09609985,-0.05305481,0.0011138916

2212191988419,-0.031921387,0.026901245,0.013183594

2212191988419,-0.031921387,0.026901245,0.013183594

2212392183731,0.005355835,0.080200195,-0.05961609

2212392183731,0.005355835,0.080200195,-0.05961609

2212592134903,0.04397583,0.030593872,-0.027191162

2212592134903,0.04397583,0.030593872,-0.027191162

2212792086075,-0.033737183,0.013381958,-0.0056152344

2212792086075,-0.033737183,0.013381958,-0.0056152344

2212992281387,-0.30984497,0.73324585,-0.5159607

2212992281387,-0.30984497,0.73324585,-0.5159607

2213192232559,0.009735107,0.018997192,0.119522095

2213192232559,0.009735107,0.018997192,0.119522095

2213393160294,0.02532959,-0.7636719,0.35643005

2213393160294,0.02532959,-0.7636719,0.35643005

2213592623184,-0.027008057,-0.0050964355,0.026641846

2213592623184,-0.027008057,-0.0050964355,0.026641846

2213795259903,0.31340027,-0.041885376,-0.04524231

2213795259903,0.31340027,-0.041885376,-0.04524231

2213993502091,-0.101623535,0.03213501,0.028884888

2213993502091,-0.101623535,0.03213501,0.028884888

2214192720841,0.019989014,-0.0103302,-0.012390137

2214192720841,0.019989014,-0.0103302,-0.012390137

2214393160294,-0.05114746,0.010772705,0.020126343

2214393160294,-0.05114746,0.010772705,0.020126343

2214593111466,0.008666992,-0.014434814,-0.010314941

2214593111466,0.008666992,-0.014434814,-0.010314941

2214793062637,0.0054626465,0.020004272,-0.0013885498

2214793062637,0.0054626465,0.020004272,-0.0013885498

2214993502091,0.070510864,-0.003326416,-0.038879395

2214993502091,0.070510864,-0.003326416,-0.038879395

2215193209122,0.0066375732,0.018463135,0.0035705566

2215193209122,0.0066375732,0.018463135,0.0035705566

2215393648575,-0.05189514,0.01109314,-0.013031006

2215393648575,-0.05189514,0.01109314,-0.013031006

2215593111466,-0.37452698,0.27679443,-0.22026062

2215593111466,-0.37452698,0.27679443,-0.22026062

2215793062637,0.30021667,-0.07531738,-0.01473999

2215793062637,0.30021667,-0.07531738,-0.01473999

2215993257950,0.0365448,0.022842407,-0.007003784

2215993257950,0.0365448,0.022842407,-0.007003784

2216193209122,0.06271362,0.040786743,0.01083374

2216193209122,0.06271362,0.040786743,0.01083374

2216393404434,-0.008956909,0.050079346,-0.037124634

2216393404434,-0.008956909,0.050079346,-0.037124634

2216593843887,-0.1525116,0.03337097,0.0057678223

2216593843887,-0.1525116,0.03337097,0.0057678223

2216794039200,0.044403076,0.022842407,-0.015274048

2216794039200,0.044403076,0.022842407,-0.015274048

2216993990372,0.03895569,-0.035858154,-0.011001587

2216993990372,0.03895569,-0.035858154,-0.011001587

2217194185684,0.05166626,0.07347107,-0.04498291

2217194185684,0.05166626,0.07347107,-0.04498291

2217394380997,0.012893677,0.016479492,-0.011169434

2217394380997,0.012893677,0.016479492,-0.011169434

2217594332169,-0.0053253174,0.005432129,-0.011383057

2217594332169,-0.0053253174,0.005432129,-0.011383057

2217794274557,-0.7621918,0.35577393,-0.15739441

2217794274557,-0.7621918,0.35577393,-0.15739441

2217997155416,-0.045013428,0.20469666,-0.14414978

2217997155416,-0.045013428,0.20469666,-0.14414978

2218195397603,-0.20768738,0.12239075,-0.023071289

2218195397603,-0.20768738,0.12239075,-0.023071289

2218394616353,0.49482727,-0.020690918,0.036209106

2218394616353,0.49482727,-0.020690918,0.036209106

2218595055807,0.54956055,-0.028060913,0.1529541

2218595055807,0.54956055,-0.028060913,0.1529541

2218795006978,-0.1822052,-0.25994873,0.1504364

2218795006978,-0.1822052,-0.25994873,0.1504364

2218994958150,-0.033416748,-0.31602478,0.13639832

2218994958150,-0.033416748,-0.31602478,0.13639832

2219195397603,-0.02583313,-0.15254211,-0.028152466

2219195397603,-0.02583313,-0.15254211,-0.028152466

2219395348775,0.18678284,-0.016143799,-0.013458252

2219395348775,0.18678284,-0.016143799,-0.013458252

2219595544088,0.3300171,-0.027038574,-0.003692627

2219595544088,0.3300171,-0.027038574,-0.003692627

2219795495260,-0.03529358,-0.0028533936,0.005706787

2219795495260,-0.03529358,-0.0028533936,0.005706787

2219995446432,-0.022521973,-0.02368164,0.006454468

2219995446432,-0.022521973,-0.02368164,0.006454468

2220195885885,0.030944824,0.026428223,-0.04135132

2220195885885,0.030944824,0.026428223,-0.04135132

2220395837057,-0.10786438,0.032348633,0.022644043

2220395837057,-0.10786438,0.032348633,0.022644043

2220595788228,0.05470276,0.043777466,-0.02986145

2220595788228,0.05470276,0.043777466,-0.02986145

2220795983541,0.054275513,0.009216309,-0.02029419

2220795983541,0.054275513,0.009216309,-0.02029419

2220996178853,-0.018630981,0.031280518,0.0018157959

2220996178853,-0.018630981,0.031280518,0.0018157959

2221196130025,-0.23699951,0.046554565,-0.018692017

2221196130025,-0.23699951,0.046554565,-0.018692017

2221396325338,0.18341064,-0.0131073,-0.0074768066

2221396325338,0.18341064,-0.0131073,-0.0074768066

2221596520650,-0.008850098,0.0688324,-0.09020996

2221596520650,-0.008850098,0.0688324,-0.09020996

2221796715963,0.0390625,-0.006591797,-7.019043E-4

2221796715963,0.0390625,-0.006591797,-7.019043E-4

2221996667135,-0.04458618,0.0027008057,0.014785767

2221996667135,-0.04458618,0.0027008057,0.014785767

2222196862447,-0.0012664795,0.026000977,-0.030975342

2222196862447,-0.0012664795,0.026000977,-0.030975342

2222396813619,0.010482788,0.038757324,-0.03338623

2222396813619,0.010482788,0.038757324,-0.03338623

2222597008932,-0.03843689,0.044265747,-0.0370636

2222597008932,-0.03843689,0.044265747,-0.0370636

2222797204244,-0.0022277832,0.004470825,0.005340576

2222797204244,-0.0022277832,0.004470825,0.005340576

2222997155416,0.036605835,0.029418945,-0.023452759

2222997155416,0.036605835,0.029418945,-0.023452759

2223196862447,-0.12619019,0.012954712,0.035827637

2223196862447,-0.12619019,0.012954712,0.035827637

2223396813619,9.765625E-4,-0.0032806396,-0.006088257

2223396813619,9.765625E-4,-0.0032806396,-0.006088257

2223597008932,0.022506714,-0.026992798,-0.008651733

2223597008932,0.022506714,-0.026992798,-0.008651733

2223797936666,-0.2542572,0.082977295,-0.10014343

2223797936666,-0.2542572,0.082977295,-0.10014343

2223997399557,0.21263123,-0.027252197,-0.04673767

2223997399557,0.21263123,-0.027252197,-0.04673767

2224197594869,0.027359009,0.0068206787,-0.0042266846

2224197594869,0.027359009,0.0068206787,-0.0042266846

2224397790182,0.020523071,0.014190674,-0.0037994385

2224397790182,0.020523071,0.014190674,-0.0037994385

2224597985494,0.092300415,0.036254883,-5.340576E-4

2224597985494,0.092300415,0.036254883,-5.340576E-4

2224797936666,-0.071762085,0.050247192,-0.029220581

2224797936666,-0.071762085,0.050247192,-0.029220581

2224998131978,-0.03604126,0.008422852,-0.014587402

2224998131978,-0.03604126,0.008422852,-0.014587402

2225198083150,0.055023193,0.048858643,-0.017730713

2225198083150,0.055023193,0.048858643,-0.017730713

2225398766744,0.033340454,-0.0046691895,-0.023391724

2225398766744,0.033340454,-0.0046691895,-0.023391724

2225598473775,-0.087890625,0.057510376,-0.027191162

2225598473775,-0.087890625,0.057510376,-0.027191162

2225798424947,-0.05744934,0.16287231,-0.021957397

2225798424947,-0.05744934,0.16287231,-0.021957397

2225998620260,-0.33618164,-0.43644714,0.5646515

2225998620260,-0.33618164,-0.43644714,0.5646515

2226198571432,-0.16293335,-1.0327301,0.5516205

2226198571432,-0.16293335,-1.0327301,0.5516205

2226398522603,0.03302002,-0.08093262,0.030014038

2226398522603,0.03302002,-0.08093262,0.030014038

2226598717916,0.14704895,-0.016311646,-0.054534912

2226598717916,0.14704895,-0.016311646,-0.054534912

2226801354635,-0.010986328,0.017120361,-0.012069702

2226801354635,-0.010986328,0.017120361,-0.012069702

2226999840963,0.0140686035,0.011245728,0.00869751

2226999840963,0.0140686035,0.011245728,0.00869751

2227199059713,0.040237427,0.020751953,-0.014480591

2227199059713,0.040237427,0.020751953,-0.014480591

2227401940572,0.02368164,0.010284424,-0.010681152

2227401940572,0.02368164,0.010284424,-0.010681152

2227600182760,-0.024398804,0.06503296,-0.024353027

2227600182760,-0.024398804,0.06503296,-0.024353027

2227799157369,-0.02268982,-0.027359009,0.035568237

2227799157369,-0.02268982,-0.027359009,0.035568237

2227999352682,0.01449585,0.017227173,-0.016448975

2227999352682,0.01449585,0.017227173,-0.016448975

2228199550036,-0.046081543,0.0041503906,-0.004119873

2228199550036,-0.046081543,0.0041503906,-0.004119873

2228399501208,-0.035232544,0.058944702,-0.036636353

2228399501208,-0.035232544,0.058944702,-0.036636353

2228599940661,0.08557129,0.0055389404,-0.017303467

2228599940661,0.08557129,0.0055389404,-0.017303467

2228799891833,0.021057129,0.04484558,-0.004760742

2228799891833,0.021057129,0.04484558,-0.004760742

2229000087145,-0.024230957,0.028823853,-0.03353882

2229000087145,-0.024230957,0.028823853,-0.03353882

2229200038317,-0.007461548,0.07400513,-0.046310425

2229200038317,-0.007461548,0.07400513,-0.046310425

2229400233630,-6.866455E-4,-0.03387451,0.025741577

2229400233630,-6.866455E-4,-0.03387451,0.025741577

2229600184802,-0.12608337,-0.01663208,0.028030396

2229600184802,-0.12608337,-0.01663208,0.028030396

2229800380114,0.049041748,0.032455444,-0.030929565

2229800380114,0.049041748,0.032455444,-0.030929565

2230000575427,-0.012908936,-0.0012969971,0.003036499

2230000575427,-0.012908936,-0.0012969971,0.003036499

2230200526599,0.1524353,0.071762085,-0.034454346

2230200526599,0.1524353,0.071762085,-0.034454346

2230400721911,-0.2264862,0.038223267,0.014099121

2230400721911,-0.2264862,0.038223267,0.014099121

2230600673083,0.02848816,0.0023345947,-0.043701172

2230600673083,0.02848816,0.0023345947,-0.043701172

2230800135974,-0.0121154785,6.713867E-4,-0.0023498535

2230800135974,-0.0121154785,6.713867E-4,-0.0023498535

2231000331286,0.056900024,0.011520386,-0.04348755

2231000331286,0.056900024,0.011520386,-0.04348755

2231200526599,-0.002822876,0.02482605,-0.009246826

2231200526599,-0.002822876,0.02482605,-0.009246826

2231400721911,-0.026153564,0.0013122559,-0.030181885

2231400721911,-0.026153564,0.0013122559,-0.030181885

2231601893786,0.058502197,0.05708313,-0.04032898

2231601893786,0.058502197,0.05708313,-0.04032898

2231801600817,-0.21655273,-0.044509888,0.020187378

2231801600817,-0.21655273,-0.044509888,0.020187378

2232001063708,-0.29441833,1.2751617,-0.20631409

2232001063708,-0.29441833,1.2751617,-0.20631409

2232201259020,0.66267395,0.28619385,-0.12808228

2232201259020,0.66267395,0.28619385,-0.12808228

2232401454333,-0.40731812,-0.7333832,0.26457214

2232401454333,-0.40731812,-0.7333832,0.26457214

2232601405505,-3.6621094E-4,-0.64024353,-4.272461E-4

2232601405505,-3.6621094E-4,-0.64024353,-4.272461E-4

2232804042224,0.16445923,-0.15959167,0.25105286

2232804042224,0.16445923,-0.15959167,0.25105286

2233002528552,0.011657715,-0.138443,0.04699707

2233002528552,0.011657715,-0.138443,0.04699707

2233201503161,0.28910828,-0.050430298,-0.024673462

2233201503161,0.28910828,-0.050430298,-0.024673462

2233401698474,-0.014678955,0.017501831,0.0

2233401698474,-0.014678955,0.017501831,0.0

2233601649645,0.061538696,0.012420654,-0.051651

2233601649645,0.061538696,0.012420654,-0.051651

2233801844958,-0.08378601,0.004623413,0.029846191

2233801844958,-0.08378601,0.004623413,0.029846191

2234001796130,-0.21755981,0.054031372,0.007843018

2234001796130,-0.21755981,0.054031372,0.007843018

2234202723864,0.15527344,0.031921387,-0.096191406

2234202723864,0.15527344,0.031921387,-0.096191406

2234402186755,-0.017562866,0.007080078,0.012069702

2234402186755,-0.017562866,0.007080078,0.012069702

2234602137927,0.037887573,0.014511108,-0.0028381348

2234602137927,0.037887573,0.014511108,-0.0028381348

2234802821520,0.028640747,0.055374146,-0.049194336

2234802821520,0.028640747,0.055374146,-0.049194336

2235003260974,-0.21099854,0.012313843,0.0043182373

2235003260974,-0.21099854,0.012313843,0.0043182373

2235203212145,0.11628723,0.08265686,-0.07878113

2235203212145,0.11628723,0.08265686,-0.07878113

2235403407458,0.02180481,0.008102417,0.01612854

2235403407458,0.02180481,0.008102417,0.01612854

2235602382067,0.07798767,0.02583313,-0.023025513

2235602382067,0.07798767,0.02583313,-0.023025513

2235802333239,-0.13659668,0.01889038,-0.013626099

2235802333239,-0.13659668,0.01889038,-0.013626099

2236002528552,0.08413696,0.014404297,0.009124756

2236002528552,0.08413696,0.014404297,0.009124756

2236202479724,-0.11149597,0.072509766,-0.04925537

2236202479724,-0.11149597,0.072509766,-0.04925537

2236402430895,-0.099853516,0.010391235,0.005554199

2236402430895,-0.099853516,0.010391235,0.005554199

2236602626208,0.16471863,0.06011963,-0.08375549

2236602626208,0.16471863,0.06011963,-0.08375549

2236803553942,-0.12666321,0.016586304,-0.007797241

2236803553942,-0.12666321,0.016586304,-0.007797241

2237002772692,-0.0119018555,0.029037476,0.007583618

2237002772692,-0.0119018555,0.029037476,0.007583618

2237202723864,0.075805664,-0.052352905,-0.0010223389

2237202723864,0.075805664,-0.052352905,-0.0010223389

2237402675036,-1.0073242,0.8634033,-0.35153198

2237402675036,-1.0073242,0.8634033,-0.35153198

2237605311755,0.3967743,0.4405365,-0.088027954

2237605311755,0.3967743,0.4405365,-0.088027954

2237803798083,0.13780212,-0.7797394,0.402359

2237803798083,0.13780212,-0.7797394,0.402359

2238002772692,0.12081909,-0.5489807,0.08843994

2238002772692,0.12081909,-0.5489807,0.08843994

2238202479724,0.22335815,-0.12754822,0.03781128

2238202479724,0.22335815,-0.12754822,0.03781128

2238402415264,0.102508545,0.0068206787,-0.048446655

2238402415264,0.102508545,0.0068206787,-0.048446655

2238602610577,-0.037322998,0.029418945,0.042663574

2238602610577,-0.037322998,0.029418945,0.042663574

2238802317608,0.1169281,-0.020629883,-0.024093628

2238802317608,0.1169281,-0.020629883,-0.024093628

2239002512921,-0.009918213,0.00970459,0.016815186

2239002512921,-0.009918213,0.00970459,0.016815186

2239202952374,-0.06417847,0.025787354,-0.018753052

2239202952374,-0.06417847,0.025787354,-0.018753052

2239404124249,-0.06716919,0.024612427,0.021728516

2239404124249,-0.06716919,0.024612427,0.021728516

2239603587139,0.014816284,0.013168335,-0.013946533

2239603587139,0.014816284,0.013168335,-0.013946533

2239803782452,0.01272583,-0.019302368,0.025894165

2239803782452,0.01272583,-0.019302368,0.025894165

2240003733624,-0.22193909,0.06311035,-0.023071289

2240003733624,-0.22193909,0.06311035,-0.023071289

2240203684796,0.236557,0.027328491,-0.063827515

2240203684796,0.236557,0.027328491,-0.063827515

2240403880108,-0.042175293,0.009918213,0.009979248

2240403880108,-0.042175293,0.009918213,0.009979248

2240603831280,0.009155273,0.0034484863,-0.010574341

2240603831280,0.009155273,0.0034484863,-0.010574341

2240803782452,-0.04234314,-0.010055542,0.029693604

2240803782452,-0.04234314,-0.010055542,0.029693604

2241004221905,-0.033203125,0.015304565,-0.012451172

2241004221905,-0.033203125,0.015304565,-0.012451172

2241203928936,0.031906128,0.017547607,-0.017044067

2241203928936,0.031906128,0.017547607,-0.017044067

2241404368389,0.007232666,0.067977905,-0.064575195

2241404368389,0.007232666,0.067977905,-0.064575195

2241604319561,-1.5258789E-4,0.0057525635,-0.009613037

2241604319561,-1.5258789E-4,0.0057525635,-0.009613037

2241804270733,-0.026901245,0.045333862,-0.022644043

2241804270733,-0.026901245,0.045333862,-0.022644043

2242004221905,-0.048538208,0.019577026,-0.02178955

2242004221905,-0.048538208,0.019577026,-0.02178955

2242204417218,0.039108276,-0.02041626,-0.020721436

2242204417218,0.039108276,-0.02041626,-0.020721436

2242404368389,-0.092803955,0.017181396,-0.028198242

2242404368389,-0.092803955,0.017181396,-0.028198242

2242604563702,0.05545044,0.099487305,-0.051712036

2242604563702,0.05545044,0.099487305,-0.051712036

2242805491436,-0.10557556,0.033477783,-0.022003174

2242805491436,-0.10557556,0.033477783,-0.022003174

2243004954327,0.11590576,-0.012680054,0.007095337

2243004954327,0.11590576,-0.012680054,0.007095337

2243207591046,-0.21965027,0.06626892,-0.06602478

2243207591046,-0.21965027,0.06626892,-0.06602478

2243405833233,0.043273926,0.0026550293,-0.008224487

2243405833233,0.043273926,0.0026550293,-0.008224487

2243605051983,-0.16693115,0.0025939941,-0.0056152344

2243605051983,-0.16693115,0.0025939941,-0.0056152344

2243805491436,-0.5371399,0.6379242,-0.3293152

2243805491436,-0.5371399,0.6379242,-0.3293152

2244005198468,1.0472565,0.84033203,-0.0054016113

2244005198468,1.0472565,0.84033203,-0.0054016113

2244205149639,-0.54029846,-0.3814392,0.19418335

2244205149639,-0.54029846,-0.3814392,0.19418335

2244405344952,-0.2071991,-0.785141,0.15834045

2244405344952,-0.2071991,-0.785141,0.15834045

2244605296124,0.203125,-0.27607727,0.0716095

2244605296124,0.203125,-0.27607727,0.0716095

2244805491436,0.09503174,0.017120361,0.055221558

2244805491436,0.09503174,0.017120361,0.055221558

2245005198468,0.00289917,0.021133423,-0.035842896

2245005198468,0.00289917,0.021133423,-0.035842896

2245205637921,0.43917847,-0.09513855,-0.021530151

2245205637921,0.43917847,-0.09513855,-0.021530151

2245405589093,-0.05911255,-0.01133728,0.038391113

2245405589093,-0.05911255,-0.01133728,0.038391113

2245605296124,-0.008850098,-0.004348755,0.014038086

2245605296124,-0.008850098,-0.004348755,0.014038086

2245805247296,0.029815674,0.003982544,-0.014526367

2245805247296,0.029815674,0.003982544,-0.014526367

2246005198468,0.13978577,0.022201538,-0.031723022

2246005198468,0.13978577,0.022201538,-0.031723022

2246205393780,-0.289505,0.02722168,-0.0057678223

2246205393780,-0.289505,0.02722168,-0.0057678223

2246405833233,0.024261475,0.005004883,-5.340576E-4

2246405833233,0.024261475,0.005004883,-5.340576E-4

2246605540264,0.030456543,0.009384155,-0.0013885498

2246605540264,0.030456543,0.009384155,-0.0013885498

2246805979718,0.035369873,0.017227173,-0.0059814453

2246805979718,0.035369873,0.017227173,-0.0059814453

2247006419171,0.1486969,0.013763428,-0.03253174

2247006419171,0.1486969,0.013763428,-0.03253174

2247206370343,-0.0057525635,0.021560669,-0.024734497

2247206370343,-0.0057525635,0.021560669,-0.024734497

2247408762921,-0.11961365,0.015472412,0.0054473877

2247408762921,-0.11961365,0.015472412,0.0054473877

2247607249249,-0.025360107,0.03668213,-0.026382446

2247607249249,-0.025360107,0.03668213,-0.026382446

2247806467999,0.04273987,0.0036621094,-0.034820557

2247806467999,0.04273987,0.0036621094,-0.034820557

2248006663311,0.0826416,0.05206299,-0.0231781

2248006663311,0.0826416,0.05206299,-0.0231781

2248206614483,-0.09750366,0.081329346,-0.04663086

2248206614483,-0.09750366,0.081329346,-0.04663086

2248406565655,0.031417847,0.20555115,0.06665039

2248406565655,0.031417847,0.20555115,0.06665039

2248607014090,-0.22257996,-0.22875977,1.0950775

2248607014090,-0.22257996,-0.22875977,1.0950775

2248806965262,0.050964355,-0.69226074,-0.035842896

2248806965262,0.050964355,-0.69226074,-0.035842896

2249007160575,-0.36325073,-0.34907532,0.05458069

2249007160575,-0.36325073,-0.34907532,0.05458069

2249207111746,0.0743103,-0.11174011,0.11717224

2249207111746,0.0743103,-0.11174011,0.11717224

2249407062918,0.22309875,-0.03440857,-0.042037964

2249407062918,0.22309875,-0.03440857,-0.042037964

2249607502371,-0.044265747,0.0020141602,0.014099121

2249607502371,-0.044265747,0.0020141602,0.014099121

2249807209403,0.02720642,0.016906738,-0.01234436

2249807209403,0.02720642,0.016906738,-0.01234436

2250007404715,-0.055419922,-0.011016846,-0.0025634766

2250007404715,-0.055419922,-0.011016846,-0.0025634766

2250207355887,-0.037109375,0.0014801025,-3.2043457E-4

2250207355887,-0.037109375,0.0014801025,-3.2043457E-4

2250407062918,-0.022628784,-0.012145996,0.02734375

2250407062918,-0.022628784,-0.012145996,0.02734375

2250607258231,-0.011688232,0.008041382,-0.011169434

2250607258231,-0.011688232,0.008041382,-0.011169434

2250807697684,0.024963379,0.04020691,-0.015655518

2250807697684,0.024963379,0.04020691,-0.015655518

2251007648856,-0.0289917,0.031280518,-0.030975342

2251007648856,-0.0289917,0.031280518,-0.030975342

2251207600028,-0.0206604,0.040893555,-0.051437378

2251207600028,-0.0206604,0.040893555,-0.051437378

2251407795340,-0.011047363,-0.01737976,0.035827637

2251407795340,-0.011047363,-0.01737976,0.035827637

2251610676200,0.025115967,0.019317627,-0.018859863

2251610676200,0.025115967,0.019317627,-0.018859863

2251808674246,-0.08100891,-0.004348755,-0.01399231

2251808674246,-0.08100891,-0.004348755,-0.01399231

2252007892996,0.009094238,0.078811646,-0.06681824

2252007892996,0.009094238,0.078811646,-0.06681824

2252208088309,-0.043884277,0.00793457,-0.008224487

2252208088309,-0.043884277,0.00793457,-0.008224487

2252408039481,0.08872986,0.041534424,-0.035995483

2252408039481,0.08872986,0.041534424,-0.035995483

2252608234793,-0.01638794,0.030059814,0.03578186

2252608234793,-0.01638794,0.030059814,0.03578186

2252808185965,8.69751E-4,0.010391235,-0.0015563965

2252808185965,8.69751E-4,0.010391235,-0.0015563965

2253008137137,-0.1532135,0.014511108,0.008804321

2253008137137,-0.1532135,0.014511108,0.008804321

2253207844168,0.10549927,0.041748047,-0.054489136

2253207844168,0.10549927,0.041748047,-0.054489136

2253407795340,-0.13745117,0.022735596,0.006668091

2253407795340,-0.13745117,0.022735596,0.006668091

2253607990653,0.0061035156,4.119873E-4,-0.0013885498

2253607990653,0.0061035156,4.119873E-4,-0.0013885498

2253808185965,0.016311646,0.08293152,-0.08166504

2253808185965,0.016311646,0.08293152,-0.08166504

2254008625418,0.111206055,0.0027008057,-0.021530151

2254008625418,0.111206055,0.0027008057,-0.021530151

2254208332450,-0.031661987,0.062316895,-0.02142334

2254208332450,-0.031661987,0.062316895,-0.02142334

2254408527762,-0.5076599,0.61517334,-0.40904236

2254408527762,-0.5076599,0.61517334,-0.40904236

2254608723075,0.10971069,-0.34443665,0.15284729

2254608723075,0.10971069,-0.34443665,0.15284729

2254809162528,0.37417603,-0.44947815,0.24385071

2254809162528,0.37417603,-0.44947815,0.24385071

2255009113700,0.2244873,-0.042373657,-0.008224487

2255009113700,0.2244873,-0.042373657,-0.008224487

2255209064871,-0.07229614,0.04324341,0.006942749

2255209064871,-0.07229614,0.04324341,0.006942749

2255409016043,0.0040283203,0.010559082,-0.019180298

2255409016043,0.0040283203,0.010559082,-0.019180298

2255609211356,0.14918518,0.0014190674,-0.03819275

2255609211356,0.14918518,0.0014190674,-0.03819275

2255809406668,-0.14802551,0.046020508,0.017196655

2255809406668,-0.14802551,0.046020508,0.017196655

2256009601981,0.084243774,0.027008057,-0.05053711

2256009601981,0.084243774,0.027008057,-0.05053711

2256211994559,0.0038604736,0.03138733,0.0041656494

2256211994559,0.0038604736,0.03138733,0.0041656494

2256410236746,0.08909607,-0.010223389,-0.024627686

2256410236746,0.08909607,-0.010223389,-0.024627686

2256609455496,-0.0047912598,0.010284424,0.002243042

2256609455496,-0.0047912598,0.010284424,0.002243042

2256809650809,-0.060760498,0.010345459,0.0018615723

2256809650809,-0.060760498,0.010345459,0.0018615723

2257009846121,0.024536133,0.012313843,-0.018112183

2257009846121,0.024536133,0.012313843,-0.018112183

2257209797293,-0.040145874,0.058792114,-0.03541565

2257209797293,-0.040145874,0.058792114,-0.03541565

2257410236746,-1.5258789E-4,-0.0026855469,-0.005554199

2257410236746,-1.5258789E-4,-0.0026855469,-0.005554199

2257610187918,-0.016708374,0.04170227,-0.033172607

2257610187918,-0.016708374,0.04170227,-0.033172607

2257810139090,-0.15486145,-0.0074920654,0.023284912

2257810139090,-0.15486145,-0.0074920654,0.023284912

2258010090262,0.111206055,0.030319214,-0.009246826

2258010090262,0.111206055,0.030319214,-0.009246826

2258210041434,0.039489746,0.044204712,-0.06767273

2258210041434,0.039489746,0.044204712,-0.06767273

2258410236746,-0.052215576,0.0014801025,-0.0023498535

2258410236746,-0.052215576,0.0014801025,-0.0023498535

2258610187918,-0.15934753,0.0345459,0.01335144

2258610187918,-0.15934753,0.0345459,0.01335144

2258810138517,-0.21762085,0.14178467,-0.19580078

2258810138517,-0.21762085,0.14178467,-0.19580078

2259010822111,0.13572693,-0.0390625,-0.065216064

2259010822111,0.13572693,-0.0390625,-0.065216064

2259210529142,0.08381653,-0.020370483,0.018096924

2259210529142,0.08381653,-0.020370483,0.018096924

2259410480314,-0.05606079,0.017333984,0.00630188

2259410480314,-0.05606079,0.017333984,0.00630188

2259610431486,0.047439575,0.021026611,-0.020889282

2259610431486,0.047439575,0.021026611,-0.020889282

2259810626798,-0.0082092285,0.027114868,0.043304443

2259810626798,-0.0082092285,0.027114868,0.043304443

2260010822111,0.0912323,-0.035217285,-0.0054473877

2260010822111,0.0912323,-0.035217285,-0.0054473877

2260210529142,0.06010437,-0.002532959,0.004058838

2260210529142,0.06010437,-0.002532959,0.004058838

2260411701017,0.026885986,0.05381775,-0.07489014

2260411701017,0.026885986,0.05381775,-0.07489014

2260610431486,-0.235672,0.0134887695,-4.272461E-4

2260610431486,-0.235672,0.0134887695,-4.272461E-4

2260810138517,0.12487793,0.035507202,-0.028198242

2260810138517,0.12487793,0.035507202,-0.028198242

2261010333830,0.05038452,0.0031280518,-0.011383057

2261010333830,0.05038452,0.0031280518,-0.011383057

2261210285002,0.019882202,0.023635864,0.009124756

2261210285002,0.019882202,0.023635864,0.009124756

2261410724455,0.035751343,0.08357239,-0.088134766

2261410724455,0.035751343,0.08357239,-0.088134766

2261611896330,-0.07791138,0.0059051514,0.01676941

2261611896330,-0.07791138,0.0059051514,0.01676941

2261811603361,0.010543823,0.042236328,-0.0074768066

2261811603361,0.010543823,0.042236328,-0.0074768066

2262011066252,-0.046722412,0.021347046,-0.009674072

2262011066252,-0.046722412,0.021347046,-0.009674072

2262211017423,-0.028778076,0.1096344,-0.07867432

2262211017423,-0.028778076,0.1096344,-0.07867432

2262410968595,0.06512451,0.023162842,0.004211426

2262410968595,0.06512451,0.023162842,0.004211426

2262611163908,-0.06968689,-0.012191772,-0.035202026

2262611163908,-0.06968689,-0.012191772,-0.035202026

2262810870939,-0.027816772,0.081970215,-0.05368042

2262810870939,-0.027816772,0.081970215,-0.05368042

2263011066252,0.038528442,-0.020370483,-0.016616821

2263011066252,0.038528442,-0.020370483,-0.016616821

2263211261564,-0.62280273,0.32966614,-0.3131256

2263211261564,-0.62280273,0.32966614,-0.3131256

2263410968595,0.05128479,0.02935791,-0.049468994

2263410968595,0.05128479,0.02935791,-0.049468994

2263611163908,-0.037322998,-0.1614685,0.31103516

2263611163908,-0.037322998,-0.1614685,0.31103516

2263811115080,0.2580719,-0.37513733,0.072250366

2263811115080,0.2580719,-0.37513733,0.072250366

2264011066252,0.068115234,-0.030349731,-0.015014648

2264011066252,0.068115234,-0.030349731,-0.015014648

2264211017423,0.11462402,-0.013580322,5.79834E-4

2264211017423,0.11462402,-0.013580322,5.79834E-4

2264411212736,-0.062423706,0.013702393,0.006088257

2264411212736,-0.062423706,0.013702393,0.006088257

2264611163908,0.023254395,-0.0026397705,0.01222229

2264611163908,0.023254395,-0.0026397705,0.01222229

2264812091642,0.049316406,0.011352539,-0.036209106

2264812091642,0.049316406,0.011352539,-0.036209106

2265011798673,-0.083999634,0.034973145,-0.027450562

2265011798673,-0.083999634,0.034973145,-0.027450562

2265211749845,-0.11491394,0.058898926,-0.012771606

2265211749845,-0.11491394,0.058898926,-0.012771606

2265412189298,0.054489136,0.05441284,-0.031829834

2265412189298,0.054489136,0.05441284,-0.031829834

2265612628752,-0.0031433105,0.038864136,-0.0051879883

2265612628752,-0.0031433105,0.038864136,-0.0051879883

2265812824064,-0.21488953,0.2868805,-0.053741455

2265812824064,-0.21488953,0.2868805,-0.053741455

2266011798673,-0.2273407,-0.082107544,0.31637573

2266011798673,-0.2273407,-0.082107544,0.31637573

2266211505705,0.107788086,-1.1788483,0.52027893

2266211505705,0.107788086,-1.1788483,0.52027893

2266412677580,0.005203247,-0.21754456,0.16293335

2266412677580,0.005203247,-0.21754456,0.16293335

2266611896330,0.34501648,-0.054016113,-0.0034179688

2266611896330,0.34501648,-0.054016113,-0.0034179688

2266812091642,-0.016860962,-0.0046081543,-0.01020813

2266812091642,-0.016860962,-0.0046081543,-0.01020813

2267012042814,-0.056869507,0.019042969,-0.014480591

2267012042814,-0.056869507,0.019042969,-0.014480591

2267214679533,-0.037475586,0.014404297,0.050354004

2267214679533,-0.037475586,0.014404297,0.050354004

2267412921720,0.032913208,9.918213E-4,-0.0064086914

2267412921720,0.032913208,9.918213E-4,-0.0064086914

2267612140470,-0.017074585,0.034484863,-0.03263855

2267612140470,-0.017074585,0.034484863,-0.03263855

2267812091642,0.04434204,0.022949219,-0.044708252

2267812091642,0.04434204,0.022949219,-0.044708252

2268011798673,-0.026000977,0.012313843,0.008163452

2268011798673,-0.026000977,0.012313843,0.008163452

2268211749845,-0.050567627,0.020492554,-0.018051147

2268211749845,-0.050567627,0.020492554,-0.018051147

2268411701017,0.074523926,0.072402954,-0.05192566

2268411701017,0.074523926,0.072402954,-0.05192566

2268613117033,-0.01953125,-0.01133728,0.017303467

2268613117033,-0.01953125,-0.01133728,0.017303467

2268812335783,-0.1386261,0.019958496,0.009933472

2268812335783,-0.1386261,0.019958496,0.009933472

2269012298056,-0.42274475,0.2542572,-0.17636108

2269012298056,-0.42274475,0.2542572,-0.17636108

2269212493368,0.3012848,0.9006195,-0.36888123

2269212493368,0.3012848,0.9006195,-0.36888123

2269412444540,-0.057022095,-0.30651855,0.122024536

2269412444540,-0.057022095,-0.30651855,0.122024536

2269612639853,0.11180115,-0.69403076,0.27113342

2269612639853,0.11180115,-0.69403076,0.27113342

2269812591024,0.0022125244,-0.15388489,0.071502686

2269812591024,0.0022125244,-0.15388489,0.071502686

2270012786337,0.2627716,-0.03590393,-0.02420044

2270012786337,0.2627716,-0.03590393,-0.02420044

2270212737509,-0.0062408447,0.018081665,0.019012451

2270212737509,-0.0062408447,0.018081665,0.019012451

2270412688681,-0.020599365,-7.6293945E-5,-0.01020813

2270412688681,-0.020599365,-7.6293945E-5,-0.01020813

2270612639853,0.003921509,0.017440796,0.015533447

2270612639853,0.003921509,0.017440796,0.015533447

2270815520712,0.049850464,-0.0048217773,-0.030975342

2270815520712,0.049850464,-0.0048217773,-0.030975342

2271013762899,0.0030670166,-0.011123657,0.0043792725

2271013762899,0.0030670166,-0.011123657,0.0043792725

2271212981649,-0.06968689,0.0688324,-0.038619995

2271212981649,-0.06968689,0.0688324,-0.038619995

2271415618368,0.13156128,0.0076141357,0.0047454834

2271415618368,0.13156128,0.0076141357,0.0047454834

2271613860556,-0.06402588,0.04789734,-0.016830444

2271613860556,-0.06402588,0.04789734,-0.016830444

2271813079306,0.00819397,0.08874512,-0.026168823

2271813079306,0.00819397,0.08874512,-0.026168823

2272013030478,0.03137207,0.025512695,-0.039520264

2272013030478,0.03137207,0.025512695,-0.039520264

2272212981649,-0.101989746,0.041534424,-0.0090789795

2272212981649,-0.101989746,0.041534424,-0.0090789795

2272413176962,-0.013763428,0.0110321045,0.01121521

2272413176962,-0.013763428,0.0110321045,0.01121521

2272613372274,0.032226562,0.021347046,-0.030715942

2272613372274,0.032226562,0.021347046,-0.030715942

2272813323446,-0.40571594,0.27011108,-0.21855164

2272813323446,-0.40571594,0.27011108,-0.21855164

2273013274618,0.26779175,-0.0078125,-0.045135498

2273013274618,0.26779175,-0.0078125,-0.045135498

2273213225790,0.12579346,0.018249512,-0.016342163

2273213225790,0.12579346,0.018249512,-0.016342163

2273413421103,-0.066589355,0.032730103,0.012710571

2273413421103,-0.066589355,0.032730103,0.012710571

2273613372274,-0.011627197,-0.01727295,0.02760315

2273613372274,-0.011627197,-0.01727295,0.02760315

2273813567587,0.07649231,0.047088623,-0.051071167

2273813567587,0.07649231,0.047088623,-0.051071167

2274013518759,-0.12223816,0.033416748,-0.020828247

2274013518759,-0.12223816,0.033416748,-0.020828247

2274213469931,-0.08143616,0.08998108,-0.032791138

2274213469931,-0.08143616,0.08998108,-0.032791138

2274413421103,0.123809814,0.013916016,-0.03189087

2274413421103,0.123809814,0.013916016,-0.03189087

2274613616415,-0.02279663,0.059539795,-0.031188965

2274613616415,-0.02279663,0.059539795,-0.031188965

2274816497274,-0.005493164,0.10006714,-0.08653259

2274816497274,-0.005493164,0.10006714,-0.08653259

2275014739462,-0.013763428,0.010559082,0.006881714

2275014739462,-0.013763428,0.010559082,0.006881714

2275213225790,-0.10568237,0.060073853,-0.0064697266

2275213225790,-0.10568237,0.060073853,-0.0064697266

2275413176962,0.016525269,-0.0038604736,-3.8146973E-4

2275413176962,0.016525269,-0.0038604736,-3.8146973E-4

2275613128134,-0.031341553,0.0211792,-0.03578186

2275613128134,-0.031341553,0.0211792,-0.03578186

2275813323446,0.008407593,0.04612732,-0.063568115

2275813323446,0.008407593,0.04612732,-0.063568115

2276013762899,-0.025253296,-0.032546997,-6.4086914E-4

2276013762899,-0.025253296,-0.032546997,-6.4086914E-4

2276213714071,0.029342651,0.046661377,0.008865356

2276213714071,0.029342651,0.046661377,0.008865356

2276414397665,-0.15187073,0.026000977,-0.019821167

2276414397665,-0.15187073,0.026000977,-0.019821167

2276613860556,-0.5741577,0.16490173,-0.14746094

2276613860556,-0.5741577,0.16490173,-0.14746094

2276814055868,0.46325684,0.43711853,-0.30693054

2276814055868,0.46325684,0.43711853,-0.30693054

2277014007040,-0.06556702,-0.34635925,0.40603638

2277014007040,-0.06556702,-0.34635925,0.40603638

2277213958212,0.1932373,-0.5277252,0.09762573

2277213958212,0.1932373,-0.5277252,0.09762573

2277414153524,0.35009766,-0.058761597,0.026275635

2277414153524,0.35009766,-0.058761597,0.026275635

2277614104696,-0.13916016,0.032562256,0.0096588135

2277614104696,-0.13916016,0.032562256,0.0096588135

2277814300009,0.039596558,-0.0077667236,-0.016021729

2277814300009,0.039596558,-0.0077667236,-0.016021729

2278014251181,0.07388306,-0.0053100586,-0.03616333

2278014251181,0.07388306,-0.0053100586,-0.03616333

2278214202353,0.044403076,0.037261963,-0.018539429

2278214202353,0.044403076,0.037261963,-0.018539429

2278414397665,0.03302002,0.025039673,0.0034179688

2278414397665,0.03302002,0.025039673,0.0034179688

2278614592978,-0.013824463,0.0018463135,0.005065918

2278614592978,-0.013824463,0.0018463135,0.005065918

2278814544149,-0.038330078,0.031600952,-0.015975952

2278814544149,-0.038330078,0.031600952,-0.015975952

2279014466956,-0.08378601,0.021240234,0.01638794

2279014466956,-0.08378601,0.021240234,0.01638794

2279214662269,0.062820435,-0.004989624,-0.018112183

2279214662269,0.062820435,-0.004989624,-0.018112183

2279414857581,0.034088135,0.031341553,-0.05848694

2279414857581,0.034088135,0.031341553,-0.05848694

2279614564613,-0.01109314,0.016860962,0.006668091

2279614564613,-0.01109314,0.016860962,0.006668091

2279817201331,0.009048462,0.039138794,-0.0074768066

2279817201331,0.009048462,0.039138794,-0.0074768066

2280015687659,-0.06071472,-0.0032806396,-0.015655518

2280015687659,-0.06071472,-0.0032806396,-0.015655518

2280214662269,0.09561157,0.08143616,-0.061538696

2280214662269,0.09561157,0.08143616,-0.061538696

2280414857581,-0.037857056,0.06541443,-0.0033721924

2280414857581,-0.037857056,0.06541443,-0.0033721924

2280614808753,-0.047683716,0.029571533,-0.0064697266

2280614808753,-0.047683716,0.029571533,-0.0064697266

2280814759925,-0.13339233,0.09307861,-0.09667969

2280814759925,-0.13339233,0.09307861,-0.09667969

2281014955238,0.15863037,0.0155181885,-0.074401855

2281014955238,0.15863037,0.0155181885,-0.074401855

2281214906409,-0.08357239,0.0023345947,0.008117676

2281214906409,-0.08357239,0.0023345947,0.008117676

2281415101722,-0.013549805,0.080947876,-0.029907227

2281415101722,-0.013549805,0.080947876,-0.029907227

2281615052894,0.04914856,-0.03617859,-0.009140015

2281615052894,0.04914856,-0.03617859,-0.009140015

2281815004066,-0.090408325,0.06808472,7.9345703E-4

2281815004066,-0.090408325,0.06808472,7.9345703E-4

2282015199378,0.09101868,0.029037476,-0.07713318

2282015199378,0.09101868,0.029037476,-0.07713318

2282215150550,-0.012908936,0.028457642,-0.02142334

2282215150550,-0.012908936,0.028457642,-0.02142334

2282415101722,-0.2527008,-0.003921509,0.017562866

2282415101722,-0.2527008,-0.003921509,0.017562866

2282614808753,0.045898438,-0.019515991,0.002822876

2282614808753,0.045898438,-0.019515991,0.002822876

2282814759925,0.20199585,0.013442993,-0.031295776

2282814759925,0.20199585,0.013442993,-0.031295776

2283014711097,-0.788208,0.26733398,-0.100357056

2283014711097,-0.788208,0.26733398,-0.100357056

2283214906409,0.07510376,-0.41973877,0.86265564

2283214906409,0.07510376,-0.41973877,0.86265564

2283415345863,0.13572693,-1.1844025,0.28341675

2283415345863,0.13572693,-1.1844025,0.28341675

2283615541175,0.09625244,-0.16221619,0.13842773

2283615541175,0.09625244,-0.16221619,0.13842773

2283816224769,0.059143066,-0.013793945,-0.01399231

2283816224769,0.059143066,-0.013793945,-0.01399231

2284015687659,0.053207397,0.008361816,-0.036315918

2284015687659,0.053207397,0.008361816,-0.036315918

2284215394691,0.04034424,-0.009841919,-0.040374756

2284215394691,0.04034424,-0.009841919,-0.040374756

2284415345863,-0.10643005,0.008148193,0.012069702

2284415345863,-0.10643005,0.008148193,0.012069702

2284615541175,0.084991455,0.009857178,-0.013031006

2284615541175,0.084991455,0.009857178,-0.013031006

2284815248206,0.12408447,0.06455994,0.0066223145

2284815248206,0.12408447,0.06455994,0.0066223145

2285015443519,-0.019485474,0.02583313,-0.013137817

2285015443519,-0.019485474,0.02583313,-0.013137817

2285215638831,0.016677856,0.024505615,-0.018051147

2285215638831,0.016677856,0.024505615,-0.018051147

2285415590003,-0.4817047,0.23118591,-0.17774963

2285415590003,-0.4817047,0.23118591,-0.17774963

2285615541175,0.38235474,-0.005355835,-0.09768677

2285615541175,0.38235474,-0.005355835,-0.09768677

2285815736488,-0.028396606,0.004837036,0.022003174

2285815736488,-0.028396606,0.004837036,0.022003174

2286015687659,-0.1254425,0.053985596,-0.036102295

2286015687659,-0.1254425,0.053985596,-0.036102295

2286215638831,0.050704956,-0.007659912,0.014312744

2286215638831,0.050704956,-0.007659912,0.014312744

2286415834144,-0.097351074,-0.0024261475,-0.02772522

2286415834144,-0.097351074,-0.0024261475,-0.02772522

2286615785316,0.073394775,0.017333984,0.00944519

2286615785316,0.073394775,0.017333984,0.00944519

2286815736488,0.035964966,0.024291992,-0.029327393

2286815736488,0.035964966,0.024291992,-0.029327393

2287015931800,0.03237915,0.045333862,-0.048980713

2287015931800,0.03237915,0.045333862,-0.048980713

2287218568519,-0.3183899,0.14338684,-0.050582886

2287218568519,-0.3183899,0.14338684,-0.050582886

2287416810706,0.3276062,0.0054779053,0.014312744

2287416810706,0.3276062,0.0054779053,0.014312744

2287615785316,-0.039138794,-0.031845093,0.0070495605

2287615785316,-0.039138794,-0.031845093,0.0070495605

2287815980628,-0.07827759,0.11203003,-0.032684326

2287815980628,-0.07827759,0.11203003,-0.032684326

2288015687659,0.016311646,0.08244324,-0.10580444

2288015687659,0.016311646,0.08244324,-0.10580444

2288215638831,0.052520752,0.0010986328,-0.0038452148

2288215638831,0.052520752,0.0010986328,-0.0038452148

2288415834144,0.008453369,0.01109314,-0.010848999

2288415834144,0.008453369,0.01109314,-0.010848999

2288615785316,-0.10845947,0.026260376,0.010681152

2288615785316,-0.10845947,0.026260376,0.010681152

2288816224769,6.1035156E-5,-0.06427002,0.027770996

2288816224769,6.1035156E-5,-0.06427002,0.027770996

2289015687659,-7.9345703E-4,0.03337097,-0.038345337

2289015687659,-7.9345703E-4,0.03337097,-0.038345337

2289215882972,-0.055847168,0.14097595,-0.09437561

2289215882972,-0.055847168,0.14097595,-0.09437561

2289415854100,0.060684204,0.010177612,0.0072631836

2289415854100,0.060684204,0.010177612,0.0072631836

2289616049412,-0.07192993,0.09173584,-0.01725769

2289616049412,-0.07192993,0.09173584,-0.01725769

2289815512303,0.93029785,-0.021911621,0.3006134

2289815512303,0.93029785,-0.021911621,0.3006134

2290015219334,2.8878326,-0.27009583,0.9641876

2290015219334,2.8878326,-0.27009583,0.9641876

2290215414647,0.5662842,-0.1302185,0.54222107

2290215414647,0.5662842,-0.1302185,0.54222107

2290415609959,-0.017715454,-0.05278015,0.080581665

2290415609959,-0.017715454,-0.05278015,0.080581665

2290616049412,-0.097717285,-0.021331787,0.028137207

2290616049412,-0.097717285,-0.021331787,0.028137207

2290815756444,-0.18861389,-0.05683899,-0.020889282

2290815756444,-0.18861389,-0.05683899,-0.020889282

2291025992039,0.056045532,-0.043167114,0.026641846

2291025992039,0.056045532,-0.043167114,0.026641846

2291226187352,0.061172485,0.015686035,0.032043457

2291226187352,0.061172485,0.015686035,0.032043457

2291426321629,0.024856567,-0.0018310547,0.016601562

2291426321629,0.024856567,-0.0018310547,0.016601562

2291626242283,0.015716553,-0.033615112,0.018051147

2291626242283,0.015716553,-0.033615112,0.018051147

2291826285008,-0.027328491,-0.058441162,0.0038909912

2291826285008,-0.027328491,-0.058441162,0.0038909912

2292026297215,-0.008483887,-0.016311646,0.0038452148

2292026297215,-0.008483887,-0.016311646,0.0038452148

2292226278905,-0.018356323,-0.012466431,0.009979248

2292226278905,-0.018356323,-0.012466431,0.009979248

2292426260594,-0.07086182,-0.021011353,0.016555786

2292426260594,-0.07086182,-0.021011353,0.016555786

