18432029883513,-0.1738739,0.02482605,0.31204224

18432029883513,-0.1738739,0.02482605,0.31204224

18432230780730,-2.5419464,-0.76441956,-0.3341217

18432230780730,-2.5419464,-0.76441956,-0.3341217

18432431281218,-1.8462219,-1.2236481,-3.9985504

18432431281218,-1.8462219,-1.2236481,-3.9985504

18432631812224,-1.2769165,0.42259216,-3.4390259

18432631812224,-1.2769165,0.42259216,-3.4390259

18432832221160,-0.70777893,-2.2776642,2.5593567

18432832221160,-0.70777893,-2.2776642,2.5593567

18433032416472,-1.8523712,-3.729187,2.0490112

18433032416472,-1.8523712,-3.729187,2.0490112

18433253363738,0.19836426,-0.84628296,0.50697327

18433253363738,0.19836426,-0.84628296,0.50697327

18433453864226,0.078308105,-0.109069824,0.11828613

18433453864226,0.078308105,-0.109069824,0.11828613

18433654334197,0.12113953,0.5902252,-0.26687622

18433654334197,0.12113953,0.5902252,-0.26687622

18433854865203,1.131958,3.687439,-2.0604095

18433854865203,1.131958,3.687439,-2.0604095

18434055396209,1.8895111,3.2882843,-2.804184

18434055396209,1.8895111,3.2882843,-2.804184

18434255927215,1.5696716,0.06285095,1.8117371

18434255927215,1.5696716,0.06285095,1.8117371

18434456397185,1.8387756,1.5158539,4.5810394

18434456397185,1.8387756,1.5158539,4.5810394

18434656867156,1.298584,1.9099426,2.5540771

18434656867156,1.298584,1.9099426,2.5540771

18434857367644,0.36943054,0.4454956,0.53790283

18434857367644,0.36943054,0.4454956,0.53790283

18435057868132,-0.024932861,-0.0662384,-0.19398499

18435057868132,-0.024932861,-0.0662384,-0.19398499

18435258368621,0.6491699,-3.056961,-1.4845886

18435258368621,0.6491699,-3.056961,-1.4845886

18435458838591,0.58262634,-4.546829,-1.8630219

18435458838591,0.58262634,-4.546829,-1.8630219

18435659369597,-0.15518188,0.2155304,0.37228394

18435659369597,-0.15518188,0.2155304,0.37228394

18435859656463,0.06640625,4.395279,1.9371796

18435859656463,0.06640625,4.395279,1.9371796

18436060396847,-0.16859436,2.6037903,1.060791

18436060396847,-0.16859436,2.6037903,1.060791

18436260927853,0.13459778,0.3338318,0.23039246

18436260927853,0.13459778,0.3338318,0.23039246

18436461397823,-0.12452698,-0.04135132,0.011047363

18436461397823,-0.12452698,-0.04135132,0.011047363

18436661684689,-0.070114136,0.10092163,-0.03413391

18436661684689,-0.070114136,0.10092163,-0.03413391

18436862490353,0.29370117,-2.7615814,-1.056427

18436862490353,0.29370117,-2.7615814,-1.056427

18437062868771,0.12808228,-5.9680634,-2.130951

18437062868771,0.12808228,-5.9680634,-2.130951

18437263430294,-0.37190247,1.7292633,1.049469

18437263430294,-0.37190247,1.7292633,1.049469

18437463839230,-0.12324524,4.8471527,1.9681091

18437463839230,-0.12324524,4.8471527,1.9681091

18437664309200,-0.24453735,1.7845459,0.6542206

18437664309200,-0.24453735,1.7845459,0.6542206

18437864565548,0.47991943,-0.006378174,0.028945923

18437864565548,0.47991943,-0.006378174,0.028945923

18438065096554,-0.20281982,-0.02607727,-0.0034179688

18438065096554,-0.20281982,-0.02607727,-0.0034179688

18438265566525,-0.23294067,-0.039382935,-0.042633057

18438265566525,-0.23294067,-0.039382935,-0.042633057

18438466036495,0.043655396,-2.5069885,-1.4211426

18438466036495,0.043655396,-2.5069885,-1.4211426

18438666628536,0.39308167,-5.532318,-2.823944

18438666628536,0.39308167,-5.532318,-2.823944

18438866549191,-0.30969238,2.393158,1.539154

18438866549191,-0.30969238,2.393158,1.539154

18439066988644,-0.19096375,4.6296844,2.3418427

18439066988644,-0.19096375,4.6296844,2.3418427

18439267489132,-0.050247192,0.5610657,0.3244934

18439267489132,-0.050247192,0.5610657,0.3244934

18439467989620,-0.029312134,0.24923706,-0.01751709

18439467989620,-0.029312134,0.24923706,-0.01751709

18439668581661,-0.16688538,-0.01902771,-0.0041656494

18439668581661,-0.16688538,-0.01902771,-0.0041656494

18439869051632,-0.11117554,-0.27650452,-0.26031494

18439869051632,-0.11117554,-0.27650452,-0.26031494

18440069552120,0.7426758,-4.4184875,-2.23349

18440069552120,0.7426758,-4.4184875,-2.23349

18440270022091,-0.14909363,-3.4104614,-1.5461578

18440270022091,-0.14909363,-3.4104614,-1.5461578

18440470461544,-0.082611084,3.8316345,2.1751556

18440470461544,-0.082611084,3.8316345,2.1751556

18440670900997,-0.015686035,3.3483124,1.7502136

18440670900997,-0.015686035,3.3483124,1.7502136

18440871798214,-0.3071289,0.93244934,0.49671936

18440871798214,-0.3071289,0.93244934,0.49671936

18441072451290,0.09802246,-0.061920166,-0.18309021

18441072451290,0.09802246,-0.061920166,-0.18309021

18441272951779,-0.17222595,0.0021209717,0.07626343

18441272951779,-0.17222595,0.0021209717,0.07626343

18441473177609,0.004714966,-0.5992279,-0.47740173

18441473177609,0.004714966,-0.5992279,-0.47740173

18441673647579,0.56884766,-4.821869,-2.7104034

18441673647579,0.56884766,-4.821869,-2.7104034

18441874087032,0.12451172,-1.7779541,-0.82624817

18441874087032,0.12451172,-1.7779541,-0.82624817

18442074526486,-0.19433594,4.2191467,2.4697418

18442074526486,-0.19433594,4.2191467,2.4697418

18442274996456,-0.13964844,2.3236694,1.2359161

18442274996456,-0.13964844,2.3236694,1.2359161

18442475680050,0.16520691,0.7216034,0.005874634

18442475680050,0.16520691,0.7216034,0.005874634

18442675905880,-0.13366699,-0.035003662,0.016601562

18442675905880,-0.13366699,-0.035003662,0.016601562

18442876589474,-0.1856842,-0.012619019,0.028564453

18442876589474,-0.1856842,-0.012619019,0.028564453

18443076998409,0.04914856,-2.5295868,-1.8788757

18443076998409,0.04914856,-2.5295868,-1.8788757

18443277437863,0.63105774,-4.8123016,-3.057495

18443277437863,0.63105774,-4.8123016,-3.057495

18443477877316,-0.06990051,2.6956482,2.029419

18443477877316,-0.06990051,2.6956482,2.029419

18443678286251,-0.4621582,3.6300812,2.4700165

18443678286251,-0.4621582,3.6300812,2.4700165

18443878695187,-0.076034546,0.8503723,0.63012695

18443878695187,-0.076034546,0.8503723,0.63012695

18444079104122,-0.14627075,0.10044861,0.03492737

18444079104122,-0.14627075,0.10044861,0.03492737

18444279543575,-0.10707092,0.030532837,0.02482605

18444279543575,-0.10707092,0.030532837,0.02482605

18444480013546,-0.1497345,-1.0600739,-0.84051514

18444480013546,-0.1497345,-1.0600739,-0.84051514

18444680361446,0.90086365,-4.9116974,-3.1825714

18444680361446,0.90086365,-4.9116974,-3.1825714

18444880800900,-0.30300903,-0.040283203,-0.010040283

18444880800900,-0.30300903,-0.040283203,-0.010040283

18445081148800,-0.0051116943,3.4798584,2.345047

18445081148800,-0.0051116943,3.4798584,2.345047

18445281588253,-0.04576111,1.8439789,1.1312866

18445281588253,-0.04576111,1.8439789,1.1312866

18445481997189,-0.0987854,0.26055908,0.13960266

18445481997189,-0.0987854,0.26055908,0.13960266

18445682436642,0.04508972,0.16261292,-0.07141113

18445682436642,0.04508972,0.16261292,-0.07141113

18445882632034,0.23057556,-0.26234436,-0.19146729

18445882632034,0.23057556,-0.26234436,-0.19146729

18446083315628,0.2448883,-5.5762787,-2.5433502

18446083315628,0.2448883,-5.5762787,-2.5433502

18446283724564,-0.45004272,-0.8659363,-0.55148315

18446283724564,-0.45004272,-0.8659363,-0.55148315

18446484133499,0.26704407,3.977066,2.3533783

18446484133499,0.26704407,3.977066,2.3533783

18446684359329,-0.21943665,2.1820374,1.4620361

18446684359329,-0.21943665,2.1820374,1.4620361

18446885073441,-0.0023345947,0.42466736,0.20635986

18446885073441,-0.0023345947,0.42466736,0.20635986

18447085512894,-0.21665955,-0.07852173,-0.0054016113

18447085512894,-0.21665955,-0.07852173,-0.0054016113

18447286043900,-0.13723755,-1.0132904,-0.59420776

18447286043900,-0.13723755,-1.0132904,-0.59420776

18447486391800,0.3244629,-4.182602,-2.8904877

18447486391800,0.3244629,-4.182602,-2.8904877

18447686861771,-0.10397339,-0.89889526,-0.6286011

18447686861771,-0.10397339,-0.89889526,-0.6286011

18447887240189,0.04081726,4.4047394,2.4658966

18447887240189,0.04081726,4.4047394,2.4658966

18448087679642,0.3605652,1.476181,0.9660034

18448087679642,0.3605652,1.476181,0.9660034

18448288088577,-0.13761902,0.30995178,0.09890747

18448288088577,-0.13761902,0.30995178,0.09890747

18448488528030,-0.117752075,0.054092407,-0.03189087

18448488528030,-0.117752075,0.054092407,-0.03189087

18448688936966,-0.9316559,-0.4713745,-0.3955841

18448688936966,-0.9316559,-0.4713745,-0.3955841

18448889376419,0.20675659,-4.2977905,-3.6292572

18448889376419,0.20675659,-4.2977905,-3.6292572

18449089541214,0.18629456,-1.1374054,-1.0132294

18449089541214,0.18629456,-1.1374054,-1.0132294

18449289461868,0.2766571,3.622284,2.7697296

18449289461868,0.2766571,3.622284,2.7697296

18449489870804,-0.06071472,2.1944275,1.3450165

18449489870804,-0.06071472,2.1944275,1.3450165

18449690310257,0.72473145,0.7455292,0.11540222

18449690310257,0.72473145,0.7455292,0.11540222

18449890841263,-0.19454956,0.028289795,0.15791321

18449890841263,-0.19454956,0.028289795,0.15791321

18450091219681,-0.5648041,-2.1741638,-1.0895996

18450091219681,-0.5648041,-2.1741638,-1.0895996

18450291659134,0.27815247,-5.252426,-3.293167

18450291659134,0.27815247,-5.252426,-3.293167

18450492068069,0.010437012,2.4272308,1.6044617

18450492068069,0.010437012,2.4272308,1.6044617

18450692477005,-0.010940552,3.8495789,2.2170258

18450692477005,-0.010940552,3.8495789,2.2170258

18450892885941,-0.3136902,0.621048,0.5529022

18450892885941,-0.3136902,0.621048,0.5529022

18451093294876,-0.10664368,0.1960907,0.03262329

18451093294876,-0.10664368,0.1960907,0.03262329

18451294375198,-0.038009644,0.03982544,-0.03919983

18451294375198,-0.038009644,0.03982544,-0.03919983

18451494723099,-0.32106018,-0.3655243,-0.25732422

18451494723099,-0.32106018,-0.3655243,-0.25732422

18451694979446,0.30186462,-3.3888855,-2.7449036

18451694979446,0.30186462,-3.3888855,-2.7449036

18451895663040,0.2893219,-3.2355042,-2.472702

18451895663040,0.2893219,-3.2355042,-2.472702

18452096071976,-0.1967926,2.922989,2.6654816

18452096071976,-0.1967926,2.922989,2.6654816

18452296480911,-0.07785034,3.5323486,2.2614594

18452296480911,-0.07785034,3.5323486,2.2614594

18452496950882,0.085739136,0.31759644,0.22462463

18452496950882,0.085739136,0.31759644,0.22462463

18452697329300,-0.14065552,0.31802368,0.12651062

18452697329300,-0.14065552,0.31802368,0.12651062

18452897738235,-0.78863525,-0.783432,-0.5176697

18452897738235,-0.78863525,-0.783432,-0.5176697

18453098147171,0.97776794,-3.4495544,-3.1007538

18453098147171,0.97776794,-3.4495544,-3.1007538

18453298556107,-0.09825134,-1.596695,-1.428772

18453298556107,-0.09825134,-1.596695,-1.428772

18453498965042,-0.11593628,2.8790894,2.2766266

18453498965042,-0.11593628,2.8790894,2.2766266

18453699343460,0.4384308,3.0008545,1.6982422

18453699343460,0.4384308,3.0008545,1.6982422

18453899721878,0.08226013,0.26156616,0.17015076

18453899721878,0.08226013,0.26156616,0.17015076

18454099917191,0.017166138,0.18562317,0.11433411

18454099917191,0.017166138,0.18562317,0.11433411

18454300509232,0.0798645,-0.0014038086,-0.04727173

18454300509232,0.0798645,-0.0014038086,-0.04727173

18454500918167,-0.06086731,0.09841919,-0.049728394

18454500918167,-0.06086731,0.09841919,-0.049728394

