179057872791,0.0050354004,-0.029129028,-0.028152466

179057872791,0.0050354004,-0.029129028,-0.028152466

179258129139,-0.8576813,0.060821533,-0.10601807

179258129139,-0.8576813,0.060821533,-0.10601807

179458629627,-3.222168,0.38349915,-0.20605469

179458629627,-3.222168,0.38349915,-0.20605469

179658702869,-3.6837006,-0.5117035,-0.11669922

179658702869,-3.6837006,-0.5117035,-0.11669922

179884020938,1.5069122,-0.39239502,-0.03225708

179884020938,1.5069122,-0.39239502,-0.03225708

180084521427,0.6085205,-0.3524475,0.024719238

180084521427,0.6085205,-0.3524475,0.024719238

180284808292,0.16770935,-0.1428833,0.055480957

180284808292,0.16770935,-0.1428833,0.055480957

180485064640,-0.21510315,0.012313843,-0.0045928955

180485064640,-0.21510315,0.012313843,-0.0045928955

180685107364,0.2107544,-0.0011901855,-0.0056610107

180685107364,0.2107544,-0.0011901855,-0.0056610107

180885333194,0.64115906,-0.024963379,-0.06549072

180885333194,0.64115906,-0.024963379,-0.06549072

181085833683,0.024536133,0.004196167,-0.004272461

181085833683,0.024536133,0.004196167,-0.004272461

181286059513,-0.013076782,0.014877319,0.010513306

181286059513,-0.013076782,0.014877319,0.010513306

181486071720,-0.0104522705,-0.0059509277,-0.009613037

181486071720,-0.0104522705,-0.0059509277,-0.009613037

181686328067,-0.27615356,0.013381958,-8.087158E-4

181686328067,-0.27615356,0.013381958,-8.087158E-4

181886553897,0.28199768,-0.011932373,-0.028839111

181886553897,0.28199768,-0.011932373,-0.028839111

182086779727,0.08898926,-0.0056762695,-0.006149292

182086779727,0.08898926,-0.0056762695,-0.006149292

182287036075,-0.14338684,6.713867E-4,-4.272461E-4

182287036075,-0.14338684,6.713867E-4,-4.272461E-4

182487261905,0.12936401,0.014877319,-0.010787964

182487261905,0.12936401,0.014877319,-0.010787964

182687518253,-0.022628784,-0.0020446777,-0.0033111572

182687518253,-0.022628784,-0.0020446777,-0.0033111572

182887866153,-0.09611511,-0.0066986084,0.005126953

182887866153,-0.09611511,-0.0066986084,0.005126953

183088061466,-0.006286621,0.02407837,0.012924194

183088061466,-0.006286621,0.02407837,0.012924194

183288317813,0.0099487305,0.03614807,-0.014480591

183288317813,0.0099487305,0.03614807,-0.014480591

183488543644,0.055664062,5.187988E-4,-0.0066223145

183488543644,0.055664062,5.187988E-4,-0.0066223145

183688738956,0.010864258,0.001373291,-0.008285522

183688738956,0.010864258,0.001373291,-0.008285522

183888964786,-0.010025024,0.010284424,-0.0062561035

183888964786,-0.010025024,0.010284424,-0.0062561035

184089160099,0.07991028,-0.016311646,-0.022109985

184089160099,0.07991028,-0.016311646,-0.022109985

184289538517,-0.11860657,-0.01838684,-9.1552734E-4

184289538517,-0.11860657,-0.01838684,-9.1552734E-4

184489092960,-0.011520386,-0.0078125,-0.014907837

184489092960,-0.011520386,-0.0078125,-0.014907837

184689288272,-0.026046753,0.1108551,0.013290405

184689288272,-0.026046753,0.1108551,0.013290405

184889483585,0.015136719,-0.019241333,-0.018432617

184889483585,0.015136719,-0.019241333,-0.018432617

185089831485,0.15431213,-0.019195557,-0.027236938

185089831485,0.15431213,-0.019195557,-0.027236938

185290026798,-0.1680603,0.02128601,0.008270264

185290026798,-0.1680603,0.02128601,0.008270264

185490222110,0.19906616,0.033309937,-0.035888672

185490222110,0.19906616,0.033309937,-0.035888672

185690447940,-0.27416992,-0.010864258,-0.0031585693

185690447940,-0.27416992,-0.010864258,-0.0031585693

185890643253,0.010757446,-0.023361206,-0.012069702

185890643253,0.010757446,-0.023361206,-0.012069702

186091265811,0.10934448,0.03555298,-0.012817383

186091265811,0.10934448,0.03555298,-0.012817383

186291552677,-0.10707092,-0.013641357,-0.0011291504

186291552677,-0.10707092,-0.013641357,-0.0011291504

186491686954,-0.019210815,-0.011505127,-0.009292603

186491686954,-0.019210815,-0.011505127,-0.009292603

186691851749,0.12263489,-0.0040283203,-0.012283325

186691851749,0.12263489,-0.0040283203,-0.012283325

186892047061,-0.061462402,0.027435303,-3.2043457E-4

186892047061,-0.061462402,0.027435303,-3.2043457E-4

187092181339,-5.187988E-4,-0.01272583,-0.010681152

187092181339,-5.187988E-4,-0.01272583,-0.010681152

187292346134,-0.07417297,-0.0095825195,0.0016021729

187292346134,-0.07417297,-0.0095825195,0.0016021729

187492510929,0.12210083,0.004623413,-0.015548706

187492510929,0.12210083,0.004623413,-0.015548706

187692675724,-0.48945618,0.13975525,7.9345703E-4

187692675724,-0.48945618,0.13975525,7.9345703E-4

187892810001,-0.51919556,0.33932495,0.15203857

187892810001,-0.51919556,0.33932495,0.15203857

188092974796,0.079330444,0.16329956,-0.046310425

188092974796,0.079330444,0.16329956,-0.046310425

188293139591,0.041671753,-0.40792847,-0.12834167

188293139591,0.041671753,-0.40792847,-0.12834167

188493273868,0.38581848,-0.20333862,-0.06510925

188493273868,0.38581848,-0.20333862,-0.06510925

188693499698,0.2654419,-0.016952515,-0.01826477

188693499698,0.2654419,-0.016952515,-0.01826477

188893695011,-0.03465271,-0.019943237,-0.011062622

188893695011,-0.03465271,-0.019943237,-0.011062622

189093829288,0.09396362,0.0126953125,-0.02381897

189093829288,0.09396362,0.0126953125,-0.02381897

189293994083,0.049423218,0.021713257,0.004699707

189293994083,0.049423218,0.021713257,0.004699707

189494189395,-0.046401978,0.001739502,0.0049591064

189494189395,-0.046401978,0.001739502,0.0049591064

189694354190,0.019134521,0.0063934326,-0.017791748

189694354190,0.019134521,0.0063934326,-0.017791748

189894486823,-0.014190674,0.014556885,0.009292603

189894486823,-0.014190674,0.014556885,0.009292603

190094651618,0.0030670166,0.014297485,-0.013458252

190094651618,0.0030670166,0.014297485,-0.013458252

190294816413,0.14053345,0.010345459,-0.008651733

190294816413,0.14053345,0.010345459,-0.008651733

190494950690,-0.12437439,-0.0095825195,-0.0034179688

190494950690,-0.12437439,-0.0095825195,-0.0034179688

190695115485,0.123703,0.009216309,-0.0049743652

190695115485,0.123703,0.009216309,-0.0049743652

190895341315,-0.4200287,0.056488037,0.0067749023

190895341315,-0.4200287,0.056488037,0.0067749023

191095506110,-0.84155273,0.5221405,-0.0859375

191095506110,-0.84155273,0.5221405,-0.0859375

191295609870,0.3125,-0.08300781,-0.018112183

191295609870,0.3125,-0.08300781,-0.018112183

191495744147,0.28216553,-0.28163147,-0.052246094

191495744147,0.28216553,-0.28163147,-0.052246094

191695908942,0.28900146,-0.06121826,-0.05897522

191695908942,0.28900146,-0.06121826,-0.05897522

191896073737,0.18565369,-0.018234253,0.0043182373

191896073737,0.18565369,-0.018234253,0.0043182373

192096208014,-4.119873E-4,3.5095215E-4,-7.4768066E-4

192096208014,-4.119873E-4,3.5095215E-4,-7.4768066E-4

192296372809,-0.021453857,0.0024414062,-0.013244629

192296372809,-0.021453857,0.0024414062,-0.013244629

192496629157,-0.027175903,0.011734009,-0.011642456

192496629157,-0.027175903,0.011734009,-0.011642456

192696092047,0.020202637,0.028244019,-0.008758545

192696092047,0.020202637,0.028244019,-0.008758545

192896226325,-0.0073547363,-0.0034332275,-0.0036315918

192896226325,-0.0073547363,-0.0034332275,-0.0036315918

193096513190,-0.005279541,-0.0037078857,-0.0037994385

193096513190,-0.005279541,-0.0037078857,-0.0037994385

193296647467,0.009414673,0.02407837,0.0010681152

193296647467,0.009414673,0.02407837,0.0010681152

193496781745,-0.0051116943,0.0029754639,-0.002029419

193496781745,-0.0051116943,0.0029754639,-0.002029419

193696946540,0.18240356,0.028671265,-0.029220581

193696946540,0.18240356,0.028671265,-0.029220581

193897050299,-0.105407715,-0.018554688,-0.012390137

193897050299,-0.105407715,-0.018554688,-0.012390137

194097825446,-0.60523987,0.27438354,-0.04246521

194097825446,-0.60523987,0.27438354,-0.04246521

194297990241,-0.5546112,-0.12979126,0.31610107

194297990241,-0.5546112,-0.12979126,0.31610107

194498094000,0.07424927,-0.3393097,0.15802002

194498094000,0.07424927,-0.3393097,0.15802002

194698258795,0.24717712,-0.2689209,-0.10185242

194698258795,0.24717712,-0.2689209,-0.10185242

194898148932,0.16809082,-0.086639404,0.0049591064

194898148932,0.16809082,-0.086639404,0.0049591064

195098527350,0.052459717,-0.008300781,-0.0074310303

195098527350,0.052459717,-0.008300781,-0.0074310303

195298661627,0.2394867,-0.008560181,-0.022064209

195298661627,0.2394867,-0.008560181,-0.022064209

195498765387,-0.08041382,-0.04135132,0.016494751

195498765387,-0.08041382,-0.04135132,0.016494751

195698899665,0.01876831,9.1552734E-5,-0.023498535

195698899665,0.01876831,9.1552734E-5,-0.023498535

195899064459,-0.16069031,0.039886475,0.009719849

195899064459,-0.16069031,0.039886475,0.009719849

196099198737,0.22357178,0.005264282,-0.022323608

196099198737,0.22357178,0.005264282,-0.022323608

196299333014,-0.0038909912,0.015090942,0.007797241

196299333014,-0.0038909912,0.015090942,0.007797241

196499467291,-0.008529663,-0.009048462,-0.012557983

196499467291,-0.008529663,-0.009048462,-0.012557983

196699632086,-0.10519409,-0.013214111,0.011642456

196699632086,-0.10519409,-0.013214111,0.011642456

196899766364,0.036972046,0.023910522,0.0039520264

196899766364,0.036972046,0.023910522,0.0039520264

197099687018,-0.054885864,0.0036621094,-0.018157959

197099687018,-0.054885864,0.0036621094,-0.018157959

197299821295,-0.10888672,-0.00289917,-0.0051879883

197299821295,-0.10888672,-0.00289917,-0.0051879883

197499955573,0.1706543,-0.022720337,-0.019927979

197499955573,0.1706543,-0.022720337,-0.019927979

197700150885,0.06800842,0.031555176,-0.010421753

197700150885,0.06800842,0.031555176,-0.010421753

197900224127,-0.096969604,-0.00819397,-0.0028381348

197900224127,-0.096969604,-0.00819397,-0.0028381348

198100602545,0.033081055,-0.002319336,-0.006576538

198100602545,0.033081055,-0.002319336,-0.006576538

198300523200,1.6784668E-4,0.05114746,-0.004333496

198300523200,1.6784668E-4,0.05114746,-0.004333496

198500626959,0.013000488,0.02128601,-0.009353638

198500626959,0.013000488,0.02128601,-0.009353638

198700761237,0.013641357,0.0082092285,0.0

198700761237,0.013641357,0.0082092285,0.0

198900987067,-0.01852417,0.002380371,-0.001663208

198900987067,-0.01852417,0.002380371,-0.001663208

199101396002,0.039215088,0.025894165,-0.04449463

199101396002,0.039215088,0.025894165,-0.04449463

199301469245,-0.086135864,-0.0017242432,-0.007904053

199301469245,-0.086135864,-0.0017242432,-0.007904053

199501634040,-0.19673157,0.027923584,-0.006729126

199501634040,-0.19673157,0.027923584,-0.006729126

199701798834,0.1625824,0.050933838,-0.036590576

199701798834,0.1625824,0.050933838,-0.036590576

200037011608,-0.009338379,0.025939941,-0.014053345

200037011608,-0.009338379,0.025939941,-0.014053345

200237176403,0.12472534,0.015411377,-0.008758545

200237176403,0.12472534,0.015411377,-0.008758545

200437341198,-0.06578064,0.1782074,-0.08909607

200437341198,-0.06578064,0.1782074,-0.08909607

200637505993,-0.0023345947,0.069732666,-0.03552246

200637505993,-0.0023345947,0.069732666,-0.03552246

200837670788,-0.2255249,-0.023513794,0.00630188

200837670788,-0.2255249,-0.023513794,0.00630188

201037835583,-0.20848083,0.10247803,0.006729126

201037835583,-0.20848083,0.10247803,0.006729126

201237969860,-1.4062653,0.24720764,0.38249207

201237969860,-1.4062653,0.24720764,0.38249207

201438134655,-2.147171,0.19470215,0.64027405

201438134655,-2.147171,0.19470215,0.64027405

201638268932,-0.58088684,0.18081665,0.41111755

201638268932,-0.58088684,0.18081665,0.41111755

201838403210,0.0077667236,0.115722656,0.002609253

201838403210,0.0077667236,0.115722656,0.002609253

202038568005,0.7658081,-0.059829712,-0.43424988

202038568005,0.7658081,-0.059829712,-0.43424988

202238702282,1.3215485,-0.54048157,-0.60061646

202238702282,1.3215485,-0.54048157,-0.60061646

202438867077,-0.056549072,-0.5507965,-0.47644043

202438867077,-0.056549072,-0.5507965,-0.47644043

202639031872,1.2220459,-0.025756836,0.0920105

202639031872,1.2220459,-0.025756836,0.0920105

202839196667,0.5153351,-0.17631531,-0.031723022

202839196667,0.5153351,-0.17631531,-0.031723022

203039361462,0.101486206,0.0043029785,-0.019012451

203039361462,0.101486206,0.0043029785,-0.019012451

203239312634,0.14790344,0.015365601,-0.026916504

203239312634,0.14790344,0.015365601,-0.026916504

203439721569,0.15457153,0.0068206787,-0.0058288574

203439721569,0.15457153,0.0068206787,-0.0058288574

203639611706,-0.16026306,-0.033721924,-0.0010223389

203639611706,-0.16026306,-0.033721924,-0.0010223389

203839990124,0.11451721,0.010238647,-0.0035858154

203839990124,0.11451721,0.010238647,-0.0035858154

204040185436,0.015075684,0.026687622,-0.004486084

204040185436,0.015075684,0.026687622,-0.004486084

204240350231,-0.10647583,-0.008132935,-0.0011291504

204240350231,-0.10647583,-0.008132935,-0.0011291504

204440606579,-0.09970093,0.001159668,0.0053863525

204440606579,-0.09970093,0.001159668,0.0053863525

204640527233,0.122909546,0.0030822754,-7.4768066E-4

204640527233,0.122909546,0.0030822754,-7.4768066E-4

204840692028,-0.030960083,0.0357666,-0.019546509

204840692028,-0.030960083,0.0357666,-0.019546509

205041070446,0.08920288,-0.007598877,4.272461E-4

205041070446,0.08920288,-0.007598877,4.272461E-4

205241296276,0.098602295,0.008575439,-0.0012817383

205241296276,0.098602295,0.008575439,-0.0012817383

205441400036,-0.007461548,0.0155181885,-0.00881958

205441400036,-0.007461548,0.0155181885,-0.00881958

205641564831,-0.11262512,-0.0024719238,-0.0017700195

205641564831,-0.11262512,-0.0024719238,-0.0017700195

205841729626,-0.10824585,-0.010864258,-0.008178711

205841729626,-0.10824585,-0.010864258,-0.008178711

206041192516,-0.06385803,0.014297485,-0.013458252

206041192516,-0.06385803,0.014297485,-0.013458252

206241357311,0.04701233,-0.007598877,-0.015014648

206241357311,0.04701233,-0.007598877,-0.015014648

206441491589,0.16033936,0.009857178,-0.017623901

206441491589,0.16033936,0.009857178,-0.017623901

206641778454,-0.0057525635,-0.025497437,0.0016021729

206641778454,-0.0057525635,-0.025497437,0.0016021729

206841943249,-0.18589783,0.02407837,-0.0045928955

206841943249,-0.18589783,0.02407837,-0.0045928955

207042077526,0.20584106,-0.008300781,-0.012878418

207042077526,0.20584106,-0.008300781,-0.012878418

207242211803,0.026504517,0.005264282,0.0069885254

207242211803,0.026504517,0.005264282,0.0069885254

207442407116,-0.13035583,-0.019348145,0.008224487

207442407116,-0.13035583,-0.019348145,0.008224487

207642938122,0.074523926,0.028457642,0.0035247803

207642938122,0.074523926,0.028457642,0.0035247803

207843316540,0.06880188,0.0039367676,-0.0035858154

207843316540,0.06880188,0.0039367676,-0.0035858154

208043450817,0.14613342,0.023864746,-0.01576233

208043450817,0.14613342,0.023864746,-0.01576233

208243340954,-0.011795044,0.005584717,-0.006942749

208243340954,-0.011795044,0.005584717,-0.006942749

208443719372,-0.035125732,-0.002532959,-0.0033721924

208443719372,-0.035125732,-0.002532959,-0.0033721924

208643609509,-0.11294556,0.07673645,-0.016403198

208643609509,-0.11294556,0.07673645,-0.016403198

208843804821,0.0013427734,0.015945435,-0.01373291

208843804821,0.0013427734,0.015945435,-0.01373291

209044122204,0.10977173,-0.009902954,-0.007965088

209044122204,0.10977173,-0.009902954,-0.007965088

209244286999,0.0066986084,0.11427307,-0.048294067

209244286999,0.0066986084,0.11427307,-0.048294067

209444451794,-0.026855469,0.020065308,0.0029296875

209444451794,-0.026855469,0.020065308,0.0029296875

209644372448,-0.018203735,0.032562256,-0.010848999

209644372448,-0.018203735,0.032562256,-0.010848999

209844781384,-0.08276367,0.06706238,-0.041244507

209844781384,-0.08276367,0.06706238,-0.041244507

210044992554,0.06021118,0.04484558,-0.007858276

210044992554,0.06021118,0.04484558,-0.007858276

210245096314,-0.018463135,-0.011184692,-0.004058838

210245096314,-0.018463135,-0.011184692,-0.004058838

210445261109,-0.06359863,0.019958496,-0.012924194

210445261109,-0.06359863,0.019958496,-0.012924194

210645395386,-0.07310486,0.045654297,-0.0074768066

210645395386,-0.07310486,0.045654297,-0.0074768066

210845560181,0.044128418,-0.013534546,-0.027404785

210845560181,0.044128418,-0.013534546,-0.027404785

211045755493,0.031204224,0.0022735596,0.0023498535

211045755493,0.031204224,0.0022735596,0.0023498535

211245920288,0.025604248,0.026535034,-0.0129852295

211245920288,0.025604248,0.026535034,-0.0129852295

211446085083,-0.22268677,0.043563843,3.6621094E-4

211446085083,-0.22268677,0.043563843,3.6621094E-4

211646249878,-0.9160614,0.057235718,0.015533447

211646249878,-0.9160614,0.057235718,0.015533447

211846231568,0.21775818,0.21029663,0.09666443

211846231568,0.21775818,0.21029663,0.09666443

212046335327,0.6583557,-0.10244751,-0.02078247

212046335327,0.6583557,-0.10244751,-0.02078247

212246469605,0.14143372,-0.33561707,-0.12776184

212246469605,0.14143372,-0.33561707,-0.12776184

212446664917,0.22421265,-0.020904541,-0.036956787

212446664917,0.22421265,-0.020904541,-0.036956787

212660745728,0.06629944,0.0045776367,-0.004058838

212660745728,0.06629944,0.0045776367,-0.004058838

212862100708,0.15281677,3.0517578E-4,-0.0048065186

212862100708,0.15281677,3.0517578E-4,-0.0048065186

213062204468,-0.06278992,0.020111084,0.0028839111

213062204468,-0.06278992,0.020111084,0.0028839111

213262277710,0.019882202,-0.0017242432,-0.0025177002

213262277710,0.019882202,-0.0017242432,-0.0025177002

213462442505,-0.007843018,0.011779785,-0.0027770996

213462442505,-0.007843018,0.011779785,-0.0027770996

213662607300,0.050109863,0.008575439,0.0023498535

213662607300,0.050109863,0.008575439,0.0023498535

213862802613,-0.051849365,0.008468628,-0.018051147

213862802613,-0.051849365,0.008468628,-0.018051147

214062906372,-0.008377075,0.035232544,-0.012451172

214062906372,-0.008377075,0.035232544,-0.012451172

214263040650,0.015396118,0.04559326,-0.025100708

214263040650,0.015396118,0.04559326,-0.025100708

214463205445,0.018920898,0.0025939941,-0.009506226

214463205445,0.018920898,0.0025939941,-0.009506226

214663339722,-0.20683289,0.042022705,0.008117676

214663339722,-0.20683289,0.042022705,0.008117676

214863535035,-0.5457916,0.15492249,0.007949829

214863535035,-0.5457916,0.15492249,0.007949829

215063638794,-0.52742004,-0.14672852,0.20037842

215063638794,-0.52742004,-0.14672852,0.20037842

215263742554,-0.043518066,-0.35569763,0.18269348

215263742554,-0.043518066,-0.35569763,0.18269348

215463876831,0.39788818,-0.21647644,-0.17448425

215463876831,0.39788818,-0.21647644,-0.17448425

215663980591,0.18843079,-0.04081726,-0.04135132

215663980591,0.18843079,-0.04081726,-0.04135132

215864236939,-0.055526733,-0.0053100586,-0.019073486

215864236939,-0.055526733,-0.0053100586,-0.019073486

216064310181,0.27661133,-0.012680054,-0.04005432

216064310181,0.27661133,-0.012680054,-0.04005432

216264536011,-0.21879578,0.012207031,0.0057678223

216264536011,-0.21879578,0.012207031,0.0057678223

216464487183,0.21850586,0.10978699,-0.03578186

216464487183,0.21850586,0.10978699,-0.03578186

216664438355,-0.20576477,-0.017532349,0.020874023

216664438355,-0.20576477,-0.017532349,0.020874023

216864542115,0.022979736,-0.055664062,-0.035736084

216864542115,0.022979736,-0.055664062,-0.035736084

217064645874,0.08300781,0.031982422,-0.015274048

217064645874,0.08300781,0.031982422,-0.015274048

217264749634,0.07762146,-0.006164551,-0.0015563965

217264749634,0.07762146,-0.006164551,-0.0015563965

217464792359,-0.11828613,0.0012664795,-0.008178711

217464792359,-0.11828613,0.0012664795,-0.008178711

217664865601,0.0826416,-0.004989624,-0.0029449463

217664865601,0.0826416,-0.004989624,-0.0029449463

217864969361,0.022659302,-3.3569336E-4,0.0023956299

217864969361,0.022659302,-3.3569336E-4,0.0023956299

218065042603,-0.004852295,-0.0018920898,-0.0038452148

218065042603,-0.004852295,-0.0018920898,-0.0038452148

218265115845,-0.057510376,-0.013000488,8.544922E-4

218265115845,-0.057510376,-0.013000488,8.544922E-4

218465189087,0.028747559,-0.019134521,0.004638672

218465189087,0.028747559,-0.019134521,0.004638672

218665262329,-0.0019073486,0.023162842,-0.023712158

218665262329,-0.0019073486,0.023162842,-0.023712158

218865366089,0.017166138,0.05003357,-0.010467529

218865366089,0.017166138,0.05003357,-0.010467529

219065530884,-0.20085144,4.119873E-4,0.026428223

219065530884,-0.20085144,4.119873E-4,0.026428223

219265787232,0.009735107,-0.05908203,0.011260986

219265787232,0.009735107,-0.05908203,0.011260986

219465463745,0.17140198,-9.3078613E-4,-0.0011749268

219465463745,0.17140198,-9.3078613E-4,-0.0011749268

219665292847,-0.20822144,0.23251343,-0.0717926

219665292847,-0.20822144,0.23251343,-0.0717926

219865376980,0.06864929,-0.008773804,-0.053527832

219865376980,0.06864929,-0.008773804,-0.053527832

220065877468,0.032913208,0.0018005371,-3.8146973E-4

220065877468,0.032913208,0.0018005371,-3.8146973E-4

220266133816,0.052352905,-0.07014465,0.0098724365

220266133816,0.052352905,-0.07014465,0.0098724365

220466329129,-0.01777649,-0.029022217,-0.012069702

220466329129,-0.01777649,-0.029022217,-0.012069702

220666432888,-0.045654297,0.024291992,-0.014587402

220666432888,-0.045654297,0.024291992,-0.014587402

220866506131,0.023468018,0.04714966,-0.023132324

220866506131,0.023468018,0.04714966,-0.023132324

221066670926,0.16627502,0.040359497,-0.013458252

221066670926,0.16627502,0.040359497,-0.013458252

221266774685,-0.025146484,-0.008346558,0.008331299

221266774685,-0.025146484,-0.008346558,0.008331299

221466847927,-0.041168213,0.03956604,-0.013244629

221466847927,-0.041168213,0.03956604,-0.013244629

221666951687,-0.016494751,0.01626587,-0.034820557

221666951687,-0.016494751,0.01626587,-0.034820557

221867055447,-0.006454468,0.023757935,-0.018966675

221867055447,-0.006454468,0.023757935,-0.018966675

222067159207,-0.020126343,-0.004180908,0.010192871

222067159207,-0.020126343,-0.004180908,0.010192871

222267293484,-1.0474854,0.27433777,-0.023925781

222267293484,-1.0474854,0.27433777,-0.023925781

222467366726,-0.14012146,0.14498901,0.0892334

222467366726,-0.14012146,0.14498901,0.0892334

222667439968,0.055404663,0.033477783,0.014572144

222667439968,0.055404663,0.033477783,0.014572144

222867513211,0.23751831,0.06915283,0.047317505

222867513211,0.23751831,0.06915283,0.047317505

223067800076,0.2829132,0.112091064,0.105148315

223067800076,0.2829132,0.112091064,0.105148315

223267812283,0.12220764,-0.17695618,0.122665405

223267812283,0.12220764,-0.17695618,0.122665405

223467824490,0.1783905,-0.31147766,-0.015335083

223467824490,0.1783905,-0.31147766,-0.015335083

223667928250,0.05961609,-0.40083313,-0.06036377

223667928250,0.05961609,-0.40083313,-0.06036377

223868032009,0.14694214,-0.20397949,-0.062179565

223868032009,0.14694214,-0.20397949,-0.062179565

224068135769,0.31175232,-0.04156494,-0.027404785

224068135769,0.31175232,-0.04156494,-0.027404785

224268239529,0.17097473,0.0027618408,-0.03236389

224268239529,0.17097473,0.0027618408,-0.03236389

224468312771,-0.28015137,0.14595032,0.031661987

224468312771,-0.28015137,0.14595032,0.031661987

224668386013,0.2551422,-0.0015106201,-0.05934143

224668386013,0.2551422,-0.0015106201,-0.05934143

224868550808,-0.029891968,-0.0034942627,-0.001449585

224868550808,-0.029891968,-0.0034942627,-0.001449585

225068501980,0.0390625,0.010345459,-0.0037384033

225068501980,0.0390625,0.010345459,-0.0037384033

225268453152,-0.025512695,0.031600952,-0.026016235

225268453152,-0.025512695,0.031600952,-0.026016235

225468465359,-0.013870239,0.015045166,0.0061950684

225468465359,-0.013870239,0.015045166,0.0061950684

225668447049,0.050064087,0.020217896,-0.017364502

225668447049,0.050064087,0.020217896,-0.017364502

225868398220,-0.1689148,0.0034484863,1.0681152E-4

225868398220,-0.1689148,0.0034484863,1.0681152E-4

226068532498,0.033294678,-0.02116394,-0.007537842

226068532498,0.033294678,-0.02116394,-0.007537842

226268636258,-0.12335205,0.034118652,0.016342163

226268636258,-0.12335205,0.034118652,0.016342163

226468617947,-0.5021057,0.43203735,0.015640259

226468617947,-0.5021057,0.43203735,0.015640259

226668569119,-0.0048980713,0.30044556,0.16619873

226668569119,-0.0048980713,0.30044556,0.16619873

226867909939,0.039535522,0.45083618,0.27572632

226867909939,0.039535522,0.45083618,0.27572632

227067525418,0.005844116,0.256073,-0.09593201

227067525418,0.005844116,0.256073,-0.09593201

227267507107,-0.169281,-0.36376953,-0.5000458

227267507107,-0.169281,-0.36376953,-0.5000458

227468007595,-0.16564941,-0.4572296,-0.27947998

227468007595,-0.16564941,-0.4572296,-0.27947998

227668202908,0.15281677,0.024337769,0.067718506

227668202908,0.15281677,0.024337769,0.067718506

227868123562,0.45776367,-0.15745544,0.25527954

227868123562,0.45776367,-0.15745544,0.25527954

228068044217,0.026504517,-0.18843079,0.041870117

228068044217,0.026504517,-0.18843079,0.041870117

228267964871,0.21081543,0.047943115,-0.0821991

228267964871,0.21081543,0.047943115,-0.0821991

228467885525,0.24803162,-0.17727661,0.06942749

228467885525,0.24803162,-0.17727661,0.06942749

228667775662,0.13694763,-0.33380127,0.23498535

228667775662,0.13694763,-0.33380127,0.23498535

228867391140,-0.060012817,-0.13417053,0.11273193

228867391140,-0.060012817,-0.13417053,0.11273193

229067128689,-0.22471619,0.58921814,-0.119003296

229067128689,-0.22471619,0.58921814,-0.119003296

229266988308,-0.34835815,0.5128937,-0.4066925

229266988308,-0.34835815,0.5128937,-0.4066925

229466847927,-0.23251343,-0.024642944,-0.15756226

229466847927,-0.23251343,-0.024642944,-0.15756226

229666677029,0.0034942627,0.007293701,-0.09806824

229666677029,0.0034942627,0.007293701,-0.09806824

229866522765,-0.16351318,0.020004272,-0.037124634

229866522765,-0.16351318,0.020004272,-0.037124634

230066382384,-0.079940796,0.012207031,0.012710571

230066382384,-0.079940796,0.012207031,0.012710571

230266272521,-0.011260986,0.009384155,-0.008712769

230266272521,-0.011260986,0.009384155,-0.008712769

230466101623,0.050964355,0.02935791,0.030380249

230466101623,0.050964355,0.02935791,0.030380249

230665900207,0.32510376,0.06738281,0.109313965

230665900207,0.32510376,0.06738281,0.109313965

230865698791,0.12680054,-0.076171875,0.15470886

230865698791,0.12680054,-0.076171875,0.15470886

231065497375,0.041030884,-0.03526306,-0.043701172

231065497375,0.041030884,-0.03526306,-0.043701172

231265418029,-0.0015411377,-0.115859985,-0.056350708

231265418029,-0.0015411377,-0.115859985,-0.056350708

231465155578,0.22047424,-0.12348938,-0.028900146

231465155578,0.22047424,-0.12348938,-0.028900146

231664862609,0.40478516,-0.01902771,-0.02558899

231664862609,0.40478516,-0.01902771,-0.02558899

231864630675,0.14154053,-0.015716553,-0.043380737

231864630675,0.14154053,-0.015716553,-0.043380737

232064429259,0.16371155,-0.010864258,-0.009246826

232064429259,0.16371155,-0.010864258,-0.009246826

232264227843,0.0101623535,-0.0024261475,-0.005874634

232264227843,0.0101623535,-0.0024261475,-0.005874634

232463995910,0.033187866,0.0071411133,-0.012771606

232463995910,0.033187866,0.0071411133,-0.012771606

232663794494,-0.01322937,-0.011291504,-0.019546509

232663794494,-0.01322937,-0.011291504,-0.019546509

232863593078,-0.19320679,0.0025482178,0.0037384033

232863593078,-0.19320679,0.0025482178,0.0037384033

233063361144,0.017807007,-0.005783081,-0.00491333

233063361144,0.017807007,-0.005783081,-0.00491333

233262793517,0.15115356,-0.008880615,-0.010681152

233262793517,0.15115356,-0.008880615,-0.010681152

233462347960,0.024368286,-0.0010375977,-0.0054016113

233462347960,0.024368286,-0.0010375977,-0.0054016113

233662360168,-0.021453857,0.016967773,-0.0076446533

233662360168,-0.021453857,0.016967773,-0.0076446533

233862647033,0.03526306,-0.0025787354,-0.00491333

233862647033,0.03526306,-0.0025787354,-0.00491333

234062598205,-0.016647339,-0.00642395,-0.011810303

234062598205,-0.016647339,-0.00642395,-0.011810303

234262366271,-0.21510315,-0.005996704,-0.005554199

234262366271,-0.21510315,-0.005996704,-0.005554199

234462134337,0.01828003,-0.0017242432,7.9345703E-4

234462134337,0.01828003,-0.0017242432,7.9345703E-4

234661871886,0.17604065,0.0065460205,0.0011138916

234661871886,0.17604065,0.0065460205,0.0011138916

234861487365,-0.06071472,-0.005569458,-0.014160156

234861487365,-0.06071472,-0.005569458,-0.014160156

235061285949,-0.08041382,0.027435303,0.010299683

235061285949,-0.08041382,0.027435303,0.010299683

235261084533,0.18518066,-0.012252808,-0.027832031

235261084533,0.18518066,-0.012252808,-0.027832031

235460700011,-0.11230469,0.02861023,-0.012924194

235460700011,-0.11230469,0.02861023,-0.012924194

235660468078,0.11430359,1.9836426E-4,-0.005722046

235660468078,0.11430359,1.9836426E-4,-0.005722046

235860236144,-0.05857849,-0.011230469,-0.007751465

235860236144,-0.05857849,-0.011230469,-0.007751465

236059973693,-0.018630981,0.01979065,-0.002243042

236059973693,-0.018630981,0.01979065,-0.002243042

236259680724,-0.25131226,0.009536743,-0.014160156

236259680724,-0.25131226,0.009536743,-0.014160156

236459387755,0.0743103,-0.005996704,-0.006362915

236459387755,0.0743103,-0.005996704,-0.006362915

236659064269,0.092300415,-0.004989624,-0.0074768066

236659064269,0.092300415,-0.004989624,-0.0074768066

236858740783,0.014816284,0.0038757324,0.0035705566

236858740783,0.014816284,0.0038757324,0.0035705566

237058447814,-0.044311523,-0.0101623535,-9.1552734E-4

237058447814,-0.044311523,-0.0101623535,-9.1552734E-4

237258124328,-0.41992188,0.41041565,-0.0791626

237258124328,-0.41992188,0.41041565,-0.0791626

237457831359,-1.0317383,0.0663147,-0.09764099

237457831359,-1.0317383,0.0663147,-0.09764099

237657477355,0.15740967,-0.0309906,-0.005554199

237657477355,0.15740967,-0.0309906,-0.005554199

237857153869,0.40055847,-0.03276062,-0.0036315918

237857153869,0.40055847,-0.03276062,-0.0036315918

238056830382,0.54945374,-0.05647278,0.014038086

238056830382,0.54945374,-0.05647278,0.014038086

238256476378,-0.108078,-0.07382202,-0.01864624

238256476378,-0.108078,-0.07382202,-0.01864624

238456091857,0.048294067,-0.03211975,0.002456665

238456091857,0.048294067,-0.03211975,0.002456665

238655768371,0.15008545,-0.037994385,-0.042999268

238655768371,0.15008545,-0.037994385,-0.042999268

238855261779,-0.019058228,-0.03996277,0.038131714

238855261779,-0.019058228,-0.03996277,0.038131714

239054785705,0.108169556,0.010925293,-0.008071899

239054785705,0.108169556,0.010925293,-0.008071899

239254065490,-0.03982544,-0.0020446777,9.613037E-4

239254065490,-0.03982544,-0.0020446777,9.613037E-4

239453558898,0.10244751,0.04522705,-0.018798828

239453558898,0.10244751,0.04522705,-0.018798828

239653845763,-0.12586975,-0.0021514893,-0.0017700195

239653845763,-0.12586975,-0.0021514893,-0.0017700195

239853539906,0.12974548,-0.012359619,0.011260986

239853539906,0.12974548,-0.012359619,0.011260986

240053033315,-0.12309265,-0.01625061,-0.020401001

240053033315,-0.12309265,-0.01625061,-0.020401001

240252679311,-0.046829224,0.006011963,-0.009246826

240252679311,-0.046829224,0.006011963,-0.009246826

240452325307,0.15489197,0.005432129,-0.0049743652

240452325307,0.15489197,0.005432129,-0.0049743652

240651971303,-0.06983948,-0.0026855469,-0.0019226074

240651971303,-0.06983948,-0.0026855469,-0.0019226074

240851617299,0.090164185,-0.0019989014,-0.00630188

240851617299,0.090164185,-0.0019989014,-0.00630188

241051263295,-0.04309082,-0.01524353,0.0019226074

241051263295,-0.04309082,-0.01524353,0.0019226074

241250909291,0.038635254,0.021453857,-0.017837524

241250909291,0.038635254,0.021453857,-0.017837524

241450585805,0.05860901,0.07325745,-0.053955078

241450585805,0.05860901,0.07325745,-0.053955078

241650262319,-0.03945923,-0.010116577,-0.014312744

241650262319,-0.03945923,-0.010116577,-0.014312744

241849908315,-0.048049927,0.06919861,-0.018325806

241849908315,-0.048049927,0.06919861,-0.018325806

242049584828,-0.38349915,0.13446045,0.05052185

242049584828,-0.38349915,0.13446045,0.05052185

242249291860,-0.34317017,-0.051818848,0.119888306

242249291860,-0.34317017,-0.051818848,0.119888306

242448968373,0.1802063,-0.31788635,0.10681152

242448968373,0.1802063,-0.31788635,0.10681152

242648797475,0.09919739,-0.15222168,-0.010467529

242648797475,0.09919739,-0.15222168,-0.010467529

242848626576,0.22790527,-0.03237915,-0.042633057

242848626576,0.22790527,-0.03237915,-0.042633057

243048364125,0.14613342,-0.013687134,-0.0049743652

243048364125,0.14613342,-0.013687134,-0.0049743652

243247949086,-0.10935974,0.02722168,-0.02633667

243247949086,-0.10935974,0.02722168,-0.02633667

243447808705,-0.002609253,0.0209198,-0.009506226

243447808705,-0.002609253,0.0209198,-0.009506226

243647668324,0.0019378662,0.0184021,-0.00982666

243647668324,0.0019378662,0.0184021,-0.00982666

243847436391,-0.06022644,-0.0019378662,0.0034637451

243847436391,-0.06022644,-0.0019378662,0.0034637451

244047204457,0.13989258,0.022949219,-0.010421753

244047204457,0.13989258,0.022949219,-0.010421753

244247003041,-0.12858582,0.0070343018,0.009765625

244247003041,-0.12858582,0.0070343018,0.009765625

244446771108,0.03916931,-0.0095825195,-0.022323608

244446771108,0.03916931,-0.0095825195,-0.022323608

244646539174,0.012512207,0.05317688,-0.017944336

244646539174,0.012512207,0.05317688,-0.017944336

244846398793,0.02368164,0.03010559,-0.024414062

244846398793,0.02368164,0.03010559,-0.024414062

245045709096,-0.078125,-0.01737976,0.010787964

245045709096,-0.078125,-0.01737976,0.010787964

245245202504,0.12504578,0.0211792,-0.026275635

245245202504,0.12504578,0.0211792,-0.026275635

245445214711,0.031311035,0.034439087,-0.012771606

245445214711,0.031311035,0.034439087,-0.012771606

245645410024,-0.018096924,-0.002532959,0.0021362305

245645410024,-0.018096924,-0.002532959,0.0021362305

245845391713,-0.078552246,0.08015442,-0.032852173

245845391713,-0.078552246,0.08015442,-0.032852173

246045068227,0.09770203,0.044692993,-0.038879395

246045068227,0.09770203,0.044692993,-0.038879395

246244958363,-0.5137024,0.1952362,-0.11312866

246244958363,-0.5137024,0.1952362,-0.11312866

246444879018,0.08482361,-0.10710144,0.01687622

246444879018,0.08482361,-0.10710144,0.01687622

246644738637,0.12519836,-9.765625E-4,-0.022598267

246644738637,0.12519836,-9.765625E-4,-0.022598267

246844567738,-0.027069092,0.001953125,0.011856079

246844567738,-0.027069092,0.001953125,0.011856079

247044366322,0.025222778,0.016647339,-0.023666382

247044366322,0.025222778,0.016647339,-0.023666382

247244225942,0.09379578,0.010818481,-0.011703491

247244225942,0.09379578,0.010818481,-0.011703491

247444116078,-0.014190674,9.460449E-4,0.0045928955

247444116078,-0.014190674,9.460449E-4,0.0045928955

247643975697,0.08862305,0.023590088,-0.008071899

247643975697,0.08862305,0.023590088,-0.008071899

247843835317,-0.050247192,0.018463135,-0.019546509

247843835317,-0.050247192,0.018463135,-0.019546509

248043572865,0.04386902,0.009170532,-0.022491455

248043572865,0.04386902,0.009170532,-0.022491455

248243340932,-0.16960144,0.0025482178,0.0039978027

248243340932,-0.16960144,0.0025482178,0.0039978027

248443322621,-0.30407715,0.23588562,0.12272644

248443322621,-0.30407715,0.23588562,0.12272644

248643182240,-0.19999695,0.4186859,0.1797638

248643182240,-0.19999695,0.4186859,0.1797638

248845330678,0.14587402,0.19139099,0.07060242

248845330678,0.14587402,0.19139099,0.07060242

249044244252,0.09635925,0.02407837,-0.06730652

249044244252,0.09635925,0.02407837,-0.06730652

249242791615,-0.118011475,-0.11911011,-0.08898926

249242791615,-0.118011475,-0.11911011,-0.08898926

249442590199,-0.01109314,-0.08129883,-0.13165283

249442590199,-0.01109314,-0.08129883,-0.13165283

249642602406,0.094070435,-0.013153076,-0.021362305

249642602406,0.094070435,-0.013153076,-0.021362305

249842370473,0.04119873,-0.11639404,4.272461E-4

249842370473,0.04119873,-0.11639404,4.272461E-4

250042219505,-0.009338379,-0.16349792,0.04736328

250042219505,-0.009338379,-0.16349792,0.04736328

250242262230,-0.21852112,-0.30374146,0.16069031

250242262230,-0.21852112,-0.30374146,0.16069031

250442060814,0.20152283,-0.3471527,0.053833008

250442060814,0.20152283,-0.3471527,0.053833008

250641889916,-0.0065612793,-0.2160492,-0.12145996

250641889916,-0.0065612793,-0.2160492,-0.12145996

250841841087,0.22576904,-0.027679443,-0.021255493

250841841087,0.22576904,-0.027679443,-0.021255493

251041700707,0.2747345,-0.023086548,-0.024993896

251041700707,0.2747345,-0.023086548,-0.024993896

251241560326,0.089523315,-0.003753662,0.007904053

251241560326,0.089523315,-0.003753662,0.007904053

251441389427,0.017807007,-0.004180908,-1.0681152E-4

251441389427,0.017807007,-0.004180908,-1.0681152E-4

251640974388,0.009841919,0.020645142,-0.0154418945

251640974388,0.009841919,0.020645142,-0.0154418945

251840742455,-0.11369324,-0.0025787354,0.004852295

251840742455,-0.11369324,-0.0025787354,0.004852295

252040998802,-0.1461029,-0.015670776,-0.02355957

252040998802,-0.1461029,-0.015670776,-0.02355957

252241102562,0.13545227,-0.006210327,-0.009140015

252241102562,0.13545227,-0.006210327,-0.009140015

252441145287,0.1403656,-0.001083374,-0.010681152

252441145287,0.1403656,-0.001083374,-0.010681152

252641004906,-0.104400635,-0.020904541,0.015808105

252641004906,-0.104400635,-0.020904541,0.015808105

252840956078,0.062820435,-0.0021514893,-0.023452759

252840956078,0.062820435,-0.0021514893,-0.023452759

253040968285,0.05117798,-0.001083374,-0.004486084

253040968285,0.05117798,-0.001083374,-0.004486084

253240766869,0.03543091,0.010391235,0.0023956299

253240766869,0.03543091,0.010391235,0.0023956299

253440748558,-0.044692993,0.0063323975,-0.0041656494

253440748558,-0.044692993,0.0063323975,-0.0041656494

253640577660,-0.05355835,-0.0052490234,-0.0017700195

253640577660,-0.05355835,-0.0052490234,-0.0017700195

253840528832,-0.075668335,0.029418945,0.01008606

253840528832,-0.075668335,0.029418945,0.01008606

254040418968,0.07606506,-0.0074920654,-0.019714355

254040418968,0.07606506,-0.0074920654,-0.019714355

254240248070,0.015075684,0.0070343018,-0.0054473877

254240248070,0.015075684,0.0070343018,-0.0054473877

254440290794,0.14698792,0.020965576,-0.0056152344

254440290794,0.14698792,0.020965576,-0.0056152344

254640150414,-0.011795044,0.018081665,-0.01159668

254640150414,-0.011795044,0.018081665,-0.01159668

254842268334,-0.055908203,-0.0046691895,-0.0056610107

254842268334,-0.055908203,-0.0046691895,-0.0056610107

255041273461,-0.13687134,0.017440796,0.008483887

255041273461,-0.13687134,0.017440796,0.008483887

255239881859,-0.6797333,0.34701538,-0.058761597

255239881859,-0.6797333,0.34701538,-0.058761597

255441999779,0.09310913,0.035614014,-0.016021729

255441999779,0.09310913,0.035614014,-0.016021729

255641065941,0.3413849,-0.06843567,-0.010955811

255641065941,0.3413849,-0.06843567,-0.010955811

255839704857,0.31884766,-0.24183655,-3.2043457E-4

255839704857,0.31884766,-0.24183655,-3.2043457E-4

256039869652,0.190094,-0.030944824,-0.010681152

256039869652,0.190094,-0.030944824,-0.010681152

256239637718,0.31837463,-0.0118255615,-0.0340271

256239637718,0.31837463,-0.0118255615,-0.0340271

256439405785,-0.107543945,-0.02507019,0.022857666

256439405785,-0.107543945,-0.02507019,0.022857666

256639509544,-0.0413208,-0.014221191,-0.0010223389

256639509544,-0.0413208,-0.014221191,-0.0010223389

256839369164,0.023147583,0.060333252,-0.039260864

256839369164,0.023147583,0.060333252,-0.039260864

257039228783,0.051071167,-0.0016174316,-0.008331299

257039228783,0.051071167,-0.0016174316,-0.008331299

257239332543,0.07467651,-0.0046691895,0.009979248

257239332543,0.07467651,-0.0046691895,0.009979248

257439192162,-0.0016937256,0.016159058,-0.011917114

257439192162,-0.0016937256,0.016159058,-0.011917114

257641310082,-0.13056946,-0.005355835,7.4768066E-4

257641310082,-0.13056946,-0.005355835,7.4768066E-4

257840376244,0.0927887,0.006439209,-0.016723633

257840376244,0.0927887,0.006439209,-0.016723633

258039045677,-0.11331177,-0.015991211,0.016281128

258039045677,-0.11331177,-0.015991211,0.016281128

258238539086,0.05342102,0.006439209,-0.02104187

258238539086,0.05342102,0.006439209,-0.02104187

258438307152,-0.64993286,0.32362366,-0.10975647

258438307152,-0.64993286,0.32362366,-0.10975647

258638227806,-0.50904846,0.24874878,-0.002243042

258638227806,-0.50904846,0.24874878,-0.002243042

258838758812,-0.1330719,-0.03276062,-0.09063721

258838758812,-0.1330719,-0.03276062,-0.09063721

259038496361,-0.040039062,-0.0010375977,-0.0019836426

259038496361,-0.040039062,-0.0010375977,-0.0019836426

259238539086,0.1292572,-0.021484375,0.06248474

259238539086,0.1292572,-0.021484375,0.06248474

259438551293,0.33721924,-0.19895935,0.042663574

259438551293,0.33721924,-0.19895935,0.042663574

259638349877,0.26213074,-0.32339478,0.0750885

259638349877,0.26213074,-0.32339478,0.0750885

259838545189,0.29289246,-0.05796814,-0.03135681

259838545189,0.29289246,-0.05796814,-0.03135681

260038343773,-0.018249512,0.008148193,0.015533447

260038343773,-0.018249512,0.008148193,0.015533447

260240400658,-0.01361084,0.021072388,-0.025268555

260240400658,-0.01361084,0.021072388,-0.025268555

260439443084,0.050323486,0.0075683594,-0.014587402

260439443084,0.050323486,0.0075683594,-0.014587402

260638112518,-0.08041382,0.031555176,-0.0284729

260638112518,-0.08041382,0.031555176,-0.0284729

260840199920,0.21359253,0.00340271,-0.013244629

260840199920,0.21359253,0.00340271,-0.013244629

261039205047,-0.09120178,-0.010650635,-0.011108398

261039205047,-0.09120178,-0.010650635,-0.011108398

261237843963,-0.12612915,0.015258789,0.012176514

261237843963,-0.12612915,0.015258789,0.012176514

261437886688,0.052246094,-0.0012969971,-0.006149292

261437886688,0.052246094,-0.0012969971,-0.006149292

261637746307,0.21369934,-0.010437012,-0.010040283

261637746307,0.21369934,-0.010437012,-0.010040283

261837544891,-0.33062744,0.13072205,-3.8146973E-4

261837544891,-0.33062744,0.13072205,-3.8146973E-4

262037587616,-0.26989746,0.2930298,-0.07841492

262037587616,-0.26989746,0.2930298,-0.07841492

262237447235,0.06410217,0.034805298,-0.066986084

262237447235,0.06410217,0.034805298,-0.066986084

262437245819,0.32232666,-0.03211975,-0.05026245

262437245819,0.32232666,-0.03211975,-0.05026245

262637319061,0.0927887,-0.0650177,-0.0013427734

262637319061,0.0927887,-0.0650177,-0.0013427734

262837178680,0.02949524,-0.039215088,-0.0066833496

262837178680,0.02949524,-0.039215088,-0.0066833496

263037007782,0.22528076,-0.08685303,-0.0017089844

263037007782,0.22528076,-0.08685303,-0.0017089844

263237203094,0.024963379,-0.01902771,0.019012451

263237203094,0.024963379,-0.01902771,0.019012451

263436971160,-0.046340942,0.021820068,-0.012817383

263436971160,-0.046340942,0.021820068,-0.012817383

263639028045,0.040283203,-0.0093688965,0.0067749023

263639028045,0.040283203,-0.0093688965,0.0067749023

263838094207,0.01449585,-1.5258789E-5,0.0043792725

263838094207,0.01449585,-1.5258789E-5,0.0043792725

264036763641,-0.009811401,-0.009048462,-0.007369995

264036763641,-0.009811401,-0.009048462,-0.007369995

264238881561,-0.035873413,0.011520386,-0.009460449

264238881561,-0.035873413,0.011520386,-0.009460449

264437917205,-0.10343933,-9.765625E-4,-8.544922E-4

264437917205,-0.10343933,-9.765625E-4,-8.544922E-4

264636617157,-0.042282104,0.015792847,-0.008117676

264636617157,-0.042282104,0.015792847,-0.008117676

264836476776,0.022720337,-0.014282227,-8.087158E-4

264836476776,0.022720337,-0.014282227,-8.087158E-4

265036061737,0.03515625,0.02557373,-9.1552734E-4

265036061737,0.03515625,0.02557373,-9.1552734E-4

265235829803,0.0059509277,0.06994629,-0.052505493

265235829803,0.0059509277,0.06994629,-0.052505493

265435750457,0.10688782,0.006500244,-0.021316528

265435750457,0.10688782,0.006500244,-0.021316528

265636037323,-0.06535339,0.01109314,0.0014953613

265636037323,-0.06535339,0.01109314,0.0014953613

265836171600,0.096847534,0.008102417,-0.011962891

265836171600,0.096847534,0.008102417,-0.011962891

266036305877,-0.077697754,0.004470825,0.010360718

266036305877,-0.077697754,0.004470825,0.010360718

266236196014,0.06800842,0.013809204,-0.0043792725

266236196014,0.06800842,0.013809204,-0.0043792725

266438313934,0.0052490234,0.042877197,-0.04850769

266438313934,0.0052490234,0.042877197,-0.04850769

266637380096,0.033233643,0.0077209473,0.0045928955

266637380096,0.033233643,0.0077209473,0.0045928955

266836019012,0.02394104,0.10429382,-0.0025634766

266836019012,0.02394104,0.10429382,-0.0025634766

267035970184,0.023361206,-0.015777588,-0.029693604

267035970184,0.023361206,-0.015777588,-0.029693604

267235829803,0.31645203,0.06086731,-0.019714355

267235829803,0.31645203,0.06086731,-0.019714355

267435689422,-0.10205078,-0.032058716,-0.008117676

267435689422,-0.10205078,-0.032058716,-0.008117676

267635762664,0.051818848,-0.0038146973,0.0050201416

267635762664,0.051818848,-0.0038146973,0.0050201416

267835622284,-0.048538208,0.0029144287,-0.020996094

267835622284,-0.048538208,0.0029144287,-0.020996094

268035665008,0.056732178,-0.0013580322,0.01335144

268035665008,0.056732178,-0.0013580322,0.01335144

268235555145,0.12348938,0.10455322,-0.04295349

268235555145,0.12348938,0.10455322,-0.04295349

268435414764,-0.10269165,0.027755737,0.024719238

268435414764,-0.10269165,0.027755737,0.024719238

268635365936,-1.102066,-0.13391113,0.056503296

268635365936,-1.102066,-0.13391113,0.056503296

268835317108,0.16125488,-0.05822754,-0.03492737

268835317108,0.16125488,-0.05822754,-0.03492737

269037526580,0.23617554,-0.01763916,-0.0107421875

269037526580,0.23617554,-0.01763916,-0.0107421875

269236623260,0.21903992,-0.025970459,-0.047805786

269236623260,0.21903992,-0.025970459,-0.047805786

269435292694,-0.03138733,-0.0031738281,-0.0042266846

269435292694,-0.03138733,-0.0031738281,-0.0042266846

269637410614,0.1076355,0.02331543,-0.011489868

269637410614,0.1076355,0.02331543,-0.011489868

269836446258,0.043167114,0.017547607,7.9345703E-4

269836446258,0.043167114,0.017547607,7.9345703E-4

270035115692,0.0095825195,0.037643433,-0.0033111572

270035115692,0.0095825195,0.037643433,-0.0033111572

270235188934,0.07954407,0.051467896,-0.025054932

270235188934,0.07954407,0.051467896,-0.025054932

270435048553,0.040924072,-0.0050964355,-0.010253906

270435048553,0.040924072,-0.0050964355,-0.010253906

270634877655,0.035751343,0.016479492,-0.0058288574

270634877655,0.035751343,0.016479492,-0.0058288574

270834921563,-0.08538818,-0.0031738281,-0.013031006

270834921563,-0.08538818,-0.0031738281,-0.013031006

271034842217,0.04899597,0.017715454,0.002822876

271034842217,0.04899597,0.017715454,0.002822876

271234823907,0.011550903,0.13104248,-0.010314941

271234823907,0.011550903,0.13104248,-0.010314941

271434683526,0.13032532,-0.015609741,-0.07157898

271434683526,0.13032532,-0.015609741,-0.07157898

271634543145,-0.18215942,0.04309082,0.03225708

271634543145,-0.18215942,0.04309082,0.03225708

271834158623,-0.041641235,-0.027252197,-0.002090454

271834158623,-0.041641235,-0.027252197,-0.002090454

272033957207,-0.05189514,0.0071411133,0.013137817

272033957207,-0.05189514,0.0071411133,0.013137817

272233908379,-0.005004883,0.0035552979,-0.0030517578

272233908379,-0.005004883,0.0035552979,-0.0030517578

272434195244,-0.0016937256,0.0021209717,-0.0070495605

272434195244,-0.0016937256,0.0021209717,-0.0070495605

272634054864,0.10752869,0.027755737,0.013885498

272634054864,0.10752869,0.027755737,0.013885498

272834128106,0.20333862,-0.014968872,-0.038986206

272834128106,0.20333862,-0.014968872,-0.038986206

273034384453,-0.014251709,-0.0024719238,-0.004486084

273034384453,-0.014251709,-0.0024719238,-0.004486084

273233999932,0.029281616,-7.6293945E-5,-0.0030517578

273233999932,0.029281616,-7.6293945E-5,-0.0030517578

273434134209,-0.03074646,0.009597778,0.003036499

273434134209,-0.03074646,0.009597778,0.003036499

273634176934,-0.14787292,-0.031906128,-0.0013427734

273634176934,-0.14787292,-0.031906128,-0.0013427734

273836294854,-0.05078125,-0.06666565,0.0076293945

273836294854,-0.05078125,-0.06666565,0.0076293945

274035330498,0.21310425,0.07122803,-0.034820557

274035330498,0.21310425,0.07122803,-0.034820557

274233969414,-0.1590271,-0.06100464,0.07801819

274233969414,-0.1590271,-0.06100464,0.07801819

274433951104,-0.07785034,-0.036071777,-0.049194336

274433951104,-0.07785034,-0.036071777,-0.049194336

274633871758,0.13796997,0.09867859,-0.03968811

274633871758,0.13796997,0.09867859,-0.03968811

274833700860,-0.19134521,-0.0017852783,0.10542297

274833700860,-0.19134521,-0.0017852783,0.10542297

275033621514,-0.025039673,0.08425903,-9.613037E-4

275033621514,-0.025039673,0.08425903,-9.613037E-4

275233572686,-0.0038909912,0.052383423,-0.023345947

275233572686,-0.0038909912,0.052383423,-0.023345947

275435782159,-0.022369385,0.039993286,-0.029693604

275435782159,-0.022369385,0.039993286,-0.029693604

275634817803,-0.12911987,0.0839386,-0.019546509

275634817803,-0.12911987,0.0839386,-0.019546509

275833487237,-0.46824646,0.06588745,-0.023025513

275833487237,-0.46824646,0.06588745,-0.023025513

276035605157,0.10244751,0.042022705,-0.31163025

276035605157,0.10244751,0.042022705,-0.31163025

276234640801,0.037139893,0.1809845,-0.16220093

276234640801,0.037139893,0.1809845,-0.16220093

276433310235,-0.5083618,-0.3207245,0.32037354

276433310235,-0.5083618,-0.3207245,0.32037354

276633139336,-0.11203003,-0.79945374,0.06996155

276633139336,-0.11203003,-0.79945374,0.06996155

276833243096,0.4960022,-0.04258728,0.16737366

276833243096,0.4960022,-0.04258728,0.16737366

277033133233,0.10913086,-0.08242798,-0.013946533

277033133233,0.10913086,-0.08242798,-0.013946533

277232992852,0.2940216,-0.004928589,-0.03012085

277232992852,0.2940216,-0.004928589,-0.03012085

277433096612,0.043548584,-0.002746582,0.021942139

277433096612,0.043548584,-0.002746582,0.021942139

277632986748,0.021759033,-0.0037078857,0.0018157959

277632986748,0.021759033,-0.0037078857,0.0018157959

277833304131,0.0011291504,-0.0019378662,0.009338379

277833304131,0.0011291504,-0.0019378662,0.009338379

278033072198,-0.08479309,0.006225586,-0.005874634

278033072198,-0.08479309,0.006225586,-0.005874634

278235037530,0.14463806,0.0020599365,-0.01159668

278235037530,0.14463806,0.0020599365,-0.01159668

278434103692,-0.106155396,-0.014328003,0.0037384033

278434103692,-0.106155396,-0.014328003,0.0037384033

278632742608,0.012619019,-5.0354004E-4,-0.0024108887

278632742608,0.012619019,-5.0354004E-4,-0.0024108887

278832236016,-0.016113281,-0.0016784668,-0.00491333

278832236016,-0.016113281,-0.0016784668,-0.00491333

279031943047,-0.048797607,0.0036621094,-0.01576233

279031943047,-0.048797607,0.0036621094,-0.01576233

279232504571,-0.037322998,-0.0032806396,-0.009994507

279232504571,-0.037322998,-0.0032806396,-0.009994507

279432242119,-0.060821533,-0.0064849854,-0.014205933

279432242119,-0.060821533,-0.0064849854,-0.014205933

279632162774,0.08055115,0.030853271,-0.013839722

279632162774,0.08055115,0.030853271,-0.013839722

279832266534,0.017105103,0.0038757324,0.0025024414

279832266534,0.017105103,0.0038757324,0.0025024414

280032400811,0.011398315,0.0015869141,0.005493164

280032400811,0.011398315,0.0015869141,0.005493164

280232016289,0.009475708,-0.0011444092,-0.002090454

280232016289,0.009475708,-0.0011444092,-0.002090454

280432028496,-0.0018005371,-3.9672852E-4,-0.0016021729

280432028496,-0.0018005371,-3.9672852E-4,-0.0016021729

280632132256,0.0071258545,-0.0018310547,-0.007156372

280632132256,0.0071258545,-0.0018310547,-0.007156372

280832052910,-0.0016937256,-7.6293945E-4,-0.0037384033

280832052910,-0.0016937256,-7.6293945E-4,-0.0037384033

281032156670,-0.0012207031,0.0010986328,-0.0013885498

281032156670,-0.0012207031,0.0010986328,-0.0013885498

281232059619,0.006378174,0.002380371,0.0010070801

281232059619,0.006378174,0.002380371,0.0010070801

281434177539,-0.019592285,-0.0014038086,-0.004486084

281434177539,-0.019592285,-0.0014038086,-0.004486084

282100223681,-0.51327515,0.1609497,-0.03919983

282299747607,-0.13366699,-0.018234253,0.2076416

282496952197,-0.21965027,-0.2941742,0.32769775

282696689746,-0.25526428,-0.13124084,0.16203308

282896732471,0.34262085,-0.13999939,-0.17123413

283096866748,0.32585144,-0.2448883,-0.05406189

283296695849,-0.039398193,-0.13882446,-0.10441589

283496891162,0.07606506,-0.0061035156,-0.014526367

283697147510,0.37594604,-0.02923584,-0.027877808

283899601123,0.041992188,0.00440979,0.006729126

284096775195,-0.017028809,-0.009094238,-2.1362305E-4

284296604297,0.041030884,-0.0013580322,-0.016082764

284496738574,0.04525757,-0.021652222,0.009185791

284696598193,-0.16453552,0.011520386,-0.027511597

284897098681,-0.12960815,0.02128601,0.011688232

285096500537,0.13790894,0.013061523,-0.029907227

285296695849,0.19825745,-0.0038146973,0.003036499

285496555469,0.0597229,0.032302856,-0.016662598

285696689746,-0.24240112,-0.07142639,0.037750244

285897037646,0.09257507,0.020858765,-0.038772583

286099582812,-0.09109497,0.016326904,0.007522583

286296726367,-0.0028686523,-0.0024261475,-0.0046539307

286496524951,-0.4367981,0.36705017,0.007156372

286696750781,-0.3227234,0.025039673,-0.049728394

286896457812,0.41412354,-0.123916626,-0.061904907

287096500537,0.12269592,-0.15698242,-0.021102905

287296665332,0.39553833,-0.052627563,-0.05609131

287496433398,-0.24490356,0.0087890625,0.030593872

287696384570,0.23773193,0.0014801025,-0.025314331

287895908496,0.00680542,-0.0018920898,-0.0058288574

288095890185,-0.1293335,-0.039108276,0.01676941

288296116015,0.012252808,0.028823853,-0.005126953

288497104785,-0.0069885254,0.042022705,-0.019226074

288696415088,0.20925903,-0.004928589,-0.013885498

288896396777,-0.05708313,0.030593872,-0.014053345

289096164844,0.0079193115,0.005264282,-0.014587402

289296787402,-0.12719727,-0.0038604736,0.020126343

289496982715,0.08135986,-0.013000488,-0.01890564

289699436328,0.041412354,-0.018981934,0.00944519

289896640918,-0.096969604,0.054733276,-0.019012451

290096439502,0.021270752,-0.021224976,-0.014801025

290296421191,-0.003189087,-0.003112793,-8.544922E-4

290496616504,-0.03010559,0.014556885,-0.007858276

290696384570,0.007873535,-0.011230469,0.0098724365

290896427295,-0.42440796,0.09777832,0.023284912

291096622607,-0.39476013,0.29756165,-0.069229126

282100223681,-0.51327515,0.1609497,-0.03919983

282299747607,-0.13366699,-0.018234253,0.2076416

282496952197,-0.21965027,-0.2941742,0.32769775

282696689746,-0.25526428,-0.13124084,0.16203308

282896732471,0.34262085,-0.13999939,-0.17123413

283096866748,0.32585144,-0.2448883,-0.05406189

283296695849,-0.039398193,-0.13882446,-0.10441589

283496891162,0.07606506,-0.0061035156,-0.014526367

283697147510,0.37594604,-0.02923584,-0.027877808

283899601123,0.041992188,0.00440979,0.006729126

284096775195,-0.017028809,-0.009094238,-2.1362305E-4

284296604297,0.041030884,-0.0013580322,-0.016082764

284496738574,0.04525757,-0.021652222,0.009185791

284696598193,-0.16453552,0.011520386,-0.027511597

284897098681,-0.12960815,0.02128601,0.011688232

285096500537,0.13790894,0.013061523,-0.029907227

285296695849,0.19825745,-0.0038146973,0.003036499

285496555469,0.0597229,0.032302856,-0.016662598

285696689746,-0.24240112,-0.07142639,0.037750244

285897037646,0.09257507,0.020858765,-0.038772583

286099582812,-0.09109497,0.016326904,0.007522583

286296726367,-0.0028686523,-0.0024261475,-0.0046539307

286496524951,-0.4367981,0.36705017,0.007156372

286696750781,-0.3227234,0.025039673,-0.049728394

286896457812,0.41412354,-0.123916626,-0.061904907

287096500537,0.12269592,-0.15698242,-0.021102905

287296665332,0.39553833,-0.052627563,-0.05609131

287496433398,-0.24490356,0.0087890625,0.030593872

287696384570,0.23773193,0.0014801025,-0.025314331

287895908496,0.00680542,-0.0018920898,-0.0058288574

288095890185,-0.1293335,-0.039108276,0.01676941

288296116015,0.012252808,0.028823853,-0.005126953

288497104785,-0.0069885254,0.042022705,-0.019226074

288696415088,0.20925903,-0.004928589,-0.013885498

288896396777,-0.05708313,0.030593872,-0.014053345

289096164844,0.0079193115,0.005264282,-0.014587402

289296787402,-0.12719727,-0.0038604736,0.020126343

289496982715,0.08135986,-0.013000488,-0.01890564

289699436328,0.041412354,-0.018981934,0.00944519

289896640918,-0.096969604,0.054733276,-0.019012451

290096439502,0.021270752,-0.021224976,-0.014801025

290296421191,-0.003189087,-0.003112793,-8.544922E-4

290496616504,-0.03010559,0.014556885,-0.007858276

290696384570,0.007873535,-0.011230469,0.0098724365

290896427295,-0.42440796,0.09777832,0.023284912

291096622607,-0.39476013,0.29756165,-0.069229126

291296634814,0.33514404,0.07571411,0.033966064

291296634814,0.33514404,0.07571411,0.033966064

291496433398,0.23516846,-0.24916077,-0.02633667

291496433398,0.23516846,-0.24916077,-0.02633667

291696663769,0.14015198,-0.08734131,-0.033966064

291696663769,0.14015198,-0.08734131,-0.033966064

291897011670,0.034194946,-0.02507019,0.014419556

291897011670,0.034194946,-0.02507019,0.014419556

292099495801,0.11109924,0.02128601,-0.053741455

292099495801,0.11109924,0.02128601,-0.053741455

292296914013,-0.0035705566,0.012420654,0.021835327

292296914013,-0.0035705566,0.012420654,0.021835327

292496621045,0.0124053955,0.029144287,-0.029434204

292496621045,0.0124053955,0.029144287,-0.029434204

292696785840,0.028274536,0.008743286,-0.0048675537

292696785840,0.028274536,0.008743286,-0.0048675537

292896584424,0.062820435,0.008682251,-0.00390625

292896584424,0.062820435,0.008682251,-0.00390625

293096627148,-0.27572632,0.013809204,0.014892578

293096627148,-0.27572632,0.013809204,0.014892578

293297188672,0.19184875,0.006866455,-0.008605957

293297188672,0.19184875,0.006866455,-0.008605957

293499642285,-9.460449E-4,0.048858643,-0.056777954

293499642285,-9.460449E-4,0.048858643,-0.056777954

293696816357,-0.15246582,-0.023086548,0.020980835

293696816357,-0.15246582,-0.023086548,0.020980835

293896645459,0.15965271,0.027282715,-0.025634766

293896645459,0.15965271,0.027282715,-0.025634766

294097023877,0.0965271,0.034805298,-0.019226074

294097023877,0.0965271,0.034805298,-0.019226074

294296578320,-0.1831665,0.0037231445,0.017196655

294296578320,-0.1831665,0.0037231445,0.017196655

294496621045,0.123062134,0.010925293,-0.03327942

294496621045,0.123062134,0.010925293,-0.03327942

294696785840,-0.539917,0.1867981,0.019119263

294696785840,-0.539917,0.1867981,0.019119263

294896492871,-0.085754395,0.5473938,0.15637207

294896492871,-0.085754395,0.5473938,0.15637207

295095986279,0.17022705,0.5076599,0.019760132

295095986279,0.17022705,0.5076599,0.019760132

295296059521,-0.03277588,-0.36462402,-0.21940613

295296059521,-0.03277588,-0.36462402,-0.21940613

295496376904,0.22598267,-0.4249115,-0.0970459

295496376904,0.22598267,-0.4249115,-0.0970459

295696175488,0.03831482,-0.15431213,-0.026123047

295696175488,0.03831482,-0.15431213,-0.026123047

295896523388,0.031799316,0.07192993,-0.0011749268

295896523388,0.031799316,0.07192993,-0.0011749268

296096566113,0.1947937,-0.008621216,0.018310547

296096566113,0.1947937,-0.008621216,0.018310547

296296730908,0.14790344,-0.025970459,-0.028045654

296296730908,0.14790344,-0.025970459,-0.028045654

296496498974,0.2524109,0.035186768,-0.030395508

296496498974,0.2524109,0.035186768,-0.030395508

296696572217,-0.08874512,-0.011550903,-0.031829834

296696572217,-0.08874512,-0.011550903,-0.031829834

296896737012,-0.14328003,-0.038467407,0.027130127

296896737012,-0.14328003,-0.038467407,0.027130127

297096566113,0.05593872,-0.0016174316,-0.0068359375

297096566113,0.05593872,-0.0016174316,-0.0068359375

297296791943,-0.038864136,-0.0018920898,0.003250122

297296791943,-0.038864136,-0.0018920898,0.003250122

297497048291,0.08898926,-0.015823364,-0.0015563965

297497048291,0.08898926,-0.015823364,-0.0015563965

297699501904,-0.10647583,0.044799805,-0.02986145

297699501904,-0.10647583,0.044799805,-0.02986145

297896737012,0.04348755,-0.021484375,-0.00630188

297896737012,0.04348755,-0.021484375,-0.00630188

298096688183,-0.018035889,-7.171631E-4,-0.004119873

298096688183,-0.018035889,-7.171631E-4,-0.004119873

298297676953,0.031158447,0.0022277832,-0.006362915

298297676953,0.031158447,0.0022277832,-0.006362915

298496773633,-0.003829956,-0.0015716553,-0.007751465

298496773633,-0.003829956,-0.0015716553,-0.007751465

298696968945,0.06298828,0.02557373,0.0021820068

298696968945,0.06298828,0.02557373,0.0021820068

298904763135,-0.10493469,-0.013046265,-0.008331299

298904763135,-0.10493469,-0.013046265,-0.008331299

299161141308,0.010375977,-0.003921509,-0.005126953

299161141308,0.010375977,-0.003921509,-0.005126953

299411324414,0.07206726,0.011306763,-0.007797241

299411324414,0.07206726,0.011306763,-0.007797241

299611794385,0.029174805,-0.03515625,0.02456665

299611794385,0.029174805,-0.03515625,0.02456665

299811715039,-0.07556152,0.02696228,-0.008331299

299811715039,-0.07556152,0.02696228,-0.008331299

300012581738,-0.052001953,-0.033554077,0.01008606

300012581738,-0.052001953,-0.033554077,0.01008606

300211556347,-0.010299683,0.010818481,-0.029373169

300211556347,-0.010299683,0.010818481,-0.029373169

300411660107,-0.10925293,0.053771973,-0.019714355

300411660107,-0.10925293,0.053771973,-0.019714355

300611519726,0.15965271,0.04324341,-0.04246521

300611519726,0.15965271,0.04324341,-0.04246521

300811470898,0.038146973,0.0070343018,-0.003479004

300811470898,0.038146973,0.0070343018,-0.003479004

301011727246,-0.09895325,0.033416748,-0.021209717

301011727246,-0.09895325,0.033416748,-0.021209717

301211525830,0.10197449,0.01776123,-0.007797241

301211525830,0.10197449,0.01776123,-0.007797241

301411538037,-0.01713562,0.08938599,-0.04246521

301411538037,-0.01713562,0.08938599,-0.04246521

301611580762,-0.032989502,-0.0014038086,0.0011749268

301611580762,-0.032989502,-0.0014038086,0.0011749268

301814736279,-4.119873E-4,0.027923584,-0.028045654

301814736279,-4.119873E-4,0.027923584,-0.028045654

302012185010,0.039276123,-0.0017852783,-0.02520752

302012185010,0.039276123,-0.0017852783,-0.02520752

302211637630,-0.61346436,0.16223145,0.050735474

302211637630,-0.61346436,0.16223145,0.050735474

302412229671,-0.1423645,0.21943665,-0.12780762

302412229671,-0.1423645,0.21943665,-0.12780762

302611692562,0.06576538,0.08164978,-0.0868988

302611692562,0.06576538,0.08164978,-0.0868988

302811643734,0.342453,-0.16760254,-0.08155823

302811643734,0.342453,-0.16760254,-0.08155823

303011930599,0.12477112,-0.07922363,-0.04032898

303011930599,0.12477112,-0.07922363,-0.04032898

303211729183,0.042160034,-0.024154663,-0.0051879883

303211729183,0.042160034,-0.024154663,-0.0051879883

303411832943,0.099624634,0.015625,0.00592041

303411832943,0.099624634,0.015625,0.00592041

303611814632,-0.06338501,-0.01411438,-0.014419556

303611814632,-0.06338501,-0.01411438,-0.014419556

303811826839,0.088516235,0.012634277,-0.0068969727

303811826839,0.088516235,0.012634277,-0.0068969727

304012235775,-0.06135559,0.003616333,0.0069885254

304012235775,-0.06135559,0.003616333,0.0069885254

304211973324,0.04824829,0.008575439,-0.010360718

304211973324,0.04824829,0.008575439,-0.010360718

304411436214,-0.06359863,-0.0033874512,-3.2043457E-4

304411436214,-0.06359863,-0.0033874512,-3.2043457E-4

304611417904,0.10458374,0.010925293,-0.013626099

304611417904,0.10458374,0.010925293,-0.013626099

304811613216,0.036499023,0.031234741,0.0018157959

304811613216,0.036499023,0.031234741,0.0018157959

305012052669,-0.015213013,-0.0016174316,-0.014099121

305012052669,-0.015213013,-0.0016174316,-0.014099121

305211637630,-0.10621643,0.001953125,-0.01159668

305211637630,-0.10621643,0.001953125,-0.01159668

305412077083,0.14181519,0.0069732666,3.6621094E-4

305412077083,0.14181519,0.0069732666,3.6621094E-4

305612424984,-0.10258484,-0.031951904,-0.009185791

305612424984,-0.10258484,-0.031951904,-0.009185791

305812223568,-0.55023193,-0.01838684,0.04272461

305812223568,-0.55023193,-0.01838684,0.04272461

306015348568,-1.0400696,-0.044555664,0.23883057

306015348568,-1.0400696,-0.044555664,0.23883057

306212919368,-1.7015533,0.0987854,0.18734741

306212919368,-1.7015533,0.0987854,0.18734741

306412351742,-0.97203064,-0.008300781,0.20732117

306412351742,-0.97203064,-0.008300781,0.20732117

306612669124,-0.25073242,0.035186768,0.16111755

306612669124,-0.25073242,0.035186768,0.16111755

306812437191,0.21929932,-0.0541687,0.07460022

306812437191,0.21929932,-0.0541687,0.07460022

307012418880,0.8125305,0.09237671,-0.12840271

307012418880,0.8125305,0.09237671,-0.12840271

307212736263,1.7924805,0.040420532,-0.25961304

307212736263,1.7924805,0.040420532,-0.25961304

307412565365,0.99731445,0.17628479,-0.24433899

307412565365,0.99731445,0.17628479,-0.24433899

307613004818,0.47335815,-0.106781006,-0.10345459

307613004818,0.47335815,-0.106781006,-0.10345459

307812742367,0.1338501,-0.179245,0.0072631836

307812742367,0.1338501,-0.179245,0.0072631836

308012724056,0.12904358,-0.0539093,0.015701294

308012724056,0.12904358,-0.0539093,0.015701294

308213132992,0.080078125,-0.21160889,0.17895508

308213132992,0.080078125,-0.21160889,0.17895508

308412901058,0.076171875,-0.36505127,0.28668213

308412901058,0.076171875,-0.36505127,0.28668213

308612882747,0.055664062,0.20976257,-0.15899658

308612882747,0.055664062,0.20976257,-0.15899658

308813200130,0.004776001,0.35594177,-0.25849915

308813200130,0.004776001,0.35594177,-0.25849915

309013029232,-0.65138245,0.10247803,3.6621094E-4

309013029232,-0.65138245,0.10247803,3.6621094E-4

309213071956,-0.13046265,-0.039749146,0.017456055

309213071956,-0.13046265,-0.039749146,0.017456055

309413389339,-0.18130493,0.0385437,-0.018157959

309413389339,-0.18130493,0.0385437,-0.018157959

309613309993,-0.076309204,0.030853271,-0.025482178

309613309993,-0.076309204,0.030853271,-0.025482178

309813596859,0.017593384,-0.009048462,0.01687622

309813596859,0.017593384,-0.009048462,0.01687622

310013486995,0.011657715,-0.006958008,-0.0152282715

310013486995,0.011657715,-0.006958008,-0.0152282715

310216642513,0.010864258,-0.0018310547,-0.0068359375

310216642513,0.010864258,-0.0018310547,-0.0068359375

310414121761,-0.004852295,0.009963989,-0.009292603

310414121761,-0.004852295,0.009963989,-0.009292603

310613645687,-0.015792847,5.645752E-4,0.0027770996

310613645687,-0.015792847,5.645752E-4,0.0027770996

310813902034,0.009628296,-0.009628296,0.011001587

310813902034,0.009628296,-0.009628296,0.011001587

311013731136,-0.004257202,7.7819824E-4,-0.017150879

311013731136,-0.004257202,7.7819824E-4,-0.017150879

311213743343,0.0036010742,-0.0031738281,-0.001449585

311213743343,0.0036010742,-0.0031738281,-0.001449585

311463895931,0.032440186,-0.16931152,0.14274597

311665830745,0.112594604,-0.29188538,0.10888672

311866422786,-0.045440674,-0.20050049,-0.06788635

312064146175,0.107421875,-0.020095825,-0.0076446533

312264066829,-0.019317627,-0.016098022,0.006668091

311463898819,0.032440186,-0.16931152,0.14274597

311665833633,0.112594604,-0.29188538,0.10888672

311866425674,-0.045440674,-0.20050049,-0.06788635

312064149063,0.107421875,-0.020095825,-0.0076446533

312264069717,-0.019317627,-0.016098022,0.006668091

312469330948,0.35725403,-0.07217407,-0.04096985

312469330948,0.35725403,-0.07217407,-0.04096985

312718476456,-0.0029754639,0.026473999,-0.017364502

312919312637,-0.11967468,0.0027618408,0.012283325

313119599503,0.15692139,-0.06410217,0.011108398

313319428604,-0.047729492,0.04484558,-0.029373169

313519471329,0.07371521,-0.0075531006,-0.019500732

313719788712,-0.15673828,-0.022018433,0.029525757

313919678848,0.024108887,-0.051605225,0.017456055

314119965713,-0.052215576,0.05659485,-0.033325195

314319855850,0.15222168,-0.025543213,-0.0287323

314523194473,0.0017852783,0.030914307,-0.022537231

314720368546,0.041625977,0.041915894,-0.0025634766

314920045059,0.0034332275,0.0014190674,-0.012924194

315120850723,0.04776001,0.057937622,-0.032684326

315320130508,-0.09136963,-0.012298584,5.340576E-4

315520142715,-0.124420166,-0.0014038086,0.004272461

315720521133,0.0622406,0.059753418,-0.036376953

315920228165,-0.09056091,-0.017486572,0.0028839111

316120301407,0.08717346,-0.007598877,0.0015411377

316320313614,-0.1421051,-0.0032806396,0.006134033

316520325821,0.086746216,0.038604736,-0.016937256

316720460098,-0.05505371,0.10369873,-0.048553467

316920441788,0.08375549,0.0014801025,-0.014160156

317120484512,-0.0076293945,0.07144165,-0.04310608

317320771378,-0.05392456,0.03315735,-0.017837524

317520630997,-0.067337036,0.024291992,-0.0036315918

317720643204,0.052841187,-0.010223389,0.0018157959

317920930069,0.05747986,0.037475586,-0.02911377

318120759171,-0.010131836,0.044204712,-0.0033721924

318320313614,-0.041641235,0.016159058,-0.0107421875

318520356338,0.033187866,0.08079529,-0.03642273

318720399063,-0.026367188,-0.019561768,-0.008926392

318921357315,-0.08404541,-0.054977417,0.01991272

319121003311,-0.021621704,0.053985596,-0.04081726

319321351212,-0.055480957,-0.02357483,0.004211426

319521760147,-0.5545044,0.24298096,-0.08140564

319721162003,-0.11630249,0.008102417,0.03475952

319921387833,0.08605957,-0.0118255615,-0.011962891

320121216934,0.13790894,0.042770386,-4.272461E-4

320321503799,0.44259644,-0.011871338,0.06915283

320521302383,0.2906494,-0.025497437,0.017623901

320721284073,0.06121826,0.054031372,-0.0627594

320921570938,0.107040405,-0.013259888,-0.08343506

321121400040,-0.030426025,-0.049041748,-0.032577515

321321473282,0.11846924,-0.05630493,-0.045455933

321521516006,-3.0517578E-4,0.0025939941,-4.272461E-4

321721680801,0.02746582,0.005859375,-0.012710571

321921570938,-0.032089233,0.009002686,-0.0068359375

322121674698,-0.0061798096,-4.4250488E-4,-0.019546509

322325074356,-0.028503418,-0.0061035156,5.340576E-4

322522187393,0.103515625,0.026000977,-0.011169434

322721905566,-0.083724976,0.0063323975,-0.019866943

322921887256,-0.0069274902,-0.003540039,-0.0074310303

323122235156,-0.0181427,-0.0018920898,-0.007751465

323322064258,0.06427002,0.03491211,0.026168823

323522351123,1.593811,0.13050842,0.37922668

323722241260,1.5401306,-0.03440857,0.19973755

323922283984,0.3226471,-0.050491333,0.045928955

324122601367,-0.033798218,-0.041412354,-0.10131836

324322460986,0.004348755,-0.013320923,0.031661987

324522503711,-0.0051116943,0.011672974,-0.039794922

324722515918,-0.04826355,-0.039916992,-0.018798828

312718487598,-0.0029754639,0.026473999,-0.017364502

312919323779,-0.11967468,0.0027618408,0.012283325

313119610645,0.15692139,-0.06410217,0.011108398

313319439746,-0.047729492,0.04484558,-0.029373169

313519482471,0.07371521,-0.0075531006,-0.019500732

313719799854,-0.15673828,-0.022018433,0.029525757

313919689990,0.024108887,-0.051605225,0.017456055

314119976855,-0.052215576,0.05659485,-0.033325195

314319866992,0.15222168,-0.025543213,-0.0287323

314523205615,0.0017852783,0.030914307,-0.022537231

314720379688,0.041625977,0.041915894,-0.0025634766

314920056201,0.0034332275,0.0014190674,-0.012924194

315120861865,0.04776001,0.057937622,-0.032684326

315320141650,-0.09136963,-0.012298584,5.340576E-4

315520153857,-0.124420166,-0.0014038086,0.004272461

315720532275,0.0622406,0.059753418,-0.036376953

315920239307,-0.09056091,-0.017486572,0.0028839111

316120312549,0.08717346,-0.007598877,0.0015411377

316320324756,-0.1421051,-0.0032806396,0.006134033

316520336963,0.086746216,0.038604736,-0.016937256

316720471240,-0.05505371,0.10369873,-0.048553467

316920452930,0.08375549,0.0014801025,-0.014160156

317120495654,-0.0076293945,0.07144165,-0.04310608

317320782520,-0.05392456,0.03315735,-0.017837524

317520642139,-0.067337036,0.024291992,-0.0036315918

317720654346,0.052841187,-0.010223389,0.0018157959

317920941211,0.05747986,0.037475586,-0.02911377

318120770313,-0.010131836,0.044204712,-0.0033721924

318320324756,-0.041641235,0.016159058,-0.0107421875

318520367480,0.033187866,0.08079529,-0.03642273

318720410205,-0.026367188,-0.019561768,-0.008926392

318921368457,-0.08404541,-0.054977417,0.01991272

319121014453,-0.021621704,0.053985596,-0.04081726

319321362354,-0.055480957,-0.02357483,0.004211426

319521771289,-0.5545044,0.24298096,-0.08140564

319721173145,-0.11630249,0.008102417,0.03475952

319921398975,0.08605957,-0.0118255615,-0.011962891

320121228076,0.13790894,0.042770386,-4.272461E-4

320321514941,0.44259644,-0.011871338,0.06915283

320521313525,0.2906494,-0.025497437,0.017623901

320721295215,0.06121826,0.054031372,-0.0627594

320921582080,0.107040405,-0.013259888,-0.08343506

321121411182,-0.030426025,-0.049041748,-0.032577515

321321484424,0.11846924,-0.05630493,-0.045455933

321521527148,-3.0517578E-4,0.0025939941,-4.272461E-4

321721691943,0.02746582,0.005859375,-0.012710571

321921582080,-0.032089233,0.009002686,-0.0068359375

322121685840,-0.0061798096,-4.4250488E-4,-0.019546509

322325085498,-0.028503418,-0.0061035156,5.340576E-4

322522198535,0.103515625,0.026000977,-0.011169434

322721905566,-0.083724976,0.0063323975,-0.019866943

322921887256,-0.0069274902,-0.003540039,-0.0074310303

323122235156,-0.0181427,-0.0018920898,-0.007751465

323322064258,0.06427002,0.03491211,0.026168823

323522351123,1.593811,0.13050842,0.37922668

323722241260,1.5401306,-0.03440857,0.19973755

323922283984,0.3226471,-0.050491333,0.045928955

324122601367,-0.033798218,-0.041412354,-0.10131836

324322460986,0.004348755,-0.013320923,0.031661987

324522503711,-0.0051116943,0.011672974,-0.039794922

324722515918,-0.04826355,-0.039916992,-0.018798828

324937542773,0.0856781,0.034698486,-0.0050201416

324937542773,0.0856781,0.034698486,-0.0050201416

325137799121,0.018920898,9.918213E-4,0.0033569336

325137799121,0.018920898,9.918213E-4,0.0033569336

325337872363,0.016036987,-0.002105713,-0.0044403076

325337872363,0.016036987,-0.002105713,-0.0044403076

325537640430,0.0017852783,-0.017959595,-0.012496948

325537640430,0.0017852783,-0.017959595,-0.012496948

