471663482225,-0.049972534,-0.0055236816,-0.04081726

471663482225,-0.049972534,-0.0055236816,-0.04081726

471863677537,-1.6530609,0.08746338,-0.23756409

471863677537,-1.6530609,0.08746338,-0.23756409

472063842332,-1.7789917,-0.04081726,0.04977417

472063842332,-1.7789917,-0.04081726,0.04977417

472263915575,-0.47375488,-0.41519165,0.088378906

472263915575,-0.47375488,-0.41519165,0.088378906

472478454149,0.025604248,-0.12979126,-0.09817505

472478454149,0.025604248,-0.12979126,-0.09817505

472689422166,0.40151978,-0.036758423,-0.022216797

472689422166,0.40151978,-0.036758423,-0.022216797

472889586961,0.1910553,0.021606445,-0.009460449

472889586961,0.1910553,0.021606445,-0.009460449

473089782274,0.02218628,0.0025482178,-0.019119263

473089782274,0.02218628,0.0025482178,-0.019119263

473290008104,-0.21986389,0.06135559,0.035186768

473290008104,-0.21986389,0.06135559,0.035186768

473490142381,0.059509277,0.063064575,0.037704468

473490142381,0.059509277,0.063064575,0.037704468

473690337694,-0.1819458,-0.04776001,-0.0448761

473690337694,-0.1819458,-0.04776001,-0.0448761

473890471971,0.07563782,-0.026992798,-0.028305054

473890471971,0.07563782,-0.026992798,-0.028305054

474090636766,0.008560181,-0.009521484,-0.01121521

474090636766,0.008560181,-0.009521484,-0.01121521

474290801561,0.2646942,-0.014602661,-0.0154418945

474290801561,0.2646942,-0.014602661,-0.0154418945

474490722215,-0.011306763,-0.0011901855,-0.00491333

474490722215,-0.011306763,-0.0011901855,-0.00491333

474691161668,-0.22007751,-0.0055236816,0.0049591064

474691161668,-0.22007751,-0.0055236816,0.0049591064

474891370734,0.099990845,-0.0052490234,-0.018478394

474891370734,0.099990845,-0.0052490234,-0.018478394

475091505011,0.05619812,-0.018661499,-0.0024108887

475091505011,0.05619812,-0.018661499,-0.0024108887

475291669806,-0.031921387,0.011886597,-0.0054016113

475291669806,-0.031921387,0.011886597,-0.0054016113

475491743048,0.22624207,0.016540527,-0.0019226074

475491743048,0.22624207,0.016540527,-0.0019226074

475691877326,-0.05819702,-0.015930176,-0.009674072

475691877326,-0.05819702,-0.015930176,-0.009674072

475892011603,-0.124801636,0.016433716,-0.011062622

475892011603,-0.124801636,0.016433716,-0.011062622

476092145880,0.021057129,-7.6293945E-4,-0.003692627

476092145880,0.021057129,-7.6293945E-4,-0.003692627

476292036017,0.17321777,0.032196045,-0.009506226

476292036017,0.17321777,0.032196045,-0.009506226

476491651495,-0.068618774,-0.0024261475,-0.0060424805

476491651495,-0.068618774,-0.0024261475,-0.0060424805

476691785773,-0.024871826,-0.0054626465,-0.0056152344

476691785773,-0.024871826,-0.0054626465,-0.0056152344

476891981085,-0.055526733,0.004470825,0.0036315918

476891981085,-0.055526733,0.004470825,0.0036315918

477092206915,-0.021194458,0.085861206,-0.02670288

477092206915,-0.021194458,0.085861206,-0.02670288

477292341193,-0.0790863,-0.0052490234,-0.023986816

477292341193,-0.0790863,-0.0052490234,-0.023986816

477492444953,-0.25169373,-0.0473938,0.014312744

477492444953,-0.25169373,-0.0473938,0.014312744

477692579230,0.2672577,-0.041519165,0.0029907227

477692579230,0.2672577,-0.041519165,0.0029907227

477893354376,-0.12954712,-0.02218628,0.0023956299

477893354376,-0.12954712,-0.02218628,0.0023956299

478093519171,0.05342102,0.014511108,-0.013458252

478093519171,0.05342102,0.014511108,-0.013458252

478293714484,-0.08389282,0.0047912598,-0.024627686

478293714484,-0.08389282,0.0047912598,-0.024627686

478493848761,0.09588623,0.0073547363,-0.0012817383

478493848761,0.09588623,0.0073547363,-0.0012817383

478693922003,-0.02583313,0.001159668,0.0043792725

478693922003,-0.02583313,0.001159668,0.0043792725

478894056281,-0.09921265,0.017868042,-0.0036315918

478894056281,-0.09921265,0.017868042,-0.0036315918

479094160040,0.0912323,-0.0050964355,-0.010955811

479094160040,0.0912323,-0.0050964355,-0.010955811

479294294318,-0.9236908,0.21723938,0.0011138916

479294294318,-0.9236908,0.21723938,0.0011138916

479494367560,0.34095764,0.12149048,-0.082901

479494367560,0.34095764,0.12149048,-0.082901

479694501837,0.27116394,-0.19152832,-0.07237244

479694501837,0.27116394,-0.19152832,-0.07237244

479894636115,0.2071228,-0.027526855,-0.0035858154

479894636115,0.2071228,-0.027526855,-0.0035858154

480094739874,0.18934631,-0.011016846,-0.01939392

480094739874,0.18934631,-0.011016846,-0.01939392

480294874152,0.033233643,-0.0030670166,-0.005874634

480294874152,0.033233643,-0.0030670166,-0.005874634

480495008429,0.04423523,9.460449E-4,-0.004486084

480495008429,0.04423523,9.460449E-4,-0.004486084

480695112189,-0.04046631,-0.02079773,0.0019683838

480695112189,-0.04046631,-0.02079773,0.0019683838

480895246466,-0.07218933,0.0010986328,-0.013458252

480895246466,-0.07218933,0.0010986328,-0.013458252

481095380744,-0.0262146,-0.014602661,0.023544312

481095380744,-0.0262146,-0.014602661,0.023544312

481295240363,0.19863892,0.027816772,-0.029800415

481295240363,0.19863892,0.027816772,-0.029800415

481495344122,-0.16165161,9.918213E-4,0.0023498535

481495344122,-0.16165161,9.918213E-4,0.0023498535

481695692023,0.22619629,0.020065308,-0.011062622

481695692023,0.22619629,0.020065308,-0.011062622

481895551642,-0.09799194,-0.01524353,0.0019683838

481895551642,-0.09799194,-0.01524353,0.0019683838

482095899542,0.042053223,0.0067596436,-0.0041656494

482095899542,0.042053223,0.0067596436,-0.0041656494

482296033820,-0.20811462,-0.0014038086,0.010253906

482296033820,-0.20811462,-0.0014038086,0.010253906

482496259650,-0.039779663,0.019256592,-0.010147095

482496259650,-0.039779663,0.019256592,-0.010147095

482696302374,0.0362854,-0.033721924,0.017456055

482696302374,0.0362854,-0.033721924,0.017456055

482896406134,-0.06530762,-0.008773804,0.017028809

482896406134,-0.06530762,-0.008773804,0.017028809

483096418341,0.039749146,0.009918213,-0.009185791

483096418341,0.039749146,0.009918213,-0.009185791

483296522101,-0.024765015,0.0027008057,-0.0066223145

483296522101,-0.024765015,0.0027008057,-0.0066223145

483496656378,-0.08126831,-0.0071258545,-0.005554199

483496656378,-0.08126831,-0.0071258545,-0.005554199

483696729620,0.045303345,0.0029144287,-0.010787964

483696729620,0.045303345,0.0029144287,-0.010787964

483896863898,0.044662476,0.004043579,0.0045318604

483896863898,0.044662476,0.004043579,0.0045318604

484096815070,0.06843567,0.0076141357,-0.004119873

484096815070,0.06843567,0.0076141357,-0.004119873

484296277960,-0.15881348,-0.0067443848,0.0014343262

484296277960,-0.15881348,-0.0067443848,0.0014343262

484496351203,-0.41500854,0.23524475,-0.095825195

484496351203,-0.41500854,0.23524475,-0.095825195

484696546515,-0.15827942,0.42755127,-0.082733154

484696546515,-0.15827942,0.42755127,-0.082733154

484896600756,-0.11294556,0.38243103,-0.076919556

484896600756,-0.11294556,0.38243103,-0.076919556

485096643481,-0.10472107,-0.025390625,0.012435913

485096643481,-0.10472107,-0.025390625,0.012435913

485296716723,0.15286255,-0.41001892,0.021194458

485296716723,0.15286255,-0.41001892,0.021194458

485496759448,0.26704407,-0.24702454,0.010681152

485496759448,0.26704407,-0.24702454,0.010681152

485697443041,0.13594055,-0.19436646,0.043258667

485697443041,0.13594055,-0.19436646,0.043258667

485897516284,0.077941895,-0.022613525,-0.024887085

485897516284,0.077941895,-0.022613525,-0.024887085

486097559008,0.2625122,-0.021331787,-0.0039520264

486097559008,0.2625122,-0.021331787,-0.0039520264

486297357592,-0.0053253174,0.0012054443,1.5258789E-4

486297357592,-0.0053253174,0.0012054443,1.5258789E-4

486497491869,-0.23913574,0.011459351,0.0043182373

486497491869,-0.23913574,0.011459351,0.0043182373

486697748217,0.25930786,-0.011550903,-0.013458252

486697748217,0.25930786,-0.011550903,-0.013458252

486897821459,0.073349,0.0025482178,-0.016235352

486897821459,0.073349,0.0025482178,-0.016235352

487097681078,-0.10220337,0.0149383545,-0.005126953

487097681078,-0.10220337,0.0149383545,-0.005126953

487297754321,0.047180176,0.007507324,-0.002456665

487297754321,0.047180176,0.007507324,-0.002456665

487497797045,-0.013504028,-0.0036010742,-6.4086914E-4

487497797045,-0.013504028,-0.0036010742,-6.4086914E-4

487697870287,0.07762146,0.0010528564,-0.009292603

487697870287,0.07762146,0.0010528564,-0.009292603

487897913012,-0.12901306,-0.0138549805,-0.014419556

487897913012,-0.12901306,-0.0138549805,-0.014419556

488097986254,0.08023071,0.0038757324,-0.009994507

488097986254,0.08023071,0.0038757324,-0.009994507

488298059496,-0.111450195,-0.001083374,0.0058135986

488298059496,-0.111450195,-0.001083374,0.0058135986

488498102221,0.022338867,-0.014221191,-0.011428833

488498102221,0.022338867,-0.014221191,-0.011428833

488698144946,-0.063323975,0.037582397,-0.0010223389

488698144946,-0.063323975,0.037582397,-0.0010223389

488898218188,-0.06556702,-0.013900757,0.026916504

488898218188,-0.06556702,-0.013900757,0.026916504

489098260912,-0.02658081,5.645752E-4,-0.0035858154

489098260912,-0.02658081,5.645752E-4,-0.0035858154

489298517260,0.13769531,-0.0073394775,0.0013885498

489298517260,0.13769531,-0.0073394775,0.0013885498

489498559985,-0.06428528,-0.013427734,-0.006088257

489498559985,-0.06428528,-0.013427734,-0.006088257

489698572192,-0.049118042,0.0032348633,-0.015335083

489698572192,-0.049118042,0.0032348633,-0.015335083

489898645434,-0.029464722,0.0030212402,-0.0027770996

489898645434,-0.029464722,0.0030212402,-0.0027770996

490098779711,0.123168945,0.007888794,-0.011108398

490098779711,0.123168945,0.007888794,-0.011108398

490298578295,-0.13969421,-0.001083374,0.0018157959

490298578295,-0.13969421,-0.001083374,0.0018157959

490498621020,-0.35160828,0.22087097,-0.14457703

490498621020,-0.35160828,0.22087097,-0.14457703

490698633227,-0.18060303,0.18023682,-0.015380859

490698633227,-0.18060303,0.18023682,-0.015380859

490898645434,0.2577057,-0.17150879,-0.034500122

490898645434,0.2577057,-0.17150879,-0.034500122

491098688159,0.15029907,-0.090270996,-0.005935669

491098688159,0.15029907,-0.090270996,-0.005935669

491298700366,0.04045105,-0.010910034,-0.021148682

491298700366,0.04045105,-0.010910034,-0.021148682

491498621020,0.14025879,-0.031311035,0.0037841797

491498621020,0.14025879,-0.031311035,0.0037841797

491698205981,-0.046081543,0.008468628,0.0041656494

491698205981,-0.046081543,0.008468628,0.0041656494

491898248705,0.0026855469,0.0037231445,0.0013275146

491898248705,0.0026855469,0.0037231445,0.0013275146

492098413500,0.011184692,4.119873E-4,-0.0029907227

492098413500,0.011184692,4.119873E-4,-0.0029907227

492298486743,0.04156494,0.007888794,-0.0044403076

492298486743,0.04156494,0.007888794,-0.0044403076

492498498950,-0.09547424,-0.009735107,0.007583618

492498498950,-0.09547424,-0.009735107,0.007583618

492698511157,0.00894165,0.0047302246,-0.007583618

492698511157,0.00894165,0.0047302246,-0.007583618

492898523364,0.03265381,0.012207031,0.0010681152

492898523364,0.03265381,0.012207031,0.0010681152

493098993334,0.04295349,1.373291E-4,-0.010635376

493098993334,0.04295349,1.373291E-4,-0.010635376

493299219164,6.5612793E-4,-6.1035156E-4,-0.0042266846

493299219164,6.5612793E-4,-6.1035156E-4,-0.0042266846

493499231371,-0.012329102,0.020751953,-0.016937256

493499231371,-0.012329102,0.020751953,-0.016937256

493699304614,0.05882263,0.011672974,-0.0070495605

493699304614,0.05882263,0.011672974,-0.0070495605

493899316821,0.13871765,0.03074646,-0.014480591

493899316821,0.13871765,0.03074646,-0.014480591

494099329028,-0.12971497,-0.024047852,-0.0029907227

494099329028,-0.12971497,-0.024047852,-0.0029907227

494299341235,0.0037078857,0.022033691,-0.002090454

494299341235,0.0037078857,0.022033691,-0.002090454

494499322924,0.07324219,-1.8310547E-4,-0.0037994385

494499322924,0.07324219,-1.8310547E-4,-0.0037994385

494699335131,-0.03427124,-0.013046265,-0.007156372

494699335131,-0.03427124,-0.013046265,-0.007156372

494899348311,-0.060653687,-0.008621216,0.0047454834

494899348311,-0.060653687,-0.008621216,0.0047454834

495099360518,-0.27861023,0.017715454,-0.01399231

495099360518,-0.27861023,0.017715454,-0.01399231

495299372725,-0.19422913,0.19000244,0.01638794

495299372725,-0.19422913,0.19000244,0.01638794

495499140792,-0.4130249,-0.015563965,0.0262146

495499140792,-0.4130249,-0.015563965,0.0262146

495699397139,-1.2562561,0.20367432,0.13291931

495699397139,-1.2562561,0.20367432,0.13291931

495899439864,-1.5329437,0.08073425,0.1837616

495899439864,-1.5329437,0.08073425,0.1837616

496099452071,-0.14930725,0.08666992,0.07647705

496099452071,-0.14930725,0.08666992,0.07647705

496299281173,0.008087158,-0.040771484,-0.0013885498

496299281173,0.008087158,-0.040771484,-0.0013885498

496499323897,0.9992981,0.046554565,-0.22810364

496499323897,0.9992981,0.046554565,-0.22810364

496699641280,1.2547913,-0.08157349,-0.15905762

496699641280,1.2547913,-0.08157349,-0.15905762

496899684005,0.77552795,-0.22982788,0.004211426

496899684005,0.77552795,-0.22982788,0.004211426

497099726729,0.464386,-0.38464355,0.05885315

497099726729,0.464386,-0.38464355,0.05885315

497299799971,0.16375732,-0.017105103,-0.021530151

497299799971,0.16375732,-0.017105103,-0.021530151

497499842696,0.22470093,-0.04878235,0.0410614

497499842696,0.22470093,-0.04878235,0.0410614

497699976973,0.11878967,0.018997192,-0.044708252

497699976973,0.11878967,0.018997192,-0.044708252

497899958663,-0.055419922,0.00932312,0.013504028

497899958663,-0.055419922,0.00932312,0.013504028

498100001387,-0.0072021484,0.011886597,-0.0014953613

498100001387,-0.0072021484,0.011886597,-0.0014953613

498300044112,-0.066848755,0.012634277,-0.014953613

498300044112,-0.066848755,0.012634277,-0.014953613

498500117354,0.043441772,0.012527466,-0.014205933

498500117354,0.043441772,0.012527466,-0.014205933

498700282149,0.15730286,0.009063721,-0.01020813

498700282149,0.15730286,0.009063721,-0.01020813

498899470382,-0.046722412,-0.006591797,-0.004119873

498899470382,-0.046722412,-0.006591797,-0.004119873

499099543624,-0.02696228,0.0126953125,-0.01512146

499099543624,-0.02696228,0.0126953125,-0.01512146

499299586348,-0.020126343,0.0045166016,0.004699707

499299586348,-0.020126343,0.0045166016,0.004699707

499499720626,0.091934204,0.025466919,-0.03125

499499720626,0.091934204,0.025466919,-0.03125

499699763350,-0.035186768,-0.002746582,-0.0071105957

499699763350,-0.035186768,-0.002746582,-0.0071105957

499899806075,-0.09329224,0.011734009,0.0016021729

499899806075,-0.09329224,0.011734009,0.0016021729

500099848800,-0.12623596,0.21398926,-0.110458374

500099848800,-0.12623596,0.21398926,-0.110458374

500300532393,-0.69511414,0.11679077,-0.10116577

500300532393,-0.69511414,0.11679077,-0.10116577

500500514083,-0.12495422,0.04612732,0.09335327

500500514083,-0.12495422,0.04612732,0.09335327

500700617842,-0.011260986,-0.027999878,-0.0115356445

500700617842,-0.011260986,-0.027999878,-0.0115356445

500900691085,0.10095215,-0.0158844,-0.040924072

500900691085,0.10095215,-0.0158844,-0.040924072

501100733809,0.13449097,-0.044403076,0.02418518

501100733809,0.13449097,-0.044403076,0.02418518

501300593428,0.049316406,-0.027740479,0.049179077

501300593428,0.049316406,-0.027740479,0.049179077

501500636153,0.05999756,-0.30651855,0.266922

501500636153,0.05999756,-0.30651855,0.266922

501700923018,0.06324768,-0.3726349,0.29042053

501700923018,0.06324768,-0.3726349,0.29042053

501900965743,-0.06402588,0.0644989,-0.09667969

501900965743,-0.06402588,0.0644989,-0.09667969

502101038985,0.07281494,0.42237854,-0.3108368

502101038985,0.07281494,0.42237854,-0.3108368

502301081710,-0.05114746,0.40213013,-0.31340027

502301081710,-0.05114746,0.40213013,-0.31340027

502501124434,0.013748169,0.3338318,0.15620422

502501124434,0.013748169,0.3338318,0.15620422

502701258712,-0.24682617,0.24346924,0.09660339

502701258712,-0.24682617,0.24346924,0.09660339

502901209883,-0.8803253,-0.57369995,0.20245361

502901209883,-0.8803253,-0.57369995,0.20245361

503101252608,0.33258057,-0.67570496,0.0076293945

503101252608,0.33258057,-0.67570496,0.0076293945

503301325850,0.27590942,-0.32136536,-0.0634613

503301325850,0.27590942,-0.32136536,-0.0634613

503501399092,0.230896,-0.107681274,-0.04626465

503501399092,0.230896,-0.107681274,-0.04626465

503701411300,0.33161926,-0.048568726,-0.012557983

503701411300,0.33161926,-0.048568726,-0.012557983

503901454024,-0.10797119,-0.018493652,0.013824463

503901454024,-0.10797119,-0.018493652,0.013824463

504101496749,0.19244385,-0.0058898926,-0.02670288

504101496749,0.19244385,-0.0058898926,-0.02670288

504301539473,-0.20046997,-0.00541687,0.014892578

504301539473,-0.20046997,-0.00541687,0.014892578

504501582198,-0.07759094,0.02999878,-0.009674072

504501582198,-0.07759094,0.02999878,-0.009674072

504701624923,0.07862854,0.0077209473,-1.6784668E-4

504701624923,0.07862854,0.0077209473,-1.6784668E-4

504900931002,0.15100098,-2.89917E-4,-0.019073486

504900931002,0.15100098,-2.89917E-4,-0.019073486

505122763278,-0.08517456,-0.003540039,-0.013092041

505122763278,-0.08517456,-0.003540039,-0.013092041

505321554782,0.0015106201,-0.0018920898,0.012176514

505321554782,0.0015106201,-0.0018920898,0.012176514

505521505953,-0.0023345947,0.019897461,0.017028809

505521505953,-0.0023345947,0.019897461,0.017028809

505721640231,0.011230469,0.06808472,-0.030288696

505721640231,0.011230469,0.06808472,-0.030288696

505921591403,0.08920288,-0.012466431,-0.014633179

505921591403,0.08920288,-0.012466431,-0.014633179

506121573092,0.030670166,0.042129517,-0.03327942

506121573092,0.030670166,0.042129517,-0.03327942

506321859957,-0.16629028,0.009109497,6.4086914E-4

506321859957,-0.16629028,0.009109497,6.4086914E-4

506521628024,-0.018249512,-0.002746582,-0.0054016113

506521628024,-0.018249512,-0.002746582,-0.0054016113

506721640231,-0.052749634,0.022521973,0.0014953613

506721640231,-0.052749634,0.022521973,0.0014953613

506921957614,0.09887695,0.009384155,-0.036849976

506921957614,0.09887695,0.009384155,-0.036849976

507121695162,-0.1003418,-0.02255249,-0.0035858154

507121695162,-0.1003418,-0.02255249,-0.0035858154

507321859957,0.0393219,0.038864136,-0.014907837

507321859957,0.0393219,0.038864136,-0.014907837

507521811129,-0.03187561,-0.0309906,0.0057678223

507521811129,-0.03187561,-0.0309906,0.0057678223

507725302340,-0.003616333,-7.171631E-4,-0.005874634

507725302340,-0.003616333,-7.171631E-4,-0.005874634

507922110202,-0.16191101,0.044311523,0.0036773682

507922110202,-0.16191101,0.044311523,0.0036773682

508122000338,-0.40582275,0.34306335,-0.036483765

508122000338,-0.40582275,0.34306335,-0.036483765

508322378756,-0.049819946,0.5280609,-0.0032653809

508322378756,-0.049819946,0.5280609,-0.0032653809

508521994235,-0.009918213,0.046661377,-0.048980713

508521994235,-0.009918213,0.046661377,-0.048980713

508722006442,0.029815674,-0.2467041,-0.065597534

508722006442,0.029815674,-0.2467041,-0.065597534

508922598483,0.18052673,-0.29481506,0.04336548

508922598483,0.18052673,-0.29481506,0.04336548

509121542575,0.34432983,-0.3156433,0.0045928955

509121542575,0.34432983,-0.3156433,0.0045928955

509321524264,0.11543274,-0.014389038,-0.006149292

509321524264,0.11543274,-0.014389038,-0.006149292

509521536471,0.3119049,-0.031799316,-0.0129852295

509521536471,0.3119049,-0.031799316,-0.0129852295

509722708346,0.059036255,0.0438385,-0.016448975

509722708346,0.059036255,0.0438385,-0.016448975

509922110202,3.3569336E-4,-0.020095825,-0.0039520264

509922110202,3.3569336E-4,-0.020095825,-0.0039520264

510121664645,-0.025146484,-0.003326416,-0.006515503

510121664645,-0.025146484,-0.003326416,-0.006515503

510324148776,0.0146484375,0.0028686523,0.0029296875

510324148776,0.0146484375,0.0028686523,0.0029296875

510522513034,0.03543091,0.001159668,-0.0032043457

510522513034,0.03543091,0.001159668,-0.0032043457

510722342135,-0.010238647,-0.033615112,0.014846802

510722342135,-0.010238647,-0.033615112,0.014846802

510925863864,0.039916992,0.0055389404,-0.019226074

510925863864,0.039916992,0.0055389404,-0.019226074

511122641207,-0.31251526,0.011138916,0.010253906

511122641207,-0.31251526,0.011138916,0.010253906

511322409274,0.16381836,0.014724731,-0.021896362

511322409274,0.16381836,0.014724731,-0.021896362

511522818209,-0.040893555,-0.0116119385,-0.0029449463

511522818209,-0.040893555,-0.0116119385,-0.0029449463

511722555758,-0.05996704,-0.0124053955,0.002822876

511722555758,-0.05996704,-0.0124053955,0.002822876

511922659518,0.09208679,0.012054443,-0.008285522

511922659518,0.09208679,0.012054443,-0.008285522

512122915866,-0.12843323,0.032943726,0.0

512122915866,-0.12843323,0.032943726,0.0

512322165133,0.16381836,0.00793457,-0.035461426

512322165133,0.16381836,0.00793457,-0.035461426

512522848727,-0.08250427,-0.008346558,-0.0073242188

512522848727,-0.08250427,-0.008346558,-0.0073242188

512722769381,-0.006668091,0.067230225,-0.018371582

512722769381,-0.006668091,0.067230225,-0.018371582

512922812106,0.019622803,-0.014968872,-0.0073242188

512922812106,0.019622803,-0.014968872,-0.0073242188

513123190524,0.18458557,0.015731812,0.004425049

513123190524,0.18458557,0.015731812,0.004425049

513322928073,-0.16949463,-0.014923096,-0.0011291504

513322928073,-0.16949463,-0.014923096,-0.0011291504

513522940280,-0.019744873,-0.01737976,-0.004760742

513522940280,-0.019744873,-0.01737976,-0.004760742

513723257662,0.062072754,0.0029754639,-2.1362305E-4

513723257662,0.062072754,0.0029754639,-2.1362305E-4

513923056246,-0.0149383545,0.010391235,-5.950928E-4

513923056246,-0.0149383545,0.010391235,-5.950928E-4

514123098971,-0.04789734,-0.01689148,-0.0062561035

514123098971,-0.04789734,-0.01689148,-0.0062561035

514323416354,0.019515991,0.012268066,-0.0023040771

514323416354,0.019515991,0.012268066,-0.0023040771

514523184420,0.0015563965,0.056488037,-0.052078247

514523184420,0.0015563965,0.056488037,-0.052078247

514723471285,0.10800171,0.006500244,-0.0036315918

514723471285,0.10800171,0.006500244,-0.0036315918

514923330905,-0.14065552,0.024612427,-0.022918701

514923330905,-0.14065552,0.024612427,-0.022918701

515126913668,-0.026687622,0.05580139,-0.009994507

515126913668,-0.026687622,0.05580139,-0.009994507

515323576323,-0.0031433105,-0.055404663,-0.008392334

515323576323,-0.0031433105,-0.055404663,-0.008392334

515523374907,0.08200073,-0.004180908,0.006881714

515523374907,0.08200073,-0.004180908,0.006881714

515724089018,-0.111343384,0.058944702,-0.009353638

515724089018,-0.111343384,0.058944702,-0.009353638

515923490874,0.03211975,0.033584595,-0.049468994

515923490874,0.03211975,0.033584595,-0.049468994

516123533598,-0.42344666,0.19390869,-0.03086853

516123533598,-0.42344666,0.19390869,-0.03086853

516323454252,-0.16656494,0.70254517,-0.008972168

516323454252,-0.16656494,0.70254517,-0.008972168

516523069731,-0.1544342,0.6492462,-0.103881836

516523069731,-0.1544342,0.6492462,-0.103881836

516723112456,0.043701172,-0.07585144,0.013458252

516723112456,0.043701172,-0.07585144,0.013458252

516923307768,-0.14263916,-0.5878601,-0.025375366

516923307768,-0.14263916,-0.5878601,-0.025375366

517123655668,-0.0579834,-0.43655396,-0.037231445

517123655668,-0.0579834,-0.43655396,-0.037231445

517323332182,0.5446472,-0.2654419,0.010574341

517323332182,0.5446472,-0.2654419,0.010574341

517523344389,0.17588806,-0.18977356,0.041488647

517523344389,0.17588806,-0.18977356,0.041488647

517724027983,0.3505249,-0.007446289,-0.048187256

517724027983,0.3505249,-0.007446289,-0.048187256

517923765532,-0.113586426,-0.019302368,-0.0025177002

517923765532,-0.113586426,-0.019302368,-0.0025177002

518123747221,-0.010986328,0.008850098,0.034866333

518123747221,-0.010986328,0.008850098,0.034866333

518323850981,0.12835693,0.038650513,-0.059555054

518323850981,0.12835693,0.038650513,-0.059555054

518523802153,-0.09269714,-0.0073394775,0.010406494

518523802153,-0.09269714,-0.0073394775,0.010406494

518727293364,-0.067337036,0.0020599365,0.0048065186

518727293364,-0.067337036,0.0020599365,0.0048065186

518924009672,0.16926575,0.012207031,-0.028411865

518924009672,0.16926575,0.012207031,-0.028411865

519123838774,0.043060303,-0.010116577,-0.0113220215

519123838774,0.043060303,-0.010116577,-0.0113220215

519327299467,-0.29595947,0.014877319,0.030273438

519327299467,-0.29595947,0.014877319,0.030273438

519524046293,0.10058594,-0.03942871,0.0287323

519524046293,0.10058594,-0.03942871,0.0287323

519723844877,-0.06359863,-0.004348755,0.0032043457

519723844877,-0.06359863,-0.004348755,0.0032043457

519923796049,0.11116028,-0.00289917,-0.018051147

519923796049,0.11116028,-0.00289917,-0.018051147

520124052397,-0.06637573,0.005004883,-0.025482178

520124052397,-0.06637573,0.005004883,-0.025482178

520323850981,-0.14819336,0.007888794,0.008972168

520323850981,-0.14819336,0.007888794,0.008972168

520527464262,0.07136536,0.014877319,-0.030548096

520527464262,0.07136536,0.014877319,-0.030548096

520724119536,-0.54125977,0.54777527,-0.1554718

520724119536,-0.54125977,0.54777527,-0.1554718

520923948637,-0.07310486,0.40956116,-0.15692139

520923948637,-0.07310486,0.40956116,-0.15692139

521124204985,0.18811035,-0.1910553,-0.060409546

521124204985,0.18811035,-0.1910553,-0.060409546

521324003569,0.27575684,-0.12071228,0.05949402

521324003569,0.27575684,-0.12071228,0.05949402

521524046293,0.060958862,-0.16766357,0.05255127

521524046293,0.060958862,-0.16766357,0.05255127

521724394194,0.080825806,-0.16546631,0.06253052

521724394194,0.080825806,-0.16546631,0.06253052

521924223295,0.14213562,-0.0856781,0.06690979

521924223295,0.14213562,-0.0856781,0.06690979

522124296538,0.22961426,-0.051712036,0.005126953

522124296538,0.22961426,-0.051712036,0.005126953

522324339262,-0.065460205,0.0049438477,-0.012451172

522324339262,-0.065460205,0.0049438477,-0.012451172

522524381987,-0.039352417,-0.0077056885,0.0020751953

522524381987,-0.039352417,-0.0077056885,0.0020751953

522724760405,0.06277466,-0.016464233,-0.0062561035

522724760405,0.06277466,-0.016464233,-0.0062561035

522924528471,0.086639404,-0.014923096,-0.008651733

522924528471,0.086639404,-0.014923096,-0.008651733

523124571196,-0.11769104,0.0181427,-0.0066223145

523124571196,-0.11769104,0.0181427,-0.0066223145

523324888579,0.027786255,4.5776367E-4,-0.009292603

523324888579,0.027786255,4.5776367E-4,-0.009292603

523524717680,-0.17745972,0.011413574,0.006881714

523524717680,-0.17745972,0.011413574,0.006881714

523724272124,0.04786682,0.017974854,0.008377075

523724272124,0.04786682,0.017974854,0.008377075

523924314848,-0.048690796,0.011627197,-0.018753052

523924314848,-0.048690796,0.011627197,-0.018753052

524124357573,0.08317566,0.0262146,-0.03627014

524124357573,0.08317566,0.0262146,-0.03627014

524324552885,-0.022369385,0.030960083,-0.017196655

524324552885,-0.022369385,0.030960083,-0.017196655

524524595610,0.05038452,-0.005569458,-0.009567261

524524595610,0.05038452,-0.005569458,-0.009567261

524725340239,0.0014038086,-0.0010375977,-0.002456665

524725340239,0.0014038086,-0.0010375977,-0.002456665

524925688139,-0.0070343018,0.0036621094,-0.0033721924

524925688139,-0.0070343018,0.0036621094,-0.0033721924

525125059477,0.05316162,-0.0158844,3.2043457E-4

525125059477,0.05316162,-0.0158844,3.2043457E-4

525325712553,0.0057373047,4.5776367E-4,-0.023666382

525325712553,0.0057373047,4.5776367E-4,-0.023666382

525525083166,-0.046722412,0.0012054443,0.006668091

525525083166,-0.046722412,0.0012054443,0.006668091

525725125891,0.036758423,0.021881104,-0.029266357

525725125891,0.036758423,0.021881104,-0.029266357

525925412756,0.119644165,0.012634277,-0.019973755

525925412756,0.119644165,0.012634277,-0.019973755

526125180822,-4.119873E-4,0.07518005,-0.046051025

526125180822,-4.119873E-4,0.07518005,-0.046051025

526326413733,-0.1550293,-0.024154663,-0.0031585693

526326413733,-0.1550293,-0.024154663,-0.0031585693

526525235754,-0.9746399,0.516098,-0.032684326

526525235754,-0.9746399,0.516098,-0.032684326

526725247961,0.24162292,0.7562103,0.2531433

526725247961,0.24162292,0.7562103,0.2531433

526925382238,0.010055542,0.29089355,0.06440735

526925382238,0.010055542,0.29089355,0.06440735

527125363928,-0.22680664,-0.6816406,-0.14212036

527125363928,-0.22680664,-0.6816406,-0.14212036

527328916174,0.5702362,-0.45733643,-0.38571167

527328916174,0.5702362,-0.45733643,-0.38571167

527525663000,0.309021,-0.13598633,-0.04423523

527525663000,0.309021,-0.13598633,-0.04423523

527725492102,0.11740112,-0.098602295,0.0017089844

527725492102,0.11740112,-0.098602295,0.0017089844

527925656897,0.12722778,-0.03302002,0.012969971

527925656897,0.12722778,-0.03302002,0.012969971

528125791174,0.19526672,-0.024536133,-0.016662598

528125791174,0.19526672,-0.024536133,-0.016662598

528325589758,0.031051636,0.0018463135,-0.0029907227

528325589758,0.031051636,0.0018463135,-0.0029907227

528527005774,-0.015426636,9.460449E-4,0.0013885498

528527005774,-0.015426636,9.460449E-4,0.0013885498

528725736242,0.03440857,-0.0025787354,-0.0050201416

528725736242,0.03440857,-0.0025787354,-0.0050201416

528925748449,-0.027648926,-0.003921509,4.7302246E-4

528925748449,-0.027648926,-0.003921509,4.7302246E-4

529126065832,-0.027923584,-0.013427734,0.024139404

529126065832,-0.027923584,-0.013427734,0.024139404

529325864416,0.08766174,0.020812988,-0.02456665

529325864416,0.08766174,0.020812988,-0.02456665

529526853186,-0.016967773,0.0038757324,-0.001449585

529526853186,-0.016967773,0.0038757324,-0.001449585

529725949865,-0.071014404,-0.0044555664,-0.0259552

529725949865,-0.071014404,-0.0044555664,-0.0259552

529925992590,-0.078811646,0.016906738,0.020980835

529925992590,-0.078811646,0.016906738,0.020980835

530126248938,0.028808594,-0.009735107,-0.0090789795

530126248938,0.028808594,-0.009735107,-0.0090789795

530326017004,0.010864258,-0.0056762695,0.0037384033

530326017004,0.010864258,-0.0056762695,0.0037384033

530526486975,-0.03540039,0.017074585,-0.0076904297

530526486975,-0.03540039,0.017074585,-0.0076904297

530726071936,0.010757446,-2.2888184E-4,-0.006088257

530726071936,0.010757446,-2.2888184E-4,-0.006088257

530926145178,-0.0029754639,0.09724426,-0.06404114

530926145178,-0.0029754639,0.09724426,-0.06404114

531125608068,-0.030426025,0.015411377,-0.018325806

531125608068,-0.030426025,0.015411377,-0.018325806

531325650793,0.003112793,-0.013534546,-0.01373291

531325650793,0.003112793,-0.013534546,-0.01373291

531526029211,0.0066375732,-0.0024719238,0.0012817383

531526029211,0.0066375732,-0.0024719238,0.0012817383

531726468664,-0.0011138916,-0.00289917,-0.006088257

531726468664,-0.0011138916,-0.00289917,-0.006088257

531925840002,8.69751E-4,-7.6293945E-4,-0.0050811768

531925840002,8.69751E-4,-7.6293945E-4,-0.0050811768

532170163733,0.046798706,-0.0023651123,-0.007156372

532371457678,0.059509277,0.038391113,-0.04840088

532571408850,-0.17376709,-0.021697998,0.0068359375

532771421057,0.016784668,-7.6293945E-5,0.0033111572

532971433264,0.10522461,0.0041503906,-0.012710571

532170163733,0.046798706,-0.0023651123,-0.007156372

532371457678,0.059509277,0.038391113,-0.04840088

532571408850,-0.17376709,-0.021697998,0.0068359375

532771421057,0.016784668,-7.6293945E-5,0.0033111572

532971433264,0.10522461,0.0041503906,-0.012710571

533218686682,-0.06573486,-0.016952515,0.0051727295

533218686682,-0.06573486,-0.016952515,0.0051727295

533426694494,0.014602661,0.0012664795,-0.0029449463

533629636389,-4.7302246E-4,0.0065460205,-0.0028381348

533826657873,-0.056167603,0.021606445,0.008056641

534026486975,-0.04725647,0.034225464,0.020980835

534226865393,-0.085006714,0.0753479,0.013504028

534426816565,-0.08389282,0.0061798096,-0.0010223389

534629697424,-0.08660889,0.03529358,-0.0062561035

534826779943,-0.03401184,0.02696228,0.011260986

535026486975,-0.05873108,0.05381775,-0.013305664

535226499182,-0.08190918,-0.004180908,-0.014480591

535426084143,-0.21591187,-0.006210327,0.007904053

535626113656,-0.31663513,0.11668396,0.023712158

535826308968,-0.09729004,-0.024261475,-0.002670288

536027419808,0.21022034,-0.10154724,-0.055236816

536226760628,0.13117981,-0.11665344,-0.03263855

536426650765,0.017913818,-0.028320312,-0.009185791

536626968148,0.09877014,-0.04978943,0.017837524

536827224496,-0.09222412,-0.017486572,0.010253906

537026992562,0.05091858,0.0031280518,0.039993286

537227004769,0.023254395,-0.101119995,0.07658386

537427139046,0.019302368,-0.046218872,0.018051147

537627517464,-0.11555481,0.052215576,-0.065597534

537830459359,0.09283447,-0.108810425,0.0973053

538027480843,0.01689148,-0.00680542,-0.0056610107

538227554085,-0.0070343018,-0.022720337,-0.0048675537

538429397347,0.03201294,-0.010971069,-0.019226074

533426711800,0.014602661,0.0012664795,-0.0029449463

533629653695,-4.7302246E-4,0.0065460205,-0.0028381348

533826675179,-0.056167603,0.021606445,0.008056641

534026504281,-0.04725647,0.034225464,0.020980835

534226882699,-0.085006714,0.0753479,0.013504028

534426833871,-0.08389282,0.0061798096,-0.0010223389

534629714730,-0.08660889,0.03529358,-0.0062561035

534826797249,-0.03401184,0.02696228,0.011260986

535026504281,-0.05873108,0.05381775,-0.013305664

535226516488,-0.08190918,-0.004180908,-0.014480591

535426101449,-0.21591187,-0.006210327,0.007904053

535626113656,-0.31663513,0.11668396,0.023712158

535826308968,-0.09729004,-0.024261475,-0.002670288

536027419808,0.21022034,-0.10154724,-0.055236816

536226760628,0.13117981,-0.11665344,-0.03263855

536426650765,0.017913818,-0.028320312,-0.009185791

536626968148,0.09877014,-0.04978943,0.017837524

536827224496,-0.09222412,-0.017486572,0.010253906

537026992562,0.05091858,0.0031280518,0.039993286

537227004769,0.023254395,-0.101119995,0.07658386

537427139046,0.019302368,-0.046218872,0.018051147

537627517464,-0.11555481,0.052215576,-0.065597534

537830459359,0.09283447,-0.108810425,0.0973053

538027480843,0.01689148,-0.00680542,-0.0056610107

538227554085,-0.0070343018,-0.022720337,-0.0048675537

538429397347,0.03201294,-0.010971069,-0.019226074

538628738167,-0.07962036,0.031341553,-0.04096985

538628738167,-0.07962036,0.031341553,-0.04096985

538828689339,-0.020446777,-0.03340149,0.046295166

538828689339,-0.020446777,-0.03340149,0.046295166

539028640511,0.062026978,-0.009521484,-0.025268555

539028640511,0.062026978,-0.009521484,-0.025268555

539227798226,-0.09799194,0.12452698,0.013244629

539227798226,-0.09799194,0.12452698,0.013244629

539427932503,-0.0579834,0.12837219,-0.02708435

539427932503,-0.0579834,0.12837219,-0.02708435

539628738167,0.3235016,-0.07965088,0.064453125

539628738167,0.3235016,-0.07965088,0.064453125

539828078988,0.118637085,-0.17642212,0.012390137

539828078988,0.118637085,-0.17642212,0.012390137

540028762581,0.28248596,-0.01966858,-0.029052734

540028762581,0.28248596,-0.01966858,-0.029052734

540227981331,-0.11048889,-0.017852783,0.010513306

540227981331,-0.11048889,-0.017852783,0.010513306

540427993539,0.032165527,0.021392822,-0.017837524

540427993539,0.032165527,0.021392822,-0.017837524

540627822640,0.10133362,-0.015182495,0.0022888184

540627822640,0.10133362,-0.015182495,0.0022888184

540828078988,-0.114593506,-0.0036010742,-0.0030517578

540828078988,-0.114593506,-0.0036010742,-0.0030517578

541027847054,0.08215332,-0.0021514893,-0.014526367

541027847054,0.08215332,-0.0021514893,-0.014526367

541227920296,-4.119873E-4,-0.0020446777,-0.0039520264

541227920296,-4.119873E-4,-0.0020446777,-0.0039520264

541427993539,0.009262085,0.001739502,-0.0027313232

541427993539,0.009262085,0.001739502,-0.0027313232

541628066781,-0.018203735,-0.0034332275,-0.006362915

541628066781,-0.018203735,-0.0034332275,-0.006362915

541828140023,-0.11790466,-0.019729614,0.013244629

541828140023,-0.11790466,-0.019729614,0.013244629

542028457406,0.081466675,0.0061798096,-0.035736084

542028457406,0.081466675,0.0061798096,-0.035736084

542228286507,-0.072250366,0.010284424,0.007797241

542228286507,-0.072250366,0.010284424,0.007797241

542428664925,-0.096710205,-0.013961792,0.0045928955

542428664925,-0.096710205,-0.013961792,0.0045928955

542628494027,0.13993835,0.02482605,-0.008392334

542628494027,0.13993835,0.02482605,-0.008392334

542827895882,-0.07043457,0.07774353,-0.071899414

542827895882,-0.07043457,0.07774353,-0.071899414

543027969124,0.0015106201,-0.0013580322,-0.0056152344

543027969124,0.0015106201,-0.0013580322,-0.0056152344

543228042367,-0.02482605,0.03401184,-0.009460449

543228042367,-0.02482605,0.03401184,-0.009460449

543428237679,0.02507019,0.0071868896,-0.0024108887

543428237679,0.02507019,0.0071868896,-0.0024108887

543628188851,0.15762329,0.03352356,-0.032211304

543628188851,0.15762329,0.03352356,-0.032211304

543828628304,0.050964355,0.0410614,-0.031936646

543828628304,0.050964355,0.0410614,-0.031936646

544028762581,-0.24842834,0.0061187744,2.1362305E-4

544028762581,-0.24842834,0.0061187744,2.1362305E-4

544229385140,-0.39620972,0.2682953,-0.063934326

544229385140,-0.39620972,0.2682953,-0.063934326

544428848031,-0.29029846,0.48234558,0.119522095

544428848031,-0.29029846,0.48234558,0.119522095

544628860238,-0.029205322,0.023376465,-0.027130127

544628860238,-0.029205322,0.023376465,-0.027130127

544829238656,0.820282,-0.34806824,-0.21299744

544829238656,0.820282,-0.34806824,-0.21299744

545028884652,0.37530518,-0.20002747,-0.04562378

545028884652,0.37530518,-0.20002747,-0.04562378

545229018929,-0.0053253174,-0.06362915,-0.014953613

545229018929,-0.0053253174,-0.06362915,-0.014953613

545428970101,0.19430542,0.0038757324,-0.032211304

545428970101,0.19430542,0.0038757324,-0.032211304

545628921273,-0.057937622,0.0038757324,0.019805908

545628921273,-0.057937622,0.0038757324,0.019805908

545828992942,0.072280884,-0.004348755,-0.016830444

545828992942,0.072280884,-0.004348755,-0.016830444

546029371360,-0.003036499,8.392334E-4,-0.001876831

546029371360,-0.003036499,8.392334E-4,-0.001876831

546232252219,0.0030670166,9.460449E-4,-0.0023498535

546232252219,0.0030670166,9.460449E-4,-0.0023498535

546429334739,0.023040771,-0.004501343,-0.008224487

546429334739,0.023040771,-0.004501343,-0.008224487

546629469016,-0.01927185,0.02835083,-0.027877808

546629469016,-0.01927185,0.02835083,-0.027877808

546832532981,-0.017288208,-0.007659912,0.0037384033

546832532981,-0.017288208,-0.007659912,0.0037384033

547029432395,-0.041427612,-0.014007568,0.0115356445

547029432395,-0.041427612,-0.014007568,0.0115356445

547229261497,0.031311035,0.025253296,-0.016189575

547229261497,0.031311035,0.025253296,-0.016189575

547429578880,0.011550903,-0.006378174,-8.087158E-4

547429578880,0.011550903,-0.006378174,-8.087158E-4

547629285911,-0.0019683838,0.0019073486,-0.006362915

547629285911,-0.0019683838,0.0019073486,-0.006362915

547829298118,0.0077667236,0.042922974,0.010894775

547829298118,0.0077667236,0.042922974,0.010894775

548029554466,0.03665161,0.012420654,-0.009033203

548029554466,0.03665161,0.012420654,-0.009033203

548229261497,0.0448761,-0.019454956,-0.020721436

548229261497,0.0448761,-0.019454956,-0.020721436

548429395774,-0.023971558,0.005432129,0.0032043457

548429395774,-0.023971558,0.005432129,0.0032043457

548629285911,0.057754517,-0.018341064,-0.014099121

548629285911,0.057754517,-0.018341064,-0.014099121

548829481223,0.13027954,0.062210083,-0.037338257

548829481223,0.13027954,0.062210083,-0.037338257

549029676536,-0.0010070801,0.0012054443,-0.003479004

549029676536,-0.0010070801,0.0012054443,-0.003479004

549229383567,-0.11010742,-0.008621216,-0.005722046

549229383567,-0.11010742,-0.008621216,-0.005722046

549429456809,-0.07646179,0.0063323975,0.008010864

549429456809,-0.07646179,0.0063323975,0.008010864

549629530051,0.08920288,-0.024047852,-0.009033203

549629530051,0.08920288,-0.024047852,-0.009033203

549829420188,-0.045654297,0.009963989,0.0011749268

549829420188,-0.045654297,0.009963989,0.0011749268

550029005149,-0.02027893,-0.014328003,-0.01234436

550029005149,-0.02027893,-0.014328003,-0.01234436

550229017356,0.016784668,0.0056915283,-0.010467529

550229017356,0.016784668,0.0056915283,-0.010467529

550429151633,-0.05996704,-0.0065307617,0.006942749

550429151633,-0.05996704,-0.0065307617,0.006942749

550629835227,-0.033309937,0.0022277832,0.0045318604

550629835227,-0.033309937,0.0022277832,0.0045318604

550829359153,-0.016601562,0.0036621094,0.0025634766

550829359153,-0.016601562,0.0036621094,0.0025634766

551030164817,-0.17681885,0.14082336,0.0039978027

551030164817,-0.17681885,0.14082336,0.0039978027

551229993919,-0.21943665,0.5417328,0.16470337

551229993919,-0.21943665,0.5417328,0.16470337

551429884055,-0.30877686,0.20822144,-0.10020447

551429884055,-0.30877686,0.20822144,-0.10020447

551631116966,-0.15710449,-0.13929749,-0.25758362

551631116966,-0.15710449,-0.13929749,-0.25758362

551829847434,0.3274536,-0.14608765,0.021621704

551829847434,0.3274536,-0.14608765,0.021621704

552029798606,0.22250366,-0.114471436,0.042297363

552029798606,0.22250366,-0.114471436,0.042297363

552229810813,0.17225647,-0.03981018,0.01687622

552229810813,0.17225647,-0.03981018,0.01687622

552429945091,-0.08479309,-0.018173218,0.0056610107

552429945091,-0.08479309,-0.018173218,0.0056610107

552630201438,0.07388306,0.034225464,-0.036209106

552630201438,0.07388306,0.034225464,-0.036209106

552833082298,-0.061141968,-0.015716553,0.02029419

552833082298,-0.061141968,-0.015716553,0.02029419

553030164817,0.12840271,-0.021224976,0.0048065186

553030164817,0.12840271,-0.021224976,0.0048065186

553229932883,-0.17649841,0.02230835,-0.0060424805

553229932883,-0.17649841,0.02230835,-0.0060424805

553430189231,0.098342896,0.061828613,-0.042785645

553430189231,0.098342896,0.061828613,-0.042785645

553629957298,-0.15571594,-0.019989014,0.034332275

553629957298,-0.15571594,-0.019989014,0.034332275

553830213645,0.06538391,0.033737183,-0.04396057

553830213645,0.06538391,0.033737183,-0.04396057

554030469993,-0.058898926,-0.0362854,0.032577515

554030469993,-0.058898926,-0.0362854,0.032577515

554233228782,-0.035720825,0.0070343018,-0.013839722

554233228782,-0.035720825,0.0070343018,-0.013839722

554430311301,-0.6222687,0.4480133,0.026000977

554430311301,-0.6222687,0.4480133,0.026000977

554630201438,0.083969116,0.17515564,-0.04978943

554630201438,0.083969116,0.17515564,-0.04978943

554830518821,-0.1940155,-0.064208984,-0.15589905

554830518821,-0.1940155,-0.064208984,-0.15589905

555030225852,-0.22354126,-0.06741333,-0.08155823

555030225852,-0.22354126,-0.06741333,-0.08155823

555230360130,-0.1124115,0.01600647,-0.015975952

555230360130,-0.1124115,0.01600647,-0.015975952

555430555442,0.015182495,0.021072388,0.011001587

555430555442,0.015182495,0.021072388,0.011001587

555630384544,0.17668152,-0.021438599,0.018371582

555630384544,0.17668152,-0.021438599,0.018371582

555830457786,0.24050903,-0.19917297,-0.008071899

555830457786,0.24050903,-0.19917297,-0.008071899

556030653098,-0.022201538,-0.013046265,-0.016296387

556030653098,-0.022201538,-0.013046265,-0.016296387

556230478840,0.10496521,-0.005630493,-0.020568848

556230478840,0.10496521,-0.005630493,-0.020568848

556430552082,0.19152832,-0.028381348,0.002243042

556430552082,0.19152832,-0.028381348,0.002243042

556630930500,-0.016326904,-0.00642395,0.0048065186

556630930500,-0.016326904,-0.00642395,0.0048065186

556833567219,-0.046447754,-0.017318726,0.013717651

556833567219,-0.046447754,-0.017318726,0.013717651

557030832844,-0.033477783,0.0061798096,-0.018753052

557030832844,-0.033477783,0.0061798096,-0.018753052

557230722981,0.10432434,8.392334E-4,-0.019119263

557230722981,0.10432434,8.392334E-4,-0.019119263

557430185871,-0.06295776,-0.021972656,0.025634766

557430185871,-0.06295776,-0.021972656,0.025634766

557630259113,0.019134521,-0.004562378,0.0043792725

557630259113,0.019134521,-0.004562378,0.0043792725

557830698566,-0.008743286,0.015945435,-0.013458252

557830698566,-0.008743286,0.015945435,-0.013458252

558030405598,0.0912323,-0.03425598,0.01713562

558030405598,0.0912323,-0.03425598,0.01713562

558230478840,-0.112838745,0.05003357,-0.024139404

558230478840,-0.112838745,0.05003357,-0.024139404

558430918293,0.06800842,0.021072388,-0.04786682

558430918293,0.06800842,0.021072388,-0.04786682

558631235676,-0.069366455,-0.002105713,0.018951416

558631235676,-0.069366455,-0.002105713,0.018951416

558831003742,-0.0014343262,0.013702393,-0.028198242

558831003742,-0.0014343262,0.013702393,-0.028198242

559031015949,0.089523315,0.0032958984,-0.020462036

559031015949,0.089523315,0.0032958984,-0.020462036

559231089191,-0.020599365,-0.026397705,0.03326416

559231089191,-0.020599365,-0.026397705,0.03326416

559431162434,-0.026260376,0.006286621,-0.007003784

559431162434,-0.026260376,0.006286621,-0.007003784

559631846027,-0.14701843,-0.012939453,0.029953003

559631846027,-0.14701843,-0.012939453,0.029953003

559831492023,-0.039886475,-0.03692627,0.028244019

559831492023,-0.039886475,-0.03692627,0.028244019

560031748371,-0.017181396,0.01701355,-0.025482178

560031748371,-0.017181396,0.01701355,-0.025482178

560231394367,0.03942871,0.049179077,-0.035308838

560231394367,0.03942871,0.049179077,-0.035308838

560431406574,0.07783508,0.06770325,-0.037384033

560431406574,0.07783508,0.06770325,-0.037384033

560631479816,-0.030059814,0.0055389404,-0.019226074

560631479816,-0.030059814,0.0055389404,-0.019226074

560831553059,0.16749573,0.010345459,-0.07286072

560831553059,0.16749573,0.010345459,-0.07286072

561031626301,0.061325073,-0.021697998,0.0051727295

561031626301,0.061325073,-0.021697998,0.0051727295

561231821613,0.06758118,0.012207031,-0.0052948

561231821613,0.06758118,0.012207031,-0.0052948

561431650715,-0.081222534,-0.041885376,0.055007935

561431650715,-0.081222534,-0.041885376,0.055007935

561631723957,-0.059432983,0.106796265,-0.0690155

561631723957,-0.059432983,0.106796265,-0.0690155

561832041340,0.16990662,0.006652832,-0.040267944

561832041340,0.16990662,0.006652832,-0.040267944

562031809406,-0.066482544,-9.765625E-4,0.015487671

562031809406,-0.066482544,-9.765625E-4,0.015487671

562232309895,0.026290894,0.035614014,-0.055343628

562232309895,0.026290894,0.035614014,-0.055343628

562432261066,-0.13153076,0.0077819824,0.018630981

562432261066,-0.13153076,0.0077819824,0.018630981

562635019856,0.09902954,-0.0058898926,-0.029968262

562635019856,0.09902954,-0.0058898926,-0.029968262

562832163410,-0.057724,-0.027038574,0.04411316

562832163410,-0.057724,-0.027038574,0.04411316

563031992512,-0.021560669,0.04335022,-0.033111572

563031992512,-0.021560669,0.04335022,-0.033111572

563232309895,-0.08425903,-0.003921509,0.008331299

563232309895,-0.08425903,-0.003921509,0.008331299

563432016926,0.053100586,-0.026245117,0.009933472

563432016926,0.053100586,-0.026245117,0.009933472

563632090168,0.01802063,0.0032958984,-0.002029419

563632090168,0.01802063,0.0032958984,-0.002029419

563832407551,0.07826233,0.041748047,-0.050857544

563832407551,0.07826233,0.041748047,-0.050857544

564032236652,0.091552734,-0.06074524,0.021194458

564032236652,0.091552734,-0.06074524,0.021194458

564232554035,-0.06562805,0.034225464,0.03956604

564232554035,-0.06562805,0.034225464,0.03956604

564432261066,0.1524353,-0.10560608,0.1056366

564432261066,0.1524353,-0.10560608,0.1056366

564631846027,0.15435791,-0.24403381,0.27038574

564631846027,0.15435791,-0.24403381,0.27038574

564831858234,-0.456604,0.14460754,-0.1452179

564831858234,-0.456604,0.14460754,-0.1452179

565031870441,-0.13713074,0.27593994,0.036849976

565031870441,-0.13713074,0.27593994,0.036849976

565232126789,0.09411621,0.12730408,0.07359314

565232126789,0.09411621,0.12730408,0.07359314

565432932453,-0.19021606,0.16116333,-0.050048828

565432932453,-0.19021606,0.16116333,-0.050048828

565632456379,0.18319702,-0.31474304,-0.20317078

565632456379,0.18319702,-0.31474304,-0.20317078

565832712727,-0.11187744,-0.2771454,0.025421143

565832712727,-0.11187744,-0.2771454,0.025421143

566033640461,0.12434387,-0.020309448,0.008377075

566033640461,0.12434387,-0.020309448,0.008377075

566232676106,-0.14097595,-0.0038604736,0.0057678223

566232676106,-0.14097595,-0.0038604736,0.0057678223

566432872777,0.16098022,-0.04284668,-0.0021972656

566432872777,0.16098022,-0.04284668,-0.0021972656

566632701879,0.08920288,-0.05519104,0.030334473

566632701879,0.08920288,-0.05519104,0.030334473

566832775121,0.1023407,0.07817078,-0.052612305

566832775121,0.1023407,0.07817078,-0.052612305

567032970433,-0.042388916,0.025726318,-0.010101318

567032970433,-0.042388916,0.025726318,-0.010101318

567232799535,-3.6621094E-4,-0.015563965,0.014678955

567232799535,-3.6621094E-4,-0.015563965,0.014678955

567433300023,-0.03337097,0.015731812,-0.017837524

567433300023,-0.03337097,0.015731812,-0.017837524

567633251195,0.0539093,0.03779602,-0.016983032

567633251195,0.0539093,0.03779602,-0.016983032

567836132054,-0.06690979,0.004837036,-0.0135650635

567836132054,-0.06690979,0.004837036,-0.0135650635

568033214574,0.019882202,-0.0020446777,0.016921997

568033214574,0.019882202,-0.0020446777,0.016921997

568233104711,0.10864258,0.023971558,-0.038879395

568233104711,0.10864258,0.023971558,-0.038879395

568433910375,-0.040893555,-0.02709961,0.019546509

568433910375,-0.040893555,-0.02709961,0.019546509

568633068090,0.010116577,0.03929138,-0.0054473877

568633068090,0.010116577,0.03929138,-0.0054473877

568833141332,0.12408447,0.009811401,-0.022216797

568833141332,0.12408447,0.009811401,-0.022216797

569033397679,0.057647705,-0.0014038086,-0.0032043457

569033397679,0.057647705,-0.0014038086,-0.0032043457

569233165746,-0.04650879,0.023422241,-0.023773193

569233165746,-0.04650879,0.023422241,-0.023773193

569433483129,-0.066482544,-0.040664673,0.022109985

569433483129,-0.066482544,-0.040664673,0.022109985

569633190160,-0.030273438,-0.08370972,0.09378052

569633190160,-0.030273438,-0.08370972,0.09378052

569833202367,-0.16073608,0.035232544,-0.08796692

569833202367,-0.16073608,0.035232544,-0.08796692

570033275609,-0.4785614,0.21862793,-0.03189087

570033275609,-0.4785614,0.21862793,-0.03189087

570233287816,-0.14231873,-0.10105896,0.30039978

570233287816,-0.14231873,-0.10105896,0.30039978

570433361058,-0.5887909,-0.7317352,0.5036621

570433361058,-0.5887909,-0.7317352,0.5036621

570633556371,0.370224,-1.0962219,0.19444275

570633556371,0.370224,-1.0962219,0.19444275

570833385472,0.056259155,-0.3466797,-0.15264893

570833385472,0.056259155,-0.3466797,-0.15264893

571033458715,0.21839905,-0.05860901,-0.007583618

571033458715,0.21839905,-0.05860901,-0.007583618

571233715062,0.06362915,-0.0058898926,-0.010574341

571233715062,0.06362915,-0.0058898926,-0.010574341

571433666234,0.06645203,-0.0036010742,-9.1552734E-4

571433666234,0.06645203,-0.0036010742,-9.1552734E-4

571635082250,0.1373291,-0.002960205,-0.021850586

571635082250,0.1373291,-0.002960205,-0.021850586

571833507543,0.06587219,-0.0021514893,-0.007904053

571833507543,0.06587219,-0.0021514893,-0.007904053

572033153539,0.022613525,-9.3078613E-4,2.593994E-4

572033153539,0.022613525,-9.3078613E-4,2.593994E-4

572233165746,-0.10733032,-0.038528442,0.016342163

572233165746,-0.10733032,-0.038528442,0.016342163

572433544164,-0.010559082,-0.017166138,0.020980835

572433544164,-0.010559082,-0.017166138,0.020980835

572634349828,0.115478516,0.048431396,-0.04096985

572634349828,0.115478516,0.048431396,-0.04096985

572833446507,-0.11886597,-0.020843506,0.013931274

572833446507,-0.11886597,-0.020843506,0.013931274

573034008031,0.0687561,0.04837036,-0.011062622

573034008031,0.0687561,0.04837036,-0.011062622

573234691625,-0.21040344,-0.0010375977,0.0028839111

573234691625,-0.21040344,-0.0010375977,0.0028839111

573433910375,0.2598877,-0.024963379,-0.034454346

573433910375,0.2598877,-0.024963379,-0.034454346

573633922582,-0.110809326,0.02519226,-0.0135650635

573633922582,-0.110809326,0.02519226,-0.0135650635

573833995824,0.09246826,-0.025604248,-0.026489258

573833995824,0.09246826,-0.025604248,-0.026489258

574034069066,-1.1571808,0.36346436,0.107666016

574034069066,-1.1571808,0.36346436,0.107666016

574234447484,-1.247757,0.43043518,0.6723175

574234447484,-1.247757,0.43043518,0.6723175

574434093480,-1.1471405,0.052856445,0.3123169

574434093480,-1.1471405,0.052856445,0.3123169

574634410863,-0.11416626,0.06781006,0.23829651

574634410863,-0.11416626,0.06781006,0.23829651

574834239965,0.21342468,0.3212738,-0.106933594

574834239965,0.21342468,0.3212738,-0.106933594

575034191136,0.7798004,0.20452881,-0.36499023

575034191136,0.7798004,0.20452881,-0.36499023

575234264379,0.53556824,-0.17304993,-0.23878479

575234264379,0.53556824,-0.17304993,-0.23878479

575434337621,0.2781067,-0.29374695,-0.21998596

575434337621,0.2781067,-0.29374695,-0.21998596

575634349828,0.6720276,-0.32724,-0.0887146

575634349828,0.6720276,-0.32724,-0.0887146

575834606175,0.28050232,-0.3755188,-0.20915222

575834606175,0.28050232,-0.3755188,-0.20915222

576034740453,0.15553284,-0.06794739,-0.004333496

576034740453,0.15553284,-0.06794739,-0.004333496

576237743382,0.076660156,-0.011444092,-0.021896362

576237743382,0.076660156,-0.011444092,-0.021896362

576434703832,0.22111511,-0.017959595,-0.012237549

576434703832,0.22111511,-0.017959595,-0.012237549

576634529532,0.08509827,0.021240234,-0.028579712

576634529532,0.08509827,0.021240234,-0.028579712

576834968985,-0.039398193,0.004837036,0.009017944

576834968985,-0.039398193,0.004837036,0.009017944

577034553946,0.029388428,0.004043579,-0.001449585

577034553946,0.029388428,0.004043579,-0.001449585

577234566153,0.07922363,0.006866455,-0.0042266846

577234566153,0.07922363,0.006866455,-0.0042266846

577434944571,-0.120895386,-0.018493652,2.1362305E-4

577434944571,-0.120895386,-0.018493652,2.1362305E-4

577634590567,0.121414185,0.018997192,0.0022888184

577634590567,0.121414185,0.018997192,0.0022888184

577834846915,-0.022476196,-0.013641357,0.0014953613

577834846915,-0.022476196,-0.013641357,0.0014953613

578034676017,0.059890747,0.022567749,-0.004760742

578034676017,0.059890747,0.022567749,-0.004760742

578234627189,-0.16944885,-0.023468018,-0.0030975342

578234627189,-0.16944885,-0.023468018,-0.0030975342

578434822501,0.07093811,-0.017059326,0.010894775

578434822501,0.07093811,-0.017059326,0.010894775

578634346427,0.08114624,0.018615723,-0.01121521

578634346427,0.08114624,0.018615723,-0.01121521

578835030021,-0.019424438,0.015838623,-0.013244629

578835030021,-0.019424438,0.015838623,-0.013244629

579034737052,-0.35940552,0.2699585,0.005706787

579034737052,-0.35940552,0.2699585,0.005706787

579234322013,-0.20277405,0.1512909,-0.0052337646

579234322013,-0.20277405,0.1512909,-0.0052337646

579434334220,-0.030319214,-0.09182739,-0.029006958

579434334220,-0.030319214,-0.09182739,-0.029006958

579634346427,-0.007522583,-0.15745544,-0.09048462

579634346427,-0.007522583,-0.15745544,-0.09048462

579834480704,0.055130005,-0.01966858,-0.013305664

579834480704,0.055130005,-0.01966858,-0.013305664

580034492911,0.2392273,-0.021759033,-0.037124634

580034492911,0.2392273,-0.021759033,-0.037124634

580234749259,-0.0493927,-0.01727295,0.027923584

580234749259,-0.0493927,-0.01727295,0.027923584

580436348380,0.088775635,0.005432129,-0.033172607

580436348380,0.088775635,0.005432129,-0.033172607

580635261954,-0.15753174,-0.0079193115,0.024459839

580635261954,-0.15753174,-0.0079193115,0.024459839

580835091056,-0.03427124,0.030700684,-0.0052948

580835091056,-0.03427124,0.030700684,-0.0052948

581035774649,0.27116394,6.2561035E-4,-0.029052734

581035774649,0.27116394,6.2561035E-4,-0.029052734

581234993399,-0.08265686,0.011459351,0.004058838

581234993399,-0.08265686,0.011459351,0.004058838

581435127677,-0.053710938,-0.013000488,-0.008605957

581435127677,-0.053710938,-0.013000488,-0.008605957

581635384024,0.057434082,-0.01449585,0.0039978027

581635384024,0.057434082,-0.01449585,0.0039978027

581835213126,0.11099243,0.008575439,-0.011703491

581835213126,0.11099243,0.008575439,-0.011703491

582035591544,0.035369873,0.0039367676,-2.746582E-4

582035591544,0.035369873,0.0039367676,-2.746582E-4

582235237540,-0.14076233,0.017547607,-0.007003784

582235237540,-0.14076233,0.017547607,-0.007003784

582435310782,-0.0026550293,-0.0023651123,-0.006790161

582435310782,-0.0026550293,-0.0023651123,-0.006790161

582635506095,-0.008850098,0.005645752,0.0

582635506095,-0.008850098,0.005645752,0.0

582835335196,0.16236877,0.019638062,-0.024673462

582835335196,0.16236877,0.019638062,-0.024673462

583035530509,0.0026855469,0.00579834,-0.005554199

583035530509,0.0026855469,0.00579834,-0.005554199

583235359610,-0.025787354,-0.0019989014,0.005065918

583235359610,-0.025787354,-0.0019989014,0.005065918

583435493888,-0.090667725,-0.008773804,-0.0017089844

583435493888,-0.090667725,-0.008773804,-0.0017089844

583636604728,-0.43000793,0.36698914,0.0954895

583636604728,-0.43000793,0.36698914,0.0954895

583835396231,0.029815674,0.19294739,0.023864746

583835396231,0.029815674,0.19294739,0.023864746

584035469474,0.110198975,-0.19361877,-0.043060303

584035469474,0.110198975,-0.19361877,-0.043060303

584235725821,0.31692505,-0.2783203,-0.11445618

584235725821,0.31692505,-0.2783203,-0.11445618

584435554923,0.07110596,-0.019195557,-8.544922E-4

584435554923,0.07110596,-0.019195557,-8.544922E-4

584635567130,0.020690918,-0.0038604736,-0.0019226074

584635567130,0.020690918,-0.0038604736,-0.0019226074

584835823478,0.021759033,3.0517578E-5,-5.950928E-4

584835823478,0.021759033,3.0517578E-5,-5.950928E-4

585035652579,0.006164551,5.645752E-4,-0.003479004

585035652579,0.006164551,5.645752E-4,-0.003479004

585235969962,-0.03401184,0.008041382,-0.0057678223

585235969962,-0.03401184,0.008041382,-0.0057678223

585436104239,-0.08848572,0.123306274,-0.012557983

585436104239,-0.08848572,0.123306274,-0.012557983

585638924064,0.003540039,0.030319214,0.013504028

585638924064,0.003540039,0.030319214,0.013504028

585836067618,0.028533936,-0.083221436,-0.015335083

585836067618,0.028533936,-0.083221436,-0.015335083

586035957755,0.010757446,-0.046157837,-0.028259277

586035957755,0.010757446,-0.046157837,-0.028259277

586240120353,0.031158447,-0.013320923,-0.001876831

586240120353,0.031158447,-0.013320923,-0.001876831

586697517814,0.10864258,-0.0052490234,-0.027511597

586898018302,-0.07069397,0.103012085,-0.03514099

587096134865,-0.07609558,-0.03526306,0.029159546

587296086037,0.021224976,0.0061187744,-0.013305664

587496159279,0.17230225,-0.019515991,-0.020355225

587697575295,0.005783081,-0.01802063,-0.004547119

587898075783,-0.077056885,0.016479492,-0.017944336

588096134865,0.023513794,-0.012359619,-1.6784668E-4

588296208107,-0.11529541,0.018356323,-0.007965088

588496220314,0.08103943,-0.08937073,0.05543518

588696110451,0.11708069,-0.0335083,-0.022537231

588896305763,0.029708862,0.0022735596,-0.010314941

589096317970,0.0025787354,0.006225586,-0.004699707

589296269142,-0.043563843,0.007888794,-0.013031006

589496342385,0.026351929,-0.0043945312,-0.012237549

589696293556,0.024429321,0.024337769,0.0027770996

589896427834,-0.09376526,0.0262146,-0.023986816

590096501076,-0.04901123,-0.002532959,-0.010040283

590296452248,0.105285645,0.013015747,-0.010467529

590496525490,0.020095825,0.031707764,-0.016616821

590696598732,-0.04437256,0.018676758,-0.011001587

590896549904,0.021377563,0.0345459,-0.044281006

591096623146,-0.057510376,-0.028274536,-0.012390137

591298100197,-0.50964355,0.056762695,0.060775757

591498600685,-0.5563202,0.15026855,0.124801636

591696659767,-1.3013306,0.289505,0.22377014

591896549904,-1.3444214,0.030319214,0.20048523

592096562111,-0.21617126,0.10733032,0.0657959

592296269142,0.11671448,-0.01977539,0.027923584

592496037209,0.5137787,-0.022827148,-0.15023804

592696415627,0.781723,-0.030456543,-0.13111877

592896610939,0.81295776,0.021072388,-0.109817505

593096317970,0.20579529,0.070755005,-0.0315094

593296635353,0.17967224,0.017120361,-0.040115356

593496830666,0.14891052,-0.016311646,-0.10810852

593696781838,0.19825745,-0.015823364,-0.047332764

593896794045,0.5278778,-0.1688385,0.007736206

594096745217,0.22694397,-0.28349304,-0.029327393

594296879494,0.051712036,-0.046051025,0.015106201

594496891701,0.29690552,-0.045791626,-0.027832031

594696720802,-0.077056885,-0.040603638,0.0463562

594896794045,0.11254883,0.013595581,-0.042251587

595096745217,-0.07966614,0.0048980713,0.007369995

595296818459,0.10661316,0.036193848,-0.03263855

595496891701,-0.04714966,-0.005996704,-0.0012817383

595696720802,-0.06616211,0.0032958984,-1.0681152E-4

595896733010,-0.34013367,0.19139099,0.028839111

596096745217,0.012832642,0.43081665,0.14878845

596296757424,0.16114807,0.6755676,0.082611084

596496769631,-0.0039978027,0.59552,0.030334473

596698307717,-0.17633057,-0.4321289,-0.20812988

596898747170,0.10229492,-0.85510254,-0.039154053

597096867287,0.21359253,-0.4313202,-0.10676575

597298283302,-0.23439026,-0.23548889,0.4745636

597498783688,0.4259796,-0.5138855,-0.022598267

597696842770,0.24354553,-0.07232666,-0.019973755

597897282223,0.13433838,-0.063201904,0.03614807

598097538571,-0.039398193,-0.0033874512,-0.0032043457

586697514157,0.10864258,-0.0052490234,-0.027511597

586898014645,-0.07069397,0.103012085,-0.03514099

587096134762,-0.07609558,-0.03526306,0.029159546

587296085934,0.021224976,0.0061187744,-0.013305664

587496159176,0.17230225,-0.019515991,-0.020355225

587697575192,0.005783081,-0.01802063,-0.004547119

587898075680,-0.077056885,0.016479492,-0.017944336

588096134762,0.023513794,-0.012359619,-1.6784668E-4

588296208004,-0.11529541,0.018356323,-0.007965088

588496220211,0.08103943,-0.08937073,0.05543518

588696110348,0.11708069,-0.0335083,-0.022537231

588896305660,0.029708862,0.0022735596,-0.010314941

589096317867,0.0025787354,0.006225586,-0.004699707

589296269039,-0.043563843,0.007888794,-0.013031006

589496342282,0.026351929,-0.0043945312,-0.012237549

589696293453,0.024429321,0.024337769,0.0027770996

589896427731,-0.09376526,0.0262146,-0.023986816

590096500973,-0.04901123,-0.002532959,-0.010040283

590296452145,0.105285645,0.013015747,-0.010467529

590496525387,0.020095825,0.031707764,-0.016616821

590696598629,-0.04437256,0.018676758,-0.011001587

590896549801,0.021377563,0.0345459,-0.044281006

591096623043,-0.057510376,-0.028274536,-0.012390137

591298100094,-0.50964355,0.056762695,0.060775757

591498600582,-0.5563202,0.15026855,0.124801636

591696659664,-1.3013306,0.289505,0.22377014

591896549801,-1.3444214,0.030319214,0.20048523

592096562008,-0.21617126,0.10733032,0.0657959

592296269039,0.11671448,-0.01977539,0.027923584

592496037106,0.5137787,-0.022827148,-0.15023804

592696415524,0.781723,-0.030456543,-0.13111877

592896610836,0.81295776,0.021072388,-0.109817505

593096317867,0.20579529,0.070755005,-0.0315094

593296635250,0.17967224,0.017120361,-0.040115356

593496830563,0.14891052,-0.016311646,-0.10810852

593696781735,0.19825745,-0.015823364,-0.047332764

593896793942,0.5278778,-0.1688385,0.007736206

594096745114,0.22694397,-0.28349304,-0.029327393

594296879391,0.051712036,-0.046051025,0.015106201

594496891598,0.29690552,-0.045791626,-0.027832031

594696720699,-0.077056885,-0.040603638,0.0463562

594896793942,0.11254883,0.013595581,-0.042251587

595096745114,-0.07966614,0.0048980713,0.007369995

595296818356,0.10661316,0.036193848,-0.03263855

595496891598,-0.04714966,-0.005996704,-0.0012817383

595696720699,-0.06616211,0.0032958984,-1.0681152E-4

595896732907,-0.34013367,0.19139099,0.028839111

596096745114,0.012832642,0.43081665,0.14878845

596296757321,0.16114807,0.6755676,0.082611084

596496769528,-0.0039978027,0.59552,0.030334473

596698307614,-0.17633057,-0.4321289,-0.20812988

596898747067,0.10229492,-0.85510254,-0.039154053

597096867184,0.21359253,-0.4313202,-0.10676575

597298283199,-0.23439026,-0.23548889,0.4745636

597498783688,0.4259796,-0.5138855,-0.022598267

597696842770,0.24354553,-0.07232666,-0.019973755

597897282223,0.13433838,-0.063201904,0.03614807

598097538571,-0.039398193,-0.0033874512,-0.0032043457

598297062496,0.13427734,0.03753662,-0.051605225

598297062496,0.13427734,0.03753662,-0.051605225

598497501949,-0.0069885254,-0.007873535,-0.009567261

598497501949,-0.0069885254,-0.007873535,-0.009567261

598698063473,-0.018356323,0.009857178,0.014846802

598698063473,-0.018356323,0.009857178,0.014846802

598898075680,-0.17173767,0.010238647,-0.0042266846

598898075680,-0.17173767,0.010238647,-0.0042266846

599097660641,0.23324585,-0.012893677,-0.018859863

599097660641,0.23324585,-0.012893677,-0.018859863

599296818356,-0.02027893,0.047729492,-0.024093628

599296818356,-0.02027893,0.047729492,-0.024093628

599496403317,-0.07817078,-0.02293396,-7.019043E-4

599496403317,-0.07817078,-0.02293396,-7.019043E-4

599696415524,0.007171631,0.0056915283,0.004638672

599696415524,0.007171631,0.0056915283,0.004638672

599896488766,-0.053390503,0.048217773,-0.044281006

599896488766,-0.053390503,0.048217773,-0.044281006

600096867184,-0.01083374,0.010818481,0.0068359375

600096867184,-0.01083374,0.010818481,0.0068359375

600296940426,0.046966553,0.0020141602,-0.0016021729

600296940426,0.046966553,0.0020141602,-0.0016021729

600496708492,0.009735107,0.005050659,-0.031082153

600496708492,0.009735107,0.005050659,-0.031082153

600697025875,-0.13708496,0.019638062,-0.019546509

600697025875,-0.13708496,0.019638062,-0.019546509

600897038082,0.14736938,0.06535339,-0.060791016

600897038082,0.14736938,0.06535339,-0.060791016

601096867184,-0.006881714,-0.022613525,-0.0025634766

601096867184,-0.006881714,-0.022613525,-0.0025634766

601296940426,-0.037002563,0.005859375,-0.0064086914

601296940426,-0.037002563,0.005859375,-0.0064086914

601498539547,0.014007568,-0.018447876,0.0032043457

601498539547,0.014007568,-0.018447876,0.0032043457

601699040035,-0.049713135,0.01914978,-0.018966675

601699040035,-0.049713135,0.01914978,-0.018966675

601897099117,0.0034332275,0.0071868896,-0.008285522

601897099117,0.0034332275,0.0071868896,-0.008285522

602097050289,-0.13980103,-0.009628296,-8.087158E-4

602097050289,-0.13980103,-0.009628296,-8.087158E-4

602297123532,-0.013870239,-0.0064849854,-0.006515503

602297123532,-0.013870239,-0.0064849854,-0.006515503

602497013668,-0.07406616,0.08987427,-0.021362305

602497013668,-0.07406616,0.08987427,-0.021362305

602697147946,-0.4064026,0.59199524,0.023117065

602697147946,-0.4064026,0.59199524,0.023117065

602897160153,-0.20256042,0.28224182,-0.11846924

602897160153,-0.20256042,0.28224182,-0.11846924

603097233395,0.08001709,-0.46881104,-0.011642456

603097233395,0.08001709,-0.46881104,-0.011642456

603297184567,0.1892395,-0.26159668,-0.025909424

603297184567,0.1892395,-0.26159668,-0.025909424

603497013668,0.21107483,-0.014755249,-0.032852173

603497013668,0.21107483,-0.014755249,-0.032852173

603697453121,0.01838684,-0.004348755,0.0020751953

603697453121,0.01838684,-0.004348755,0.0020751953

603897587399,-0.07481384,0.038330078,-0.009033203

603897587399,-0.07481384,0.038330078,-0.009033203

604097660641,0.063568115,-0.037078857,0.0056610107

604097660641,0.063568115,-0.037078857,0.0056610107

604298283199,-0.091415405,0.039505005,-0.010147095

604298283199,-0.091415405,0.039505005,-0.010147095

604497868160,-0.040420532,-0.04600525,0.021575928

604497868160,-0.040420532,-0.04600525,0.021575928

604697819332,-0.007888794,0.056915283,-0.040161133

604697819332,-0.007888794,0.056915283,-0.040161133

604898502926,0.15997314,0.0076141357,-0.021850586

604898502926,0.15997314,0.0076141357,-0.021850586

605098148922,-0.11380005,0.00440979,0.012176514

605098148922,-0.11380005,0.00440979,0.012176514

605297794918,0.063568115,0.15048218,-0.09593201

605297794918,0.063568115,0.15048218,-0.09593201

605497929196,-0.13356018,-0.012466431,0.013931274

605497929196,-0.13356018,-0.012466431,0.013931274

605697819332,0.15292358,-0.019836426,-0.0032653809

605697819332,0.15292358,-0.019836426,-0.0032653809

605898014645,-0.146698,-0.02394104,-0.01612854

605898014645,-0.146698,-0.02394104,-0.01612854

606097355465,0.19750977,-0.013259888,-0.017791748

606097355465,0.19750977,-0.013259888,-0.017791748

606297916989,-0.022628784,-0.006378174,-0.004486084

606297916989,-0.022628784,-0.006378174,-0.004486084

606497929196,-0.046722412,0.012374878,-0.023345947

606497929196,-0.046722412,0.012374878,-0.023345947

606696781735,-0.04650879,-0.023834229,0.011795044

606696781735,-0.04650879,-0.023834229,0.011795044

606896793942,0.0048217773,0.026473999,-0.01676941

606896793942,0.0048217773,0.026473999,-0.01676941

607096867184,-0.63508606,0.31219482,0.025787354

607096867184,-0.63508606,0.31219482,0.025787354

607297123532,0.1902008,0.90948486,0.25404358

607297123532,0.1902008,0.90948486,0.25404358

607497257809,-4.119873E-4,0.38493347,-0.08023071

607497257809,-4.119873E-4,0.38493347,-0.08023071

607697430973,-0.08912659,-0.20787048,-0.12060547

607697430973,-0.08912659,-0.20787048,-0.12060547

607899091130,0.014175415,-0.21203613,-0.08781433

607899091130,0.014175415,-0.21203613,-0.08781433

608099286442,-0.120895386,-0.30282593,0.04197693

608099286442,-0.120895386,-0.30282593,0.04197693

608297650700,0.32414246,-0.5627594,-0.078567505

608297650700,0.32414246,-0.5627594,-0.078567505

608498334294,0.28408813,-0.24835205,-0.04940796

608498334294,0.28408813,-0.24835205,-0.04940796

608698590641,0.28163147,-0.01763916,-0.02947998

608698590641,0.28163147,-0.01763916,-0.02947998

608897687321,0.0040283203,-0.037887573,0.0076904297

608897687321,0.0040283203,-0.037887573,0.0076904297

609097882634,-0.13719177,0.067871094,0.006088257

609097882634,-0.13719177,0.067871094,0.006088257

609297894841,0.061065674,0.014297485,-0.03353882

609297894841,0.061065674,0.014297485,-0.03353882

609497784977,0.26753235,0.022354126,-0.026062012

609497784977,0.26753235,0.022354126,-0.026062012

609697858219,-0.08432007,0.0070343018,-0.0012817383

609697858219,-0.08432007,0.0070343018,-0.0012817383

609897809391,0.027252197,0.023864746,-0.013244629

609897809391,0.027252197,0.023864746,-0.013244629

610097821598,-0.06712341,0.021133423,-0.02078247

610097821598,-0.06712341,0.021133423,-0.02078247

610298200016,0.0362854,0.028717041,-8.544922E-4

610298200016,0.0362854,0.028717041,-8.544922E-4

610498395329,0.03062439,-0.0118255615,-0.012451172

610498395329,0.03062439,-0.0118255615,-0.012451172

610698041325,-0.04270935,0.047042847,-0.013839722

610698041325,-0.04270935,0.047042847,-0.013839722

610898114567,0.043762207,0.0045166016,-0.028839111

610898114567,0.043762207,0.0045166016,-0.028839111

611097943669,0.018341064,0.054244995,-0.023132324

611097943669,0.018341064,0.054244995,-0.023132324

611298077946,-0.038650513,0.037261963,-0.024459839

611298077946,-0.038650513,0.037261963,-0.024459839

611498151188,0.019729614,0.034698486,-0.044174194

611498151188,0.019729614,0.034698486,-0.044174194

611698285466,-0.084365845,-0.015991211,0.015914917

611698285466,-0.084365845,-0.015991211,0.015914917

611898297673,0.07879639,-0.051345825,-0.040222168

611898297673,0.07879639,-0.051345825,-0.040222168

612099713688,-0.6759491,0.4650421,0.06851196

612099713688,-0.6759491,0.4650421,0.06851196

612300153141,0.058441162,0.6034241,0.031448364

612300153141,0.058441162,0.6034241,0.031448364

612498334294,0.13555908,-0.7166748,-0.028945923

612498334294,0.13555908,-0.7166748,-0.028945923

612698407536,0.19537354,-0.30737305,-0.12161255

612698407536,0.19537354,-0.30737305,-0.12161255

612898419743,0.20066833,-0.01940918,-0.031723022

612898419743,0.20066833,-0.01940918,-0.031723022

613098187809,0.020736694,-0.00680542,0.0014343262

613098187809,0.020736694,-0.00680542,0.0014343262

613298322087,0.036392212,0.011566162,0.0014343262

613298322087,0.036392212,0.011566162,0.0014343262

613498334294,-0.10700989,-0.022979736,0.019592285

613498334294,-0.10700989,-0.022979736,0.019592285

613698102360,0.04119873,0.016052246,-0.013885498

613698102360,0.04119873,0.016052246,-0.013885498

613897809391,-0.014511108,0.011886597,-0.017730713

613897809391,-0.014511108,0.011886597,-0.017730713

614097760563,0.03778076,0.0059661865,-0.012664795

614097760563,0.03778076,0.0059661865,-0.012664795

614297833805,0.06858826,0.014770508,0.004638672

614297833805,0.06858826,0.014770508,0.004638672

614497907048,-0.050354004,0.015304565,-0.022644043

614497907048,-0.050354004,0.015304565,-0.022644043

614697919255,0.055725098,1.9836426E-4,-0.01234436

614697919255,0.055725098,1.9836426E-4,-0.01234436

614898114567,0.0038146973,0.026794434,-1.0681152E-4

614898114567,0.0038146973,0.026794434,-1.0681152E-4

615098309880,0.09887695,0.0069274902,-0.03189087

615098309880,0.09887695,0.0069274902,-0.03189087

615298261051,-0.015533447,0.056274414,-0.020996094

615298261051,-0.015533447,0.056274414,-0.020996094

615498334294,-0.011627197,0.039398193,-0.024139404

615498334294,-0.011627197,0.039398193,-0.024139404

615698346501,0.045684814,-0.010757446,-0.017089844

615698346501,0.045684814,-0.010757446,-0.017089844

615898419743,-0.0718689,0.014831543,0.0096588135

615898419743,-0.0718689,0.014831543,0.0096588135

616098431950,-0.0690918,-0.010223389,0.006515503

616098431950,-0.0690918,-0.010223389,0.006515503

616298322087,-0.032455444,0.039245605,-0.04107666

616298322087,-0.032455444,0.039245605,-0.04107666

616498395329,0.11740112,-0.053207397,0.011154175

616498395329,0.11740112,-0.053207397,0.011154175

616698407536,-0.44132996,0.13595581,-0.012557983

616698407536,-0.44132996,0.13595581,-0.012557983

616898297673,-0.12783813,0.6122284,0.12362671

616898297673,-0.12783813,0.6122284,0.12362671

617098309880,0.7509613,-0.1690979,0.22846985

617098309880,0.7509613,-0.1690979,0.22846985

617299786930,0.76153564,-0.22651672,-0.16241455

617299786930,0.76153564,-0.22651672,-0.16241455

617500165348,1.2363129,-0.6242218,-0.9113312

617500165348,1.2363129,-0.6242218,-0.9113312

617698285466,0.25482178,-0.050491333,-0.12968445

617698285466,0.25482178,-0.050491333,-0.12968445

617898187106,0.45028687,0.1729126,0.044692993

617898187106,0.45028687,0.1729126,0.044692993

618098260348,-0.12149048,-0.16007996,-0.034713745

618098260348,-0.12149048,-0.16007996,-0.034713745

618298089450,0.03237915,0.11454773,0.04875183

618298089450,0.03237915,0.11454773,0.04875183

618498162692,0.37904358,0.04559326,0.4699707

618498162692,0.37904358,0.04559326,0.4699707

618698602145,1.1373444,0.31054688,1.1204529

618698602145,1.1373444,0.31054688,1.1204529

618898614352,0.77033997,0.3070221,0.7674866

618898614352,0.77033997,0.3070221,0.7674866

619098138278,-0.25628662,0.122665405,-0.09133911

619098138278,-0.25628662,0.122665405,-0.09133911

619298211520,-0.006713867,0.17932129,-0.033111572

619298211520,-0.006713867,0.17932129,-0.033111572

619498223727,-0.03326416,0.105041504,0.040634155

619498223727,-0.03326416,0.105041504,0.040634155

619697747653,0.01802063,0.019317627,0.018478394

619697747653,0.01802063,0.019317627,0.018478394

619903069919,-0.0035095215,-0.0418396,-0.0070495605

619903069919,-0.0035095215,-0.0418396,-0.0070495605

620103021091,0.0021514893,-0.035110474,-0.007751465

620103021091,0.0021514893,-0.035110474,-0.007751465

620302514499,-0.05003357,-0.034729004,-0.023284912

620302514499,-0.05003357,-0.034729004,-0.023284912

