39653021390155,-0.712204,0.14349365,-0.052139282

39653021390155,-0.712204,0.14349365,-0.052139282

39653221860126,-1.3600769,-0.037353516,-0.34555054

39653221860126,-1.3600769,-0.037353516,-0.34555054

39653452206806,0.21925354,-0.15634155,0.06466675

39653452206806,0.21925354,-0.15634155,0.06466675

39653652341083,0.16824341,-0.4889984,-0.13122559

39653652341083,0.16824341,-0.4889984,-0.13122559

39653852872089,-0.0010070801,0.012054443,-0.5466156

39653852872089,-0.0010070801,0.012054443,-0.5466156

39654053281024,0.21652222,0.073150635,-0.15713501

39654053281024,0.21652222,0.073150635,-0.15713501

39654253659442,0.015029907,1.9836426E-4,-0.067993164

39654253659442,0.015029907,1.9836426E-4,-0.067993164

39654453763202,0.13780212,0.048477173,0.036254883

39654453763202,0.13780212,0.048477173,0.036254883

39654654172138,0.18736267,0.04650879,0.043899536

39654654172138,0.18736267,0.04650879,0.043899536

39654854733661,0.06309509,-0.012512207,-0.0152282715

39654854733661,0.06309509,-0.012512207,-0.0152282715

39655055112079,0.08984375,-0.09358215,-0.085617065

39655055112079,0.08984375,-0.09358215,-0.085617065

39655255490497,0.22357178,-0.12825012,-0.08230591

39655255490497,0.22357178,-0.12825012,-0.08230591

39655455868915,-0.1979065,0.018615723,0.024887085

39655455868915,-0.1979065,0.018615723,0.024887085

39655656216815,-1.0799103,-0.33525085,0.009338379

39655656216815,-1.0799103,-0.33525085,0.009338379

39655856595233,0.26272583,0.04901123,0.06477356

39655856595233,0.26272583,0.04901123,0.06477356

39656056973651,0.7192383,-0.049041748,-0.058914185

39656056973651,0.7192383,-0.049041748,-0.058914185

39656257321552,0.33909607,0.010818481,0.048171997

39656257321552,0.33909607,0.010818481,0.048171997

39656457669452,0.06047058,0.08062744,0.03401184

39656457669452,0.06047058,0.08062744,0.03401184

39656657803729,0.25653076,0.13687134,0.008010864

39656657803729,0.25653076,0.13687134,0.008010864

39656858090595,0.05192566,0.008956909,-0.015808105

39656858090595,0.05192566,0.008956909,-0.015808105

39657058713153,0.035324097,0.010391235,-0.0052948

39657058713153,0.035324097,0.010391235,-0.0052948

39657259000018,0.00819397,0.018569946,0.0067749023

39657259000018,0.00819397,0.018569946,0.0067749023

39657459378436,-0.115875244,-0.0032196045,0.008010864

39657459378436,-0.115875244,-0.0032196045,0.008010864

39657660000995,0.039001465,0.02658081,0.007583618

39657660000995,0.039001465,0.02658081,0.007583618

39657860335621,0.050598145,0.0023345947,-0.0064086914

39657860335621,0.050598145,0.0023345947,-0.0064086914

39658060500416,0.02116394,0.0065460205,0.0014953613

39658060500416,0.02116394,0.0065460205,0.0014953613

39658260787282,-0.022155762,-0.020843506,-0.012451172

39658260787282,-0.022155762,-0.020843506,-0.012451172

39658461165700,-0.04206848,0.0071868896,0.002029419

39658461165700,-0.04206848,0.0071868896,0.002029419

39658661513600,0.14859009,0.0071868896,-0.025054932

39658661513600,0.14859009,0.0071868896,-0.025054932

39658861861500,0.03152466,0.030639648,-0.0054473877

39658861861500,0.03152466,0.030639648,-0.0054473877

39659062209401,-0.0043182373,0.010818481,-0.00390625

39659062209401,-0.0043182373,0.010818481,-0.00390625

39659262587819,-0.1429596,-0.008407593,-0.0039520264

39659262587819,-0.1429596,-0.008407593,-0.0039520264

39659462935719,0.0022583008,0.02128601,0.013458252

39659462935719,0.0022583008,0.02128601,0.013458252

39659663222584,0.040283203,0.0049438477,-0.0049743652

39659663222584,0.040283203,0.0049438477,-0.0049743652

39659862807545,0.03729248,0.022842407,0.010467529

39659862807545,0.03729248,0.022842407,0.010467529

39660063155446,-0.008529663,-0.008666992,-0.007537842

39660063155446,-0.008529663,-0.008666992,-0.007537842

39660263533864,-0.17340088,0.0289917,-0.05961609

39660263533864,-0.17340088,0.0289917,-0.05961609

39660464003834,0.20622253,0.008636475,-0.010147095

39660464003834,0.20622253,0.008636475,-0.010147095

39660664382252,0.07292175,0.031814575,-0.07072449

39660664382252,0.07292175,0.031814575,-0.07072449

39660864730153,-0.14904785,0.020492554,0.012969971

39660864730153,-0.14904785,0.020492554,0.012969971

39661065108571,-0.07582092,-0.0066986084,-0.00630188

39661065108571,-0.07582092,-0.0066986084,-0.00630188

39661265456471,0.04711914,0.013763428,0.004852295

39661265456471,0.04711914,0.013763428,0.004852295

39661465865407,-0.054092407,0.0082092285,0.012710571

39661465865407,-0.054092407,0.0082092285,0.012710571

39661666671071,0.11633301,-0.027679443,-0.0398407

39661666671071,0.11633301,-0.027679443,-0.0398407

39661866957936,-0.027923584,0.08357239,-0.037338257

39661866957936,-0.027923584,0.08357239,-0.037338257

39662067336354,-0.020767212,0.0134887695,-7.4768066E-4

39662067336354,-0.020767212,0.0134887695,-7.4768066E-4

39662267653737,-0.042922974,-0.008514404,-0.01473999

39662267653737,-0.042922974,-0.008514404,-0.01473999

39662468001637,-0.016708374,-0.008560181,-0.014053345

39662468001637,-0.016708374,-0.008560181,-0.014053345

39662668319020,0.2828064,-0.019454956,-0.033859253

39662668319020,0.2828064,-0.019454956,-0.033859253

39662868819508,-0.1552887,0.023529053,-0.0019836426

39662868819508,-0.1552887,0.023529053,-0.0019836426

39663069014821,-0.024017334,-0.020690918,-0.009613037

39663069014821,-0.024017334,-0.020690918,-0.009613037

39663269606862,0.08514404,-0.0024719238,0.01687622

39663269606862,0.08514404,-0.0024719238,0.01687622

39663469863209,-0.106536865,0.010177612,-0.0058288574

39663469863209,-0.106536865,0.010177612,-0.0058288574

39663669997487,-0.084854126,0.010498047,0.0067749023

39663669997487,-0.084854126,0.010498047,0.0067749023

39663870497975,0.03665161,0.011459351,-0.0060424805

39663870497975,0.03665161,0.011459351,-0.0060424805

39664070815358,-0.1348877,0.0063323975,0.026000977

39664070815358,-0.1348877,0.0063323975,0.026000977

39664271132741,0.12835693,-0.044128418,-0.042999268

39664271132741,0.12835693,-0.044128418,-0.042999268

39664471419606,-0.07032776,0.050354004,-0.07168579

39664471419606,-0.07032776,0.050354004,-0.07168579

39664671523366,0.01876831,0.011566162,0.010147095

39664671523366,0.01876831,0.011566162,0.010147095

39664872054371,0.027420044,-0.019836426,-0.018218994

39664872054371,0.027420044,-0.019836426,-0.018218994

39665072402272,0.10646057,-0.004776001,-0.01939392

39665072402272,0.10646057,-0.004776001,-0.01939392

39665272719655,-0.013290405,-0.013641357,-0.018051147

39665272719655,-0.013290405,-0.013641357,-0.018051147

39665473067555,-0.06428528,0.028823853,0.022216797

39665473067555,-0.06428528,0.028823853,0.022216797

39665673171315,-0.026535034,0.0030212402,0.004272461

39665673171315,-0.026535034,0.0030212402,0.004272461

39665873671803,-0.028244019,-0.009796143,-0.008010864

39665873671803,-0.028244019,-0.009796143,-0.008010864

39666073989186,0.119003296,-0.016311646,-0.031570435

39666073989186,0.119003296,-0.016311646,-0.031570435

39666274276051,-0.7546692,-0.008621216,-0.001663208

39666274276051,-0.7546692,-0.008621216,-0.001663208

39666474532399,-0.24778748,-0.017745972,-0.05192566

39666474532399,-0.24778748,-0.017745972,-0.05192566

39666674605641,0.47047424,-0.003753662,-0.15136719

39666674605641,0.47047424,-0.003753662,-0.15136719

39666874892506,0.032806396,0.101623535,0.08609009

39666874892506,0.032806396,0.101623535,0.08609009

39667075454030,0.21940613,-0.021270752,-0.02168274

39667075454030,0.21940613,-0.021270752,-0.02168274

39667275588307,0.060150146,-0.0012969971,-0.02029419

39667275588307,0.060150146,-0.0012969971,-0.02029419

39667475844655,-0.09895325,0.02519226,0.017089844

39667475844655,-0.09895325,0.02519226,0.017089844

39667676039967,0.10090637,-0.003921509,-0.027236938

39667676039967,0.10090637,-0.003921509,-0.027236938

39667876370143,-0.06011963,0.022201538,0.009979248

39667876370143,-0.06011963,0.022201538,0.009979248

39668076626491,0.19793701,-0.0011444092,-0.027938843

39668076626491,0.19793701,-0.0011444092,-0.027938843

39668277065944,-0.10984802,0.012954712,-0.011642456

39668277065944,-0.10984802,0.012954712,-0.011642456

39668477352809,0.1234436,0.062316895,-0.028839111

39668477352809,0.1234436,0.062316895,-0.028839111

39668677670192,-0.042663574,0.008895874,-0.002456665

39668677670192,-0.042663574,0.008895874,-0.002456665

39668877743434,-0.04714966,0.011886597,0.0036315918

39668877743434,-0.04714966,0.011886597,0.0036315918

39669077450465,0.0677948,0.03694153,-0.048233032

39669077450465,0.0677948,0.03694153,-0.048233032

39669277737330,0.025863647,0.0020599365,-0.029907227

39669277737330,0.025863647,0.0020599365,-0.029907227

39669477993678,0.0010223389,0.026901245,-0.04359436

39669477993678,0.0010223389,0.026901245,-0.04359436

39669678402614,-0.013656616,-0.011932373,-0.004119873

39669678402614,-0.013656616,-0.011932373,-0.004119873

39669878658961,-0.2587433,0.002380371,-0.005722046

39669878658961,-0.2587433,0.002380371,-0.005722046

39670078945826,0.025604248,-9.3078613E-4,-0.005126953

39670078945826,0.025604248,-9.3078613E-4,-0.005126953

39670279171657,0.09631348,0.033096313,-0.06954956

39670279171657,0.09631348,0.033096313,-0.06954956

39670479458522,0.20103455,-0.05038452,-0.058654785

39670479458522,0.20103455,-0.05038452,-0.058654785

39670680325221,-0.14328003,-0.003753662,0.0076293945

39670680325221,-0.14328003,-0.003753662,0.0076293945

39670879940700,-0.0027618408,0.042175293,-0.01473999

39670879940700,-0.0027618408,0.042175293,-0.01473999

39671080837916,0.12007141,4.119873E-4,-0.046417236

39671080837916,0.12007141,4.119873E-4,-0.046417236

39671281094264,-0.14595032,0.008148193,0.004852295

39671281094264,-0.14595032,0.008148193,0.004852295

39671481381129,0.048034668,-0.12023926,0.102371216

39671481381129,0.048034668,-0.12023926,0.102371216

39671681484889,-0.09681702,-0.40707397,0.2140503

39671681484889,-0.09681702,-0.40707397,0.2140503

39671881985377,-0.12185669,-0.14715576,0.2598114

39671881985377,-0.12185669,-0.14715576,0.2598114

39672082028102,-0.0178833,-0.08135986,0.054840088

39672082028102,-0.0178833,-0.08135986,0.054840088

39672282498073,-0.043136597,0.2349701,-0.32102966

39672282498073,-0.043136597,0.2349701,-0.32102966

39672482754420,0.17375183,0.2545166,-0.34580994

39672482754420,0.17375183,0.2545166,-0.34580994

39672682827662,-1.0155029,0.18145752,0.09190369

39672682827662,-1.0155029,0.18145752,0.09190369

39672883297633,0.009262085,-0.030349731,-0.029541016

39672883297633,0.009262085,-0.030349731,-0.029541016

39673083553981,0.2614441,0.03918457,0.011856079

39673083553981,0.2614441,0.03918457,0.011856079

39673283657741,0.19062805,0.07678223,0.010192871

39673283657741,0.19062805,0.07678223,0.010192871

39673483883571,0.007171631,0.04800415,-1.0681152E-4

39673483883571,0.007171631,0.04800415,-1.0681152E-4

39673684170436,-0.1375122,0.008529663,-0.04598999

39673684170436,-0.1375122,0.008529663,-0.04598999

39673884640407,-0.18540955,0.002380371,-0.03514099

39673884640407,-0.18540955,0.002380371,-0.03514099

39674084927272,0.00680542,-0.015777588,0.0048065186

39674084927272,0.00680542,-0.015777588,0.0048065186

39674285122584,-0.059906006,0.04559326,0.0119018555

39674285122584,-0.059906006,0.04559326,0.0119018555

39674485378932,-0.07197571,-0.13882446,0.19294739

39674485378932,-0.07197571,-0.13882446,0.19294739

39674685452174,0.07788086,-0.30854797,0.35290527

39674685452174,0.07788086,-0.30854797,0.35290527

39674885922145,-0.054519653,-0.15083313,0.017944336

39674885922145,-0.054519653,-0.15083313,0.017944336

39675086209010,0.05935669,0.030914307,-0.009780884

39675086209010,0.05935669,0.030914307,-0.009780884

39675286465358,0.31655884,-0.058761597,-0.0023040771

39675286465358,0.31655884,-0.058761597,-0.0023040771

39675486721705,-0.050186157,0.051467896,-0.015808105

39675486721705,-0.050186157,0.051467896,-0.015808105

39675686825465,-0.022583008,0.009063721,-0.008117676

39675686825465,-0.022583008,0.009063721,-0.008117676

39675887295436,0.025497437,0.012741089,0.007843018

39675887295436,0.025497437,0.012741089,0.007843018

39676087612819,-0.11294556,0.022994995,-0.02168274

39676087612819,-0.11294556,0.022994995,-0.02168274

39676287869166,0.095718384,-0.06159973,-0.008605957

39676287869166,0.095718384,-0.06159973,-0.008605957

39676488064479,-0.040252686,-0.014328003,-0.029327393

39676488064479,-0.040252686,-0.014328003,-0.029327393

39676688137721,-0.14984131,0.037322998,0.010620117

39676688137721,-0.14984131,0.037322998,0.010620117

39676888638209,-0.010025024,0.0020141602,-3.8146973E-4

39676888638209,-0.010025024,0.0020141602,-3.8146973E-4

39677088680934,0.0146484375,-0.002960205,-0.0036315918

39677088680934,0.0146484375,-0.002960205,-0.0036315918

39677289150905,0.14421082,-0.036392212,-0.0057678223

39677289150905,0.14421082,-0.036392212,-0.0057678223

39677489529323,-0.03565979,-0.0062713623,-0.0025177002

39677489529323,-0.03565979,-0.0062713623,-0.0025177002

39677689511012,-0.047943115,0.03604126,-0.046844482

39677689511012,-0.047943115,0.03604126,-0.046844482

39677889150702,0.026824951,-0.015396118,-0.062820435

39677889150702,0.026824951,-0.015396118,-0.062820435

39678089437567,-0.09109497,0.09248352,-0.075683594

39678089437567,-0.09109497,0.09248352,-0.075683594

39678289693915,0.1199646,0.02658081,0.011260986

39678289693915,0.1199646,0.02658081,0.011260986

39678490072333,0.25956726,-0.034622192,-0.009567261

39678490072333,0.25956726,-0.034622192,-0.009567261

39678690298163,-0.041000366,-8.69751E-4,0.015808105

39678690298163,-0.041000366,-8.69751E-4,0.015808105

39678890523993,-0.009918213,-0.009628296,-0.013626099

39678890523993,-0.009918213,-0.009628296,-0.013626099

39679090780341,-0.03982544,-0.0017852783,-0.045455933

39679090780341,-0.03982544,-0.0017852783,-0.045455933

39679291036688,0.10122681,0.0020141602,-0.0370636

39679291036688,0.10122681,0.0020141602,-0.0370636

39679491903388,-0.008590698,-0.0093688965,0.022476196

39679491903388,-0.008590698,-0.0093688965,0.022476196

39679691946112,0.06463623,0.008102417,-0.05101013

39679691946112,0.06463623,0.008102417,-0.05101013

39679892355048,-0.0846405,0.008041382,0.020233154

39679892355048,-0.0846405,0.008041382,0.020233154

39680092580878,-0.14050293,0.038650513,0.009292603

39680092580878,-0.14050293,0.038650513,0.009292603

39680292776190,0.19900513,-0.012939453,0.011688232

39680292776190,0.19900513,-0.012939453,0.011688232

39680493032538,-0.008056641,0.015945435,-0.026763916

39680493032538,-0.008056641,0.015945435,-0.026763916

39680693288886,-0.11651611,0.01322937,0.019546509

39680693288886,-0.11651611,0.01322937,0.019546509

39680893484198,0.06976318,-0.026824951,-0.018432617

39680893484198,0.06976318,-0.026824951,-0.018432617

39681093710028,-0.11608887,0.08425903,-0.044662476

39681093710028,-0.11608887,0.08425903,-0.044662476

39681293966376,0.22555542,-0.027740479,-8.087158E-4

39681293966376,0.22555542,-0.027740479,-8.087158E-4

39681494192206,0.01763916,-0.0022583008,0.0038909912

39681494192206,0.01763916,-0.0022583008,0.0038909912

39681694418036,0.0103302,0.00793457,-7.4768066E-4

39681694418036,0.0103302,0.00793457,-7.4768066E-4

39681894582831,0.023361206,-0.017700195,-0.011749268

39681894582831,0.023361206,-0.017700195,-0.011749268

39682094534003,-0.06915283,0.045059204,-0.030654907

39682094534003,-0.06915283,0.045059204,-0.030654907

39682294973456,0.04284668,-0.0473938,-0.012710571

39682294973456,0.04284668,-0.0473938,-0.012710571

39682495168769,-0.07122803,0.047790527,-0.009780884

39682495168769,-0.07122803,0.047790527,-0.009780884

39682695119940,-0.22151184,-0.0028533936,0.014678955

39682695119940,-0.22151184,-0.0028533936,0.014678955

39682895559394,0.03590393,-0.0037078857,-0.02947998

39682895559394,0.03590393,-0.0037078857,-0.02947998

39683095754706,0.27383423,-0.05316162,0.011749268

39683095754706,0.27383423,-0.05316162,0.011749268

39683295950019,-0.035446167,0.03112793,-0.040267944

39683295950019,-0.035446167,0.03112793,-0.040267944

39683496175849,-0.16090393,-0.0060577393,-0.06767273

39683496175849,-0.16090393,-0.0060577393,-0.06767273

39683696462714,-0.058944702,0.06541443,0.020553589

39683696462714,-0.058944702,0.06541443,0.020553589

39683896596991,0.0056762695,0.016647339,-0.0135650635

39683896596991,0.0056762695,0.016647339,-0.0135650635

39684096822821,-0.04901123,0.035614014,-0.014633179

39684096822821,-0.04901123,0.035614014,-0.014633179

39684297048651,-0.011367798,-0.005844116,-0.008010864

39684297048651,-0.011367798,-0.005844116,-0.008010864

39684497304999,0.10411072,-0.015930176,-0.011276245

39684497304999,0.10411072,-0.015930176,-0.011276245

39684697439276,-0.05078125,-0.0068511963,0.010574341

39684697439276,-0.05078125,-0.0068511963,0.010574341

39684897634589,0.2475586,-0.02041626,-0.046157837

39684897634589,0.2475586,-0.02041626,-0.046157837

39685097829901,-0.115234375,-0.030517578,0.035079956

39685097829901,-0.115234375,-0.030517578,0.035079956

39685298055731,0.09300232,0.021499634,-0.04385376

39685298055731,0.09300232,0.021499634,-0.04385376

39685498251044,-0.044052124,-0.013900757,0.027877808

39685498251044,-0.044052124,-0.013900757,0.027877808

39685698263251,-0.021453857,-0.0017852783,0.0047454834

39685698263251,-0.021453857,-0.0017852783,0.0047454834

39685898641669,0.15457153,0.0149383545,-0.069122314

39685898641669,0.15457153,0.0149383545,-0.069122314

39686098745429,0.039855957,-0.016418457,0.017028809

39686098745429,0.039855957,-0.016418457,0.017028809

39686309927069,-0.43727112,0.06813049,-0.025375366

39686309927069,-0.43727112,0.06813049,-0.025375366

39686513052069,0.0046081543,-0.12611389,-0.088134766

39686513052069,0.0046081543,-0.12611389,-0.088134766

39686712270819,0.5384064,-0.02368164,-0.022964478

39686712270819,0.5384064,-0.02368164,-0.022964478

39686911489569,-0.08554077,0.013702393,-8.544922E-4

39686911489569,-0.08554077,0.013702393,-8.544922E-4

39687114614569,0.013366699,0.019424438,-0.0076446533

39687114614569,0.013366699,0.019424438,-0.0076446533

39687317739569,-0.0026550293,-1.2207031E-4,-0.014587402

39687317739569,-0.0026550293,-1.2207031E-4,-0.014587402

39687516958319,-0.036087036,-0.008728027,0.033432007

39687516958319,-0.036087036,-0.008728027,0.033432007

39687712270819,-0.03352356,0.0904541,-0.045562744

39687712270819,-0.03352356,0.0904541,-0.045562744

39687915405980,0.12333679,-0.05647278,-0.0012359619

39687915405980,0.12333679,-0.05647278,-0.0012359619

39688114624730,-0.057662964,0.02444458,8.544922E-4

39688114624730,-0.057662964,0.02444458,8.544922E-4

39688313843480,-0.12298584,0.10273743,-0.10890198

39688313843480,-0.12298584,0.10273743,-0.10890198

39688513062230,0.15762329,-0.050598145,0.028625488

39688513062230,0.15762329,-0.050598145,0.028625488

39688716187230,0.17582703,0.051742554,-0.055770874

39688716187230,0.17582703,0.051742554,-0.055770874

39688915405980,-0.14727783,-0.03489685,0.041229248

39688915405980,-0.14727783,-0.03489685,0.041229248

39689114624730,0.114471436,0.027114868,-0.059829712

39689114624730,0.114471436,0.027114868,-0.059829712

39689313843480,-0.15171814,-0.022613525,0.040420532

39689313843480,-0.15171814,-0.022613525,0.040420532

39689516968480,0.104263306,0.014083862,-0.06895447

39689516968480,0.104263306,0.014083862,-0.06895447

39689716187230,0.0036468506,-0.014755249,-0.002090454

39689716187230,0.0036468506,-0.014755249,-0.002090454

39689915405980,-0.075927734,-0.038101196,0.036468506

39689915405980,-0.075927734,-0.038101196,0.036468506

39690114624730,0.06929016,3.0517578E-4,0.0021362305

39690114624730,0.06929016,3.0517578E-4,0.0021362305

39690317749730,0.1672821,-0.028381348,-0.06297302

39690317749730,0.1672821,-0.028381348,-0.06297302

39690516968480,-0.9571228,0.08079529,-0.0738678

39690516968480,-0.9571228,0.08079529,-0.0738678

39690716187230,0.35575867,-0.16963196,-0.02911377

39690716187230,0.35575867,-0.16963196,-0.02911377

39690915405980,0.07766724,-0.039916992,0.09346008

39690915405980,0.07766724,-0.039916992,0.09346008

39691118530980,0.459198,-0.049468994,0.031555176

39691118530980,0.459198,-0.049468994,0.031555176

39691317749730,-0.017715454,0.05595398,-0.015014648

39691317749730,-0.017715454,0.05595398,-0.015014648

39691520874730,6.5612793E-4,0.0021209717,-0.040222168

39691520874730,6.5612793E-4,0.0021209717,-0.040222168

39691720093480,-0.06951904,0.01322937,-0.050430298

39691720093480,-0.06951904,0.01322937,-0.050430298

39691919312230,0.028427124,0.03982544,-0.0016021729

39691919312230,0.028427124,0.03982544,-0.0016021729

39692118530980,0.090270996,-0.017593384,0.016448975

39692118530980,0.090270996,-0.017593384,0.016448975

39692317749730,0.05470276,0.0262146,-0.070510864

39692317749730,0.05470276,0.0262146,-0.070510864

39692520874730,-0.16041565,0.042816162,-1.6784668E-4

39692520874730,-0.16041565,0.042816162,-1.6784668E-4

39692720093480,-0.039993286,0.056488037,-0.09928894

39692720093480,-0.039993286,0.056488037,-0.09928894

39692919312230,0.0064849854,1.373291E-4,0.032470703

39692919312230,0.0064849854,1.373291E-4,0.032470703

39693118530980,4.4250488E-4,0.030639648,-0.070510864

39693118530980,4.4250488E-4,0.030639648,-0.070510864

39693321655980,0.020690918,0.060180664,-0.039260864

39693321655980,0.020690918,0.060180664,-0.039260864

39693520874730,0.08546448,0.0037231445,-0.03845215

39693520874730,0.08546448,0.0037231445,-0.03845215

39693720093480,-0.016921997,0.021133423,0.0015411377

39693720093480,-0.016921997,0.021133423,0.0015411377

39693919312230,0.046218872,0.014831543,-0.025909424

39693919312230,0.046218872,0.014831543,-0.025909424

39694118530980,-0.12399292,0.015197754,0.042236328

39694118530980,-0.12399292,0.015197754,0.042236328

39694321655980,0.06480408,-0.03579712,0.019332886

39694321655980,0.06480408,-0.03579712,0.019332886

39694520874730,0.1116333,0.055526733,-0.07713318

39694520874730,0.1116333,0.055526733,-0.07713318

39694720093480,-0.11705017,-0.0138549805,-0.019439697

39694720093480,-0.11705017,-0.0138549805,-0.019439697

39694923218480,0.18240356,-0.06149292,-0.04508972

39694923218480,0.18240356,-0.06149292,-0.04508972

39695122437230,0.11895752,0.01600647,-0.023925781

39695122437230,0.11895752,0.01600647,-0.023925781

39695325562230,-0.083724976,0.09275818,0.058532715

39695325562230,-0.083724976,0.09275818,0.058532715

39695524780980,0.10479736,0.09664917,0.16929626

39695524780980,0.10479736,0.09664917,0.16929626

39695723999730,-0.48091125,0.3636322,0.31983948

39695723999730,-0.48091125,0.3636322,0.31983948

39695923218480,-0.40924072,0.19897461,0.35440063

39695923218480,-0.40924072,0.19897461,0.35440063

39696122437230,-0.5202637,0.24154663,0.78292847

39696122437230,-0.5202637,0.24154663,0.78292847

39696321655980,-0.26060486,0.2134552,0.5081024

39696321655980,-0.26060486,0.2134552,0.5081024

39696524780980,0.20483398,0.106796265,0.06060791

39696524780980,0.20483398,0.106796265,0.06060791

39696723999730,0.09866333,-0.08268738,-0.04396057

39696723999730,0.09866333,-0.08268738,-0.04396057

39696923218480,0.07698059,-0.012786865,-0.17800903

39696923218480,0.07698059,-0.012786865,-0.17800903

39697122437230,-0.12944031,-0.025177002,-0.3993225

39697122437230,-0.12944031,-0.025177002,-0.3993225

39697325562230,-0.63739014,-0.25022888,-0.6307831

39697325562230,-0.63739014,-0.25022888,-0.6307831

39697524780980,0.31228638,-0.24809265,-0.3553772

39697524780980,0.31228638,-0.24809265,-0.3553772

39697723999730,0.48451233,-0.18180847,0.08705139

39697723999730,0.48451233,-0.18180847,0.08705139

39697923218480,0.5579529,-0.025222778,-0.3027649

39697923218480,0.5579529,-0.025222778,-0.3027649

39698126330600,0.10095215,0.34579468,-0.020355225

39698126330600,0.10095215,0.34579468,-0.020355225

39698325549350,-0.08628845,0.28533936,-0.35847473

39698325549350,-0.08628845,0.28533936,-0.35847473

39698524768100,-0.18434143,-0.4933319,-0.21534729

39698524768100,-0.18434143,-0.4933319,-0.21534729

39698723986850,0.42871094,-0.5507965,0.27978516

39698723986850,0.42871094,-0.5507965,0.27978516

39698931018100,-0.22584534,-0.38902283,-0.002670288

39698931018100,-0.22584534,-0.38902283,-0.002670288

39699130236850,-0.017028809,-0.37994385,-0.40589905

39699130236850,-0.017028809,-0.37994385,-0.40589905

39699325549350,0.028167725,0.17707825,0.124053955

39699325549350,0.028167725,0.17707825,0.124053955

39699524768100,0.11387634,0.074645996,0.54281616

39699524768100,0.11387634,0.074645996,0.54281616

39699727893100,0.3507843,0.14385986,-0.07141113

39699727893100,0.3507843,0.14385986,-0.07141113

39699927111850,0.15510559,0.20292664,-0.0231781

39699927111850,0.15510559,0.20292664,-0.0231781

39700126330600,-0.42915344,-0.02949524,-0.09347534

39700126330600,-0.42915344,-0.02949524,-0.09347534

39700325549350,0.58818054,0.021347046,-0.14431763

39700325549350,0.58818054,0.021347046,-0.14431763

39700528674350,0.15756226,0.26316833,0.047531128

39700528674350,0.15756226,0.26316833,0.047531128

39700727893100,0.10650635,0.06071472,0.012542725

39700727893100,0.10650635,0.06071472,0.012542725

39700927111850,0.16300964,-0.056732178,-0.036956787

39700927111850,0.16300964,-0.056732178,-0.036956787

39701126330600,-0.089019775,-0.0337677,0.022583008

39701126330600,-0.089019775,-0.0337677,0.022583008

39701329455600,-0.036087036,0.0289917,0.008010864

39701329455600,-0.036087036,0.0289917,0.008010864

39701528674350,0.029174805,-0.03665161,-0.028305054

39701528674350,0.029174805,-0.03665161,-0.028305054

39701727893100,-0.060333252,0.08030701,0.0018157959

39701727893100,-0.060333252,0.08030701,0.0018157959

39701927111850,0.21925354,-0.063201904,-0.045455933

39701927111850,0.21925354,-0.063201904,-0.045455933

39702126330600,-0.14071655,-0.002746582,-8.087158E-4

39702126330600,-0.14071655,-0.002746582,-8.087158E-4

39702329455600,0.14779663,0.010070801,-0.047698975

39702329455600,0.14779663,0.010070801,-0.047698975

39702528674350,-0.07421875,0.018356323,0.014144897

39702528674350,-0.07421875,0.018356323,0.014144897

39702727893100,-0.012588501,-0.011932373,-0.0056152344

39702727893100,-0.012588501,-0.011932373,-0.0056152344

39702931018100,-0.09429932,-0.007873535,-0.006790161

39702931018100,-0.09429932,-0.007873535,-0.006790161

39703130236850,0.0138549805,0.035186768,0.021621704

39703130236850,0.0138549805,0.035186768,0.021621704

39703329455600,0.0032196045,-0.027954102,-0.018005371

39703329455600,0.0032196045,-0.027954102,-0.018005371

39703528674350,0.14111328,-0.05230713,-0.06254578

39703528674350,0.14111328,-0.05230713,-0.06254578

39703735705600,-0.23475647,0.06562805,0.03967285

39703735705600,-0.23475647,0.06562805,0.03967285

39703934924350,0.009689331,-2.2888184E-4,-0.015655518

39703934924350,0.009689331,-2.2888184E-4,-0.015655518

39704130236850,-0.11230469,-0.063949585,0.03781128

39704130236850,-0.11230469,-0.063949585,0.03781128

39704329455600,-0.5240631,-0.17268372,0.08769226

39704329455600,-0.5240631,-0.17268372,0.08769226

39704532580600,-0.021835327,-0.1002655,0.19770813

39704532580600,-0.021835327,-0.1002655,0.19770813

39704731799350,-0.25500488,-0.5227051,-0.12107849

39704731799350,-0.25500488,-0.5227051,-0.12107849

39704931018100,-0.0037841797,-0.26864624,-0.13491821

39704931018100,-0.0037841797,-0.26864624,-0.13491821

39705130236850,0.13865662,-0.247818,0.05479431

39705130236850,0.13865662,-0.247818,0.05479431

39705333361850,-0.007888794,-0.03857422,-0.026016235

39705333361850,-0.007888794,-0.03857422,-0.026016235

39705532580600,0.024536133,0.015792847,0.0055999756

39705532580600,0.024536133,0.015792847,0.0055999756

39705731799350,0.009841919,0.008422852,0.0025024414

39705731799350,0.009841919,0.008422852,0.0025024414

39705931018100,0.03590393,0.008148193,1.0681152E-4

39705931018100,0.03590393,0.008148193,1.0681152E-4

39706134143100,0.009735107,0.00579834,-0.011917114

39706134143100,0.009735107,0.00579834,-0.011917114

39706333361850,0.13348389,-0.007598877,-0.021362305

39706333361850,0.13348389,-0.007598877,-0.021362305

39706532580600,-0.03630066,0.022735596,0.0028839111

39706532580600,-0.03630066,0.022735596,0.0028839111

39706731799350,0.10501099,0.0028076172,-0.056350708

39706731799350,0.10501099,0.0028076172,-0.056350708

39706934924350,-0.059539795,0.014343262,0.020553589

39706934924350,-0.059539795,0.014343262,0.020553589

39707134143100,-0.1662445,0.040634155,-0.01612854

39707134143100,-0.1662445,0.040634155,-0.01612854

39707333361850,0.20344543,-0.027313232,-0.01890564

39707333361850,0.20344543,-0.027313232,-0.01890564

39707532580600,0.026779175,0.02519226,-0.029006958

39707532580600,0.026779175,0.02519226,-0.029006958

39707735705600,-0.05697632,3.0517578E-5,0.0027770996

39707735705600,-0.05697632,3.0517578E-5,0.0027770996

39707934924350,-0.043518066,-0.0018920898,0.00730896

39707934924350,-0.043518066,-0.0018920898,0.00730896

39708134143100,0.11462402,0.019210815,-0.021469116

39708134143100,0.11462402,0.019210815,-0.021469116

39708333370955,-0.07218933,0.005432129,-0.018112183

39708333370955,-0.07218933,0.005432129,-0.018112183

39708536495955,-0.22253418,0.07865906,-0.055389404

39708536495955,-0.22253418,0.07865906,-0.055389404

39708735714705,-0.725296,0.06990051,0.1325531

39708735714705,-0.725296,0.06990051,0.1325531

39708934933455,0.30534363,-1.5258789E-5,-0.06602478

39708934933455,0.30534363,-1.5258789E-5,-0.06602478

39709138058455,0.40750122,-0.13641357,-0.106292725

39709138058455,0.40750122,-0.13641357,-0.106292725

39709337277205,0.25112915,-0.3105774,0.020828247

39709337277205,0.25112915,-0.3105774,0.020828247

39709536495955,0.100097656,0.0082092285,0.014633179

39709536495955,0.100097656,0.0082092285,0.014633179

39709739620955,0.013473511,0.0016326904,0.0013885498

39709739620955,0.013473511,0.0016326904,0.0013885498

39709938839705,0.0032196045,0.0012054443,-0.0023040771

39709938839705,0.0032196045,0.0012054443,-0.0023040771

39710138058455,0.09603882,-0.008728027,-7.4768066E-4

39710138058455,0.09603882,-0.008728027,-7.4768066E-4

39710337277205,0.031051636,0.029785156,-0.04727173

39710337277205,0.031051636,0.029785156,-0.04727173

39710536495955,-0.07865906,0.013702393,-0.008651733

39710536495955,-0.07865906,0.013702393,-0.008651733

39710735714705,0.017700195,0.006866455,0.010253906

39710735714705,0.017700195,0.006866455,0.010253906

39710938839705,-0.048110962,-0.0046081543,-0.0029449463

39710938839705,-0.048110962,-0.0046081543,-0.0029449463

39711138058455,-0.012481689,0.043304443,-0.013137817

39711138058455,-0.012481689,0.043304443,-0.013137817

39711337277205,0.057434082,-0.05961609,0.041015625

39711337277205,0.057434082,-0.05961609,0.041015625

39711540402205,-0.026901245,0.033096313,-0.027938843

39711540402205,-0.026901245,0.033096313,-0.027938843

39711739620955,-0.02999878,0.007080078,0.0036773682

39711739620955,-0.02999878,0.007080078,0.0036773682

39711938839705,0.10549927,0.0018463135,-0.0061950684

39711938839705,0.10549927,0.0018463135,-0.0061950684

39712138058455,-0.034591675,0.024017334,-0.017471313

39712138058455,-0.034591675,0.024017334,-0.017471313

39712341183455,0.021484375,0.0019073486,0.0063476562

39712341183455,0.021484375,0.0019073486,0.0063476562

39712540402205,0.0053100586,-0.0032806396,-0.00843811

39712540402205,0.0053100586,-0.0032806396,-0.00843811

39712739620955,-0.0063934326,0.0013122559,-0.0030975342

39712739620955,-0.0063934326,0.0013122559,-0.0030975342

39712938839705,-9.460449E-4,0.006652832,-1.0681152E-4

39712938839705,-9.460449E-4,0.006652832,-1.0681152E-4

39713141964705,-0.034332275,-0.00920105,-0.004760742

39713141964705,-0.034332275,-0.00920105,-0.004760742

39713352902205,0.09262085,0.017333984,-0.049041748

39713352902205,0.09262085,0.017333984,-0.049041748

39713812313826,-0.07598877,0.009277344,-0.009674072

39713812313826,-0.07598877,0.009277344,-0.009674072

39714012509139,0.009521484,0.024505615,-0.0052948

39714012509139,0.009521484,0.024505615,-0.0052948

39714212734969,-0.022903442,-0.0012512207,-0.016342163

39714212734969,-0.022903442,-0.0012512207,-0.016342163

39714412930281,0.019561768,0.010070801,-5.950928E-4

39714412930281,0.019561768,0.010070801,-5.950928E-4

39714614254744,-0.048965454,-0.007598877,2.593994E-4

39714614254744,-0.048965454,-0.007598877,2.593994E-4

39714814450057,0.058761597,0.004470825,-0.0033111572

39714814450057,0.058761597,0.004470825,-0.0033111572

39715013363631,-0.006668091,-0.0019989014,-0.0052337646

39715013363631,-0.006668091,-0.0019989014,-0.0052337646

39715213528426,-0.037750244,0.01423645,0.007095337

39715213528426,-0.037750244,0.01423645,0.007095337

39715413967879,-0.0075683594,-0.0052490234,-0.014633179

39715413967879,-0.0075683594,-0.0052490234,-0.014633179

39715613858016,0.062286377,0.030319214,-0.058059692

39715613858016,0.062286377,0.030319214,-0.058059692

39715814389022,0.07836914,-0.003112793,-0.02067566

39715814389022,0.07836914,-0.003112793,-0.02067566

39716014309676,-0.08917236,0.017974854,-0.0044403076

39716014309676,-0.08917236,0.017974854,-0.0044403076

39716217983992,-6.866455E-4,0.01979065,-0.016021729

39716217983992,-6.866455E-4,0.01979065,-0.016021729

39716414852889,-0.015151978,0.018249512,9.613037E-4

39716414852889,-0.015151978,0.018249512,9.613037E-4

39716614743026,0.016952515,-0.003112793,-0.0137786865

39716614743026,0.016952515,-0.003112793,-0.0137786865

39716814938338,-0.040039062,0.031280518,-0.05886841

39716814938338,-0.040039062,0.031280518,-0.05886841

39717014553817,-0.20491028,0.09927368,-0.08155823

39717014553817,-0.20491028,0.09927368,-0.08155823

39717214688094,-0.6088104,0.1877594,0.032470703

39717214688094,-0.6088104,0.1877594,0.032470703

39717414852889,0.04925537,-0.120391846,0.08987427

39717414852889,0.04925537,-0.120391846,0.08987427

39717616177352,0.17422485,0.0289917,-0.0803833

39717616177352,0.17422485,0.0289917,-0.0803833

39717817501815,0.29978943,-0.006958008,-0.07888794

39717817501815,0.29978943,-0.006958008,-0.07888794

39718017178328,0.105285645,-0.079696655,-0.10441589

39718017178328,0.105285645,-0.079696655,-0.10441589

39718216305526,0.11383057,-0.19953918,0.14050293

39718216305526,0.11383057,-0.19953918,0.14050293

39718417416365,0.21118164,-0.06677246,0.003250122

39718417416365,0.21118164,-0.06677246,0.003250122

39718616526902,-0.011306763,0.00340271,-0.0028839111

39718616526902,-0.011306763,0.00340271,-0.0028839111

39718816539109,6.1035156E-5,0.04298401,-0.06858826

39718816539109,6.1035156E-5,0.04298401,-0.06858826

39719016703904,0.014389038,0.0024871826,-0.010635376

39719016703904,0.014389038,0.0024871826,-0.010635376

39719216807663,0.052139282,1.373291E-4,-0.014099121

39719216807663,0.052139282,1.373291E-4,-0.014099121

39719417064011,0.009628296,0.010177612,-0.034561157

39719417064011,0.009628296,0.010177612,-0.034561157

39719618388474,-0.11437988,0.009490967,0.010726929

39719618388474,-0.11437988,0.009490967,0.010726929

39719817576706,0.021484375,0.0076141357,-0.031570435

39719817576706,0.021484375,0.0076141357,-0.031570435

39720017710984,-0.0017547607,0.011413574,0.0035247803

39720017710984,-0.0017547607,0.011413574,0.0035247803

39720217692673,0.12600708,0.032943726,-0.044815063

39720217692673,0.12600708,0.032943726,-0.044815063

39720417796433,-0.07940674,0.029144287,1.5258789E-4

39720417796433,-0.07940674,0.029144287,1.5258789E-4

39720618235886,-0.027862549,0.005218506,3.2043457E-4

39720618235886,-0.027862549,0.005218506,3.2043457E-4

39720818187058,0.14683533,0.03694153,-0.032791138

39720818187058,0.14683533,0.03694153,-0.032791138

39721018962204,-0.25682068,0.008102417,0.019485474

39721018962204,-0.25682068,0.008102417,0.019485474

39721218608201,-0.34883118,0.30178833,0.036849976

39721218608201,-0.34883118,0.30178833,0.036849976

39721422251999,-0.16571045,-0.038101196,-0.002243042

39721422251999,-0.16571045,-0.038101196,-0.002243042

39721619151413,0.35554504,-0.008834839,-0.08850098

39721619151413,0.35554504,-0.008834839,-0.08850098

39721819102585,0.13919067,-0.28701782,0.024780273

39721819102585,0.13919067,-0.28701782,0.024780273

39722019664109,0.14021301,-0.0473938,0.018051147

39722019664109,0.14021301,-0.0473938,0.018051147

39722219523728,0.05769348,8.392334E-4,-0.027770996

39722219523728,0.05769348,8.392334E-4,-0.027770996

39722419719040,0.10821533,0.012161255,-0.023284912

39722419719040,0.10821533,0.012161255,-0.023284912

39722621623337,-0.027648926,-0.005996704,0.034118652

39722621623337,-0.027648926,-0.005996704,0.034118652

39722820018113,0.019134521,0.004470825,-0.026016235

39722820018113,0.019134521,0.004470825,-0.026016235

39723020701706,0.021759033,0.015945435,-0.010360718

39723020701706,0.021759033,0.015945435,-0.010360718

39723220408738,0.011230469,0.017654419,-0.041397095

39723220408738,0.011230469,0.017654419,-0.041397095

39723420573533,-0.089279175,-0.0058898926,0.03161621

39723420573533,-0.089279175,-0.0058898926,0.03161621

39723621074021,-0.045547485,-0.0014648438,-0.01939392

39723621074021,-0.045547485,-0.0014648438,-0.01939392

39723821788132,0.0390625,0.019744873,-0.010787964

39723821788132,0.0390625,0.019744873,-0.010787964

39724021098435,-0.08731079,0.047409058,-0.06222534

39724021098435,-0.08731079,0.047409058,-0.06222534

39724221537888,-0.025466919,0.01979065,-0.034988403

39724221537888,-0.025466919,0.01979065,-0.034988403

39724421458542,0.012573242,-2.2888184E-4,-0.003692627

39724421458542,0.012573242,-2.2888184E-4,-0.003692627

39724621623337,0.108428955,0.030914307,-0.05378723

39724621623337,0.108428955,0.030914307,-0.05378723

39724822215378,-0.06359863,0.0079956055,0.011474609

39724822215378,-0.06359863,0.0079956055,0.011474609

39725022044480,-0.03048706,-0.0033874512,-0.010360718

39725022044480,-0.03048706,-0.0033874512,-0.010360718

39725221629441,-0.010513306,-8.69751E-4,0.0039978027

39725221629441,-0.010513306,-8.69751E-4,0.0039978027

39725421824753,0.07388306,0.0385437,-0.060150146

39725421824753,0.07388306,0.0385437,-0.060150146

39725622142136,-0.052001953,0.031234741,-0.020507812

39725622142136,-0.052001953,0.031234741,-0.020507812

39725822276413,0.018447876,0.025726318,-0.04598999

39725822276413,0.018447876,0.025726318,-0.04598999

39726022807419,-0.05078125,0.001739502,0.008010864

39726022807419,-0.05078125,0.001739502,0.008010864

39726223216355,0.114089966,0.005584717,-0.022277832

39726223216355,0.114089966,0.005584717,-0.022277832

39726423411667,-0.1829071,0.06765747,0.0022888184

39726423411667,-0.1829071,0.06765747,0.0022888184

39726623301804,-0.28453064,0.19694519,0.2792511

39726623301804,-0.28453064,0.19694519,0.2792511

39726823832810,-0.28897095,-0.19906616,0.5554199

39726823832810,-0.28897095,-0.19906616,0.5554199

39727023600876,-0.2907257,0.12890625,0.12678528

39727023600876,-0.2907257,0.12890625,0.12678528

39727224223435,0.3247223,0.017333984,-0.028305054

39727224223435,0.3247223,0.017333984,-0.028305054

39727423930466,0.12754822,0.25254822,0.046829224

39727423930466,0.12754822,0.25254822,0.046829224

39727624034226,0.30726624,-0.049850464,0.019226074

39727624034226,0.30726624,-0.049850464,0.019226074

39727824656785,0.20210266,0.039245605,0.06227112

39727824656785,0.20210266,0.039245605,0.06227112

39728024363816,0.02998352,0.008743286,0.018096924

39728024363816,0.02998352,0.008743286,0.018096924

39728224498093,-0.015579224,-0.0019989014,-0.00390625

39728224498093,-0.015579224,-0.0019989014,-0.00390625

39728424907029,0.0036010742,0.0076141357,0.00491333

39728424907029,0.0036010742,0.0076141357,0.00491333

39728624837167,-0.6539917,-0.002746582,-0.039733887

39728624837167,-0.6539917,-0.002746582,-0.039733887

39728824971444,-0.31044006,-0.065338135,-0.17903137

39728824971444,-0.31044006,-0.065338135,-0.17903137

39729025380380,0.15104675,-0.17945862,0.03236389

39729025380380,0.15104675,-0.17945862,0.03236389

39729225301034,0.09535217,-0.25561523,0.015701294

39729225301034,0.09535217,-0.25561523,0.015701294

39729426015146,0.09283447,-0.06260681,-0.067993164

39729426015146,0.09283447,-0.06260681,-0.067993164

39729625630624,0.31201172,0.037261963,0.03514099

39729625630624,0.31201172,0.037261963,0.03514099

39729829274423,-0.090667725,0.012313843,0.10926819

39729829274423,-0.090667725,0.012313843,0.10926819

39730026173837,-0.16885376,0.051742554,-0.0064697266

39730026173837,-0.16885376,0.051742554,-0.0064697266

39730226094491,0.18544006,0.2124939,-0.08444214

39730226094491,0.18544006,0.2124939,-0.08444214

39730426594979,0.30075073,0.19715881,-0.0259552

39730426594979,0.30075073,0.19715881,-0.0259552

39730626363046,0.20220947,-0.084609985,-0.027236938

39730626363046,0.20220947,-0.084609985,-0.027236938

39730826588876,-0.10877991,0.06530762,0.04170227

39730826588876,-0.10877991,0.06530762,0.04170227

39731028462655,0.093688965,-0.041671753,-0.033706665

39731028462655,0.093688965,-0.041671753,-0.033706665

39731226887948,-0.11476135,0.114486694,-0.029373169

39731226887948,-0.11476135,0.114486694,-0.029373169

39731426991708,0.042419434,-4.4250488E-4,-0.005126953

39731426991708,0.042419434,-4.4250488E-4,-0.005126953

39731628407724,0.24760437,-0.038146973,0.0135650635

39731628407724,0.24760437,-0.038146973,0.0135650635

39731827626474,0.037612915,-0.04888916,-0.06970215

39731827626474,0.037612915,-0.04888916,-0.06970215

39732028676278,-0.12794495,0.061935425,-0.018432617

39732028676278,-0.12794495,0.061935425,-0.018432617

39732228810556,-0.014190674,-0.03804016,8.544922E-4

39732228810556,-0.014190674,-0.03804016,8.544922E-4

39732429005868,-0.15663147,-0.0027923584,-0.002243042

39732429005868,-0.15663147,-0.0027923584,-0.002243042

39732629048593,0.08279419,-0.012573242,-0.014633179

39732629048593,0.08279419,-0.012573242,-0.014633179

39732828358896,0.18667603,-0.05758667,-0.080596924

39732828358896,0.18667603,-0.05758667,-0.080596924

39733027547128,-0.10220337,0.047042847,-0.028900146

39733027547128,-0.10220337,0.047042847,-0.028900146

39733227711923,-0.11758423,0.039779663,-0.010253906

39733227711923,-0.11758423,0.039779663,-0.010253906

39733427815683,0.13102722,-0.022079468,-0.019821167

39733427815683,0.13102722,-0.022079468,-0.019821167

39733628072030,-0.081222534,0.116256714,-0.0655365

39733628072030,-0.081222534,0.116256714,-0.0655365

39733828206308,0.054595947,0.02267456,-6.4086914E-4

39733828206308,0.054595947,0.02267456,-6.4086914E-4

39734028767831,-0.04559326,0.025146484,-0.013671875

39734028767831,-0.04559326,0.025146484,-0.013671875

39734228413827,-0.03907776,0.018997192,0.0017547607

39734228413827,-0.03907776,0.018997192,0.0017547607

39734429127938,-0.037261963,0.015258789,-0.010681152

39734429127938,-0.037261963,0.015258789,-0.010681152

39734629262216,0.15008545,-0.065704346,0.011962891

39734629262216,0.15008545,-0.065704346,0.011962891

39734829579599,-0.024719238,0.028717041,-0.05496216

39734829579599,-0.024719238,0.028717041,-0.05496216

39735029805429,-0.08778381,-3.3569336E-4,0.019699097

39735029805429,-0.08778381,-3.3569336E-4,0.019699097

39735230885751,0.10223389,-0.04408264,-0.06260681

39735230885751,0.10223389,-0.04408264,-0.06260681

39735433278329,-0.09767151,0.0024871826,0.033859253

39735433278329,-0.09767151,0.0024871826,0.033859253

39735630177743,0.0038604736,-0.011444092,0.00491333

39735630177743,0.0038604736,-0.011444092,0.00491333

39735830037362,-0.0041503906,0.016906738,-5.950928E-4

39735830037362,-0.0041503906,0.016906738,-5.950928E-4

39736030476815,0.008834839,9.918213E-4,-7.019043E-4

39736030476815,0.008834839,9.918213E-4,-7.019043E-4

39736230244882,0.012298584,-0.0048828125,-0.008544922

39736230244882,0.012298584,-0.0048828125,-0.008544922

39736433888681,-0.09899902,0.023483276,-0.012664795

39736433888681,-0.09899902,0.023483276,-0.012664795

39736630757577,0.08920288,-0.028381348,-0.0013885498

39736630757577,0.08920288,-0.028381348,-0.0013885498

39736830617196,0.10437012,0.042388916,-0.100357056

39736830617196,0.10437012,0.042388916,-0.100357056

39737030781991,-0.18284607,0.034332275,0.0021362305

39737030781991,-0.18284607,0.034332275,0.0021362305

39737231129892,0.023834229,-0.031311035,0.011154175

39737231129892,0.023834229,-0.031311035,0.011154175

39737431081063,0.024215698,-0.017105103,-0.05101013

39737431081063,0.024215698,-0.017105103,-0.05101013

39737632375009,-0.063430786,0.014984131,0.057678223

39737632375009,-0.063430786,0.014984131,0.057678223

39737832509286,0.08140564,-0.029388428,-0.07215881

39737832509286,0.08140564,-0.029388428,-0.07215881

39738031697519,-0.30226135,0.017501831,0.031021118

39738031697519,-0.30226135,0.017501831,0.031021118

39738231953866,-0.5806732,-0.13310242,0.077804565

39738231953866,-0.5806732,-0.13310242,0.077804565

39738433003671,0.2966919,-0.061538696,-0.24700928

39738433003671,0.2966919,-0.061538696,-0.24700928

39738633137948,0.4230957,-0.0026855469,0.09559631

39738633137948,0.4230957,-0.0026855469,0.09559631

39738833272226,0.47229004,-0.06694031,0.020339966

39738833272226,0.47229004,-0.06694031,0.020339966

39739032383877,0.06971741,0.02482605,-0.013137817

39739032383877,0.06971741,0.02482605,-0.013137817

39739232335049,-0.078811646,0.044631958,0.017669678

39739232335049,-0.078811646,0.044631958,0.017669678

39739432530361,0.014007568,-0.0019989014,-0.05256653

39739432530361,0.014007568,-0.0019989014,-0.05256653

39739632634121,-1.5258789E-4,0.04345703,0.0029296875

39739632634121,-1.5258789E-4,0.04345703,0.0029296875

39739832798916,0.10191345,0.016693115,-0.013198853

39739832798916,0.10191345,0.016693115,-0.013198853

39740032902676,0.038742065,0.027069092,-0.00491333

39740032902676,0.038742065,0.027069092,-0.00491333

39740233006435,-0.0063476562,-0.009796143,-0.004760742

39740233006435,-0.0063476562,-0.009796143,-0.004760742

39740434361416,-0.0011138916,0.029205322,0.01008606

39740434361416,-0.0011138916,0.029205322,0.01008606

39740633580166,0.077194214,-0.008300781,-0.047058105

39740633580166,0.077194214,-0.008300781,-0.047058105

39740833348232,-0.13494873,0.056488037,0.0289917

39740833348232,-0.13494873,0.056488037,0.0289917

39741032963711,0.09941101,-0.024475098,-0.011428833

39741032963711,0.09941101,-0.024475098,-0.011428833

39741233097988,-0.0055389404,0.020217896,-0.052886963

39741233097988,-0.0055389404,0.020217896,-0.052886963

39741433354336,0.112594604,-0.0050354004,-0.023284912

39741433354336,0.112594604,-0.0050354004,-0.023284912

39741634983975,-0.20217896,0.026321411,0.030593872

39741634983975,-0.20217896,0.026321411,0.030593872

39741833653408,0.03793335,0.005584717,-0.021148682

39741833653408,0.03793335,0.005584717,-0.021148682

39742034153896,0.13722229,0.009643555,-0.0256958

39742034153896,0.13722229,0.009643555,-0.0256958

39742233921963,-0.030700684,0.015838623,-0.02986145

39742233921963,-0.030700684,0.015838623,-0.02986145

39742434422451,-0.044311523,0.0016937256,-0.01159668

39742434422451,-0.044311523,0.0016937256,-0.01159668

39742635838467,-0.9228363,-0.28900146,-0.09020996

39742635838467,-0.9228363,-0.28900146,-0.09020996

39742834691006,-0.13056946,-0.1558075,-0.048339844

39742834691006,-0.13056946,-0.1558075,-0.048339844

39743034825283,0.26956177,-0.09454346,-0.043701172

39743034825283,0.26956177,-0.09454346,-0.043701172

39743236302334,0.16557312,-0.2836609,-0.076919556

39743236302334,0.16557312,-0.2836609,-0.076919556

39743435093838,0.07991028,-0.22367859,0.038024902

39743435093838,0.07991028,-0.22367859,0.038024902

39743635502773,0.17240906,-0.04498291,-0.03829956

39743635502773,0.17240906,-0.04498291,-0.03829956

39743835362392,0.0018920898,-0.0019378662,0.02456665

39743835362392,0.0018920898,-0.0019378662,0.02456665

39744035496670,-0.04270935,0.03352356,-0.017471313

39744035496670,-0.04270935,0.03352356,-0.017471313

39744235875088,0.02784729,-0.0060577393,-0.0076904297

39744235875088,0.02784729,-0.0060577393,-0.0076904297

39744435734707,-0.029785156,0.011459351,0.01638794

39744435734707,-0.029785156,0.011459351,0.01638794

39744636448818,0.05747986,0.0025482178,-0.05609131

39744636448818,0.05747986,0.0025482178,-0.05609131

39744836247402,0.01737976,0.026428223,-0.014373779

39744836247402,0.01737976,0.026428223,-0.014373779

39745036198574,0.051879883,-0.009094238,-0.019714355

39745036198574,0.051879883,-0.009094238,-0.019714355

39745236607510,-0.58776855,0.10632324,-0.057632446

39745236607510,-0.58776855,0.10632324,-0.057632446

39745436039883,-0.41490173,0.09953308,0.11946106

39745436039883,-0.41490173,0.09953308,0.11946106

39745636631924,0.33625793,0.04196167,-0.045944214

39745636631924,0.33625793,0.04196167,-0.045944214

39745837071377,0.06266785,0.027542114,-0.079956055

39745837071377,0.06266785,0.027542114,-0.079956055

39746036930996,0.07495117,-0.072387695,-0.15264893

39746036930996,0.07495117,-0.072387695,-0.15264893

39746237339932,0.10821533,-0.06298828,0.06434631

39746237339932,0.10821533,-0.06298828,0.06434631

39746437504726,0.10020447,-0.07585144,0.025039673

39746437504726,0.10020447,-0.07585144,0.025039673

39746637364346,0.15324402,-0.028427124,-0.017089844

39746637364346,0.15324402,-0.028427124,-0.017089844

39746837773281,0.0949707,0.01184082,-0.009353638

39746837773281,0.0949707,0.01184082,-0.009353638

39747037632900,0.06544495,0.0033416748,0.002029419

39747037632900,0.06544495,0.0033416748,0.002029419

39747237797695,-0.018569946,0.008636475,-0.010635376

39747237797695,-0.018569946,0.008636475,-0.010635376

39747438206631,-0.11454773,-0.005203247,-0.018005371

39747438206631,-0.11454773,-0.005203247,-0.018005371

39747638096767,-0.03945923,-0.009094238,0.032196045

39747638096767,-0.03945923,-0.009094238,0.032196045

39747838932949,-0.0035705566,0.03694153,-0.044555664

39747838932949,-0.0035705566,0.03694153,-0.044555664

39748038395840,0.10362244,-0.018447876,-0.012496948

39748038395840,0.10362244,-0.018447876,-0.012496948

39748238530117,-0.048690796,0.036895752,-0.015548706

39748238530117,-0.048690796,0.036895752,-0.015548706

39748439030605,-0.063430786,0.03881836,0.0119018555

39748439030605,-0.063430786,0.03881836,0.0119018555

39748638798672,-0.01953125,0.07293701,-0.02381897

39748638798672,-0.01953125,0.07293701,-0.02381897

39748838414150,-0.02696228,0.0010528564,-0.0044403076

39748838414150,-0.02696228,0.0010528564,-0.0044403076

39749038553483,-0.029205322,0.03694153,-0.032318115

39749038553483,-0.029205322,0.03694153,-0.032318115

39749238657242,0.004776001,0.04345703,-0.022857666

39749238657242,0.004776001,0.04345703,-0.022857666

39749438944108,-0.004852295,0.015838623,-0.023452759

39749438944108,-0.004852295,0.015838623,-0.023452759

39749639475113,0.02949524,-0.0066986084,-0.018112183

39749639475113,0.02949524,-0.0066986084,-0.018112183

39749839212662,0.0027923584,0.02166748,-0.015548706

39749839212662,0.0027923584,0.02166748,-0.015548706

39750039743668,0.028427124,-0.026992798,-0.013885498

39750039743668,0.028427124,-0.026992798,-0.013885498

39750240885026,0.024047852,-0.014175415,-0.0090789795

39750240885026,0.024047852,-0.014175415,-0.0090789795

39750440073258,-0.015579224,-0.0074920654,-0.004760742

39750440073258,-0.015579224,-0.0074920654,-0.004760742

39750644815690,0.0046081543,-0.0040283203,-0.0050811768

39750644815690,0.0046081543,-0.0040283203,-0.0050811768

39751098978287,-0.005432129,-0.0015716553,0.0027160645

39751302103287,0.060256958,-0.0048828125,-0.00843811

39751501322037,-0.016174316,0.0051116943,-0.004486084

39751700540787,-0.057128906,0.0068206787,0.0045318604

39751899759537,0.027786255,8.8500977E-4,0.004272461

39752102884537,0.046539307,0.0059661865,-0.023498535

39752306009537,0.053375244,0.0021209717,-0.019500732

39752501322037,0.116119385,0.0071868896,-0.032791138

39752700540787,-0.07432556,0.0027618408,0.013183594

39752903665787,0.07841492,0.010604858,-0.026123047

39753102884537,-0.15193176,0.015151978,0.024612427

39753302103287,0.11895752,-0.008239746,-0.026016235

39753501322037,-0.04975891,-0.0014648438,0.002670288

39753700540787,0.03643799,-0.004714966,-0.003692627

39753903665787,0.016357422,0.010238647,-0.011062622

39754102884537,0.047180176,0.031173706,-0.021255493

39754302103287,0.034088135,-0.007598877,-0.023025513

39754501322037,-0.031921387,9.460449E-4,9.0026855E-4

39754704447037,0.0055236816,-9.765625E-4,-0.0039520264

39754903665787,0.015609741,0.005859375,-0.002090454

39755102884537,0.030731201,-0.0044555664,-0.010681152

39755302103287,0.07713318,0.0024414062,-0.0052948

39755505228287,0.11601257,0.022140503,-0.05795288

39755704447037,-0.07069397,7.324219E-4,-0.0032043457

39755903665787,-0.10974121,0.0030212402,0.0036315918

39756106790787,0.11682129,-0.012786865,-0.017150879

39756306009537,0.004135132,0.012161255,-0.005126953

39756505228287,-0.074539185,-0.019515991,-0.004760742

39756704447037,-0.12095642,0.030059814,0.01852417

39756903665787,-0.12010193,0.0031280518,0.007904053

39757106790787,-0.09429932,0.015258789,0.008804321

39757306009537,-0.018035889,0.003616333,-8.087158E-4

39757505228287,-0.033477783,-0.0061035156,-0.014053345

39757708353287,-0.019485474,0.016967773,-0.0072631836

39757907572037,-0.43893433,0.20249939,0.25260925

39758106790787,-0.5045166,-0.11222839,0.7010498

39758306009537,0.03147888,0.15603638,0.09403992

39758505228287,0.051605225,-0.041992188,0.027816772

39758708353287,0.4525299,-0.03793335,0.01965332

39758907572037,-0.2199707,0.00831604,0.007843018

39759106816765,-0.1395874,0.036514282,-0.010040283

39759306035515,0.09353638,-0.03414917,0.0055999756

39759505254265,0.040985107,0.06919861,-0.082092285

39759708379265,0.10031128,-0.014755249,0.0019683838

39759907598015,0.11206055,-0.006958008,-0.036849976

39760106816765,-0.09169006,-0.005569458,0.036209106

39760306035515,0.10458374,0.014511108,-0.03466797

39760509160515,-0.07015991,-0.02671814,-0.007965088

39760708379265,-0.21099854,0.13911438,-0.081344604

39760907598015,0.09492493,0.018569946,-0.016021729

39761106816765,0.017318726,-0.030029297,0.019805908

39761309941765,0.027572632,-0.0060577393,-0.0026245117

39761509160515,-0.024017334,0.012954712,-0.011108398

39761708379265,-0.0016479492,-0.0019989014,-0.0066223145

39761907598015,0.19949341,-0.052734375,-0.011749268

39762106816765,-0.086135864,0.030960083,0.005554199

39762309941765,0.08300781,0.050933838,-0.04534912

39762509160515,-0.1015625,-0.019836426,0.002609253

39762708379265,0.056411743,-0.008132935,0.008010864

39762907598015,-0.0104522705,-0.0054626465,-0.012924194

39763110723015,-0.016113281,-0.0050354004,-0.00390625

39763309941765,0.005142212,0.0041503906,-0.0037384033

39763509160515,-0.08105469,-0.0073394775,0.03161621

39763708379265,0.11276245,-0.0026397705,-0.053527832

39763911504265,-0.13815308,0.024658203,0.0036773682

39764110723015,0.24482727,-0.020629883,-0.025848389

39764309941765,-0.14562988,0.11529541,-0.08572388

39764509160515,-0.009017944,-0.012298584,0.0021820068

39764708379265,0.12605286,0.0382843,-0.04498291

39764911504265,-0.039779663,-0.076171875,0.052490234

39765110723015,0.06341553,0.061035156,-0.070617676

39765309941765,-0.033798218,-0.06619263,0.04714966

39765509160515,-0.040740967,0.0021209717,0.004699707

39765712285515,0.0068511963,-0.0059509277,-0.018218994

39765911504265,-0.033203125,-0.004776001,-0.013244629

39766110723015,-0.006713867,0.015945435,-0.038513184

39766309941765,0.05267334,-0.02015686,-0.01965332

39766509160515,-0.053497314,-0.014755249,0.023391724

39766712285515,-0.052963257,0.006652832,0.005874634

39766915410515,-0.023803711,-0.0060577393,0.011795044

39767110723015,0.1197052,0.025146484,-0.06719971

39767309941765,-0.34931946,0.07688904,-0.0342865

39767513066765,-0.3945465,-0.11462402,0.065200806

39767712285515,0.21572876,-3.3569336E-4,-0.050048828

39767911504265,0.10923767,3.0517578E-5,-0.04374695

39768110723015,0.2794342,-0.0770874,0.029800415

39768309941765,-0.04324341,-0.008026123,-0.040374756

39768513066765,0.24258423,0.03753662,-0.015975952

39768712285515,0.027526855,0.062469482,-0.019500732

39768911504265,0.027420044,0.010604858,-0.004547119

39769110723015,-0.0037841797,0.009857178,-0.004760742

39769309942859,0.004562378,-0.01171875,-0.0129852295

39769513067859,0.024429321,-0.057800293,0.032089233

39769712286609,0.044830322,0.011413574,-0.010314941

39769911505359,0.120025635,0.013595581,-0.07910156

39770110724109,-0.06321716,0.013061523,0.006515503

39770313849109,0.1421814,-0.03265381,-0.02798462

39770513067859,-0.065093994,0.009750366,0.026107788

39770712286609,0.0017242432,0.0385437,-0.03135681

39770911505359,-0.05569458,0.026046753,-0.034820557

39771114630359,0.039276123,-0.005355835,-0.0011749268

39771313849109,0.07392883,-0.008453369,0.0067749023

39771513067859,0.08760071,-0.009841919,-0.019332886

39771716192859,-0.17340088,0.036361694,0.007369995

39771915411609,0.026138306,-0.014755249,-0.0028381348

39772114630359,0.04071045,-0.028533936,-0.008285522

39772313849109,0.010650635,0.034332275,-0.016235352

39772513067859,7.6293945E-4,-0.057373047,0.00730896

39772712286609,-0.016540527,0.054519653,-0.028259277

39772915411609,-0.05029297,0.006011963,0.007522583

39773114630359,-0.07678223,-0.01133728,0.008377075

39773313849109,0.05897522,-0.03451538,-0.011108398

39773513067859,-0.042282104,0.017868042,-0.012451172

39773716192859,0.14427185,-2.89917E-4,-0.053527832

39773915411609,-0.008911133,-0.037994385,-0.001449585

39774114630359,-0.17008972,0.038864136,0.0231781

39774313849109,0.03366089,-0.010269165,0.007583618

39774513067859,0.06933594,-0.016845703,-3.8146973E-4

39774716192859,0.025009155,0.005004883,-0.023071289

39774915411609,0.031692505,-0.01524353,-0.011856079

39775114630359,-0.1831665,0.037261963,-0.022323608

39775317755359,-0.09440613,0.08218384,0.004211426

39775516974109,-0.11256409,0.036514282,-0.008224487

39775716192859,-0.19049072,0.044265747,-0.060195923

39775919317859,0.017059326,-0.019989014,-0.031784058

39776114630359,-0.06652832,-0.042800903,0.015213013

39776317755359,0.013000488,0.011459351,-0.006149292

39776516974109,0.14299011,-0.019348145,-0.015274048

39776716192859,0.11479187,-0.001083374,-0.015655518

39776915411609,0.06736755,-0.020477295,-0.008117676

39777114630359,0.026184082,-0.003540039,-0.0066223145

39777317755359,-0.008102417,-0.0052490234,-0.002029419

39753661505359,0.016464233,-0.0024719238,1.0681152E-4

39753864630359,0.07110596,0.002380371,-0.01751709

39754063849109,0.035217285,0.02696228,-0.013244629

39754263067859,0.07606506,-0.008239746,-0.029647827

39754462286609,-0.096069336,0.018722534,0.0062408447

39754665411609,0.03970337,-0.019836426,-0.00982666

39754864630359,0.0022583008,0.0076141357,-6.4086914E-4

39755063849109,0.018707275,0.012634277,-0.006576538

39755263067859,0.07521057,-0.013320923,-0.0059814453

39755466192859,0.16033936,0.030273438,-0.059448242

39755665411609,-0.14631653,-0.0044555664,0.0028839111

39755864630359,-0.07058716,0.004196167,-0.0026245117

39756067755359,0.11451721,-0.020095825,-0.02003479

39756266974109,0.01802063,0.02407837,8.544922E-4

39756466192859,-0.03288269,-0.025009155,-0.008865356

39756665411609,-0.13580322,0.033798218,0.018096924

39756864630359,-0.1191864,-0.002105713,0.0074768066

39757067755359,-0.10696411,0.016799927,0.0096588135

39757266974109,-0.020812988,0.0028076172,-6.4086914E-4

39757466192859,-0.04020691,-0.0048828125,-0.01159668

39757669317859,-0.030212402,0.0104522705,-0.011108398

39757868536609,-0.17515564,0.18258667,0.1408844

39758067755359,-0.7577057,-0.055770874,0.72946167

39758266974109,-0.034973145,0.11177063,0.16534424

39758466192859,0.10533142,-0.023895264,0.035827637

39758669317859,0.28616333,-0.023147583,0.0119018555

39758868536609,-0.15481567,0.02999878,0.01008606

39759067755359,0.006210327,-2.2888184E-4,-0.0056610107

39759266974109,0.06758118,-0.04135132,0.014099121

39759466192859,0.03643799,0.07080078,-0.067993164

39759669317859,0.1672821,-0.032592773,-0.009567261

39759868536609,0.025436401,0.0071411133,-0.04776001

39760067755359,-0.13975525,0.032669067,0.021621704

39760266974109,0.13641357,-0.017852783,-0.035461426

39760470099109,-0.21676636,0.015731812,0.01473999

39760669317859,0.0105896,0.06951904,-0.057373047

39760868536609,0.036117554,0.045654297,-0.043914795

39761067755359,0.002960205,-0.02859497,0.019012451

39761270880359,0.028274536,0.002166748,0.003036499

39761470099109,0.052200317,-0.011505127,-0.007858276

39761669317859,-0.049819946,0.009857178,-0.0135650635

39761868536609,0.13983154,-0.049041748,0.0066223145

39762067755359,-0.03262329,0.054519653,-0.024780273

39762270880359,0.1262207,0.0074005127,-0.04508972

39762470099109,-0.15197754,9.460449E-4,0.017669678

39762669317859,0.07072449,-0.0062713623,0.0069885254

39762868536609,-9.0026855E-4,-0.008300781,-0.011108398

39763071661609,-0.026855469,-0.004348755,-0.0066833496

39763270880359,0.002105713,0.0014801025,-0.0029449463

39763470099109,-0.07246399,-0.012359619,0.036361694

39763669317859,0.07196045,0.012588501,-0.051757812

39763872442859,-0.19171143,0.058044434,-0.014694214

39764071661609,0.21972656,-0.032440186,-0.035629272

39764270880359,-0.03491211,0.06770325,-0.045944214

39764470099109,-0.016326904,0.023376465,-0.02809143

39764669317859,0.20018005,0.0022277832,-0.047592163

39764872442859,-0.114486694,-0.054382324,0.051483154

39765071661609,0.09251404,0.0440979,-0.051330566

39765270880359,-0.013015747,-0.045944214,0.01751709

39765470099109,-0.06567383,-0.009689331,0.028457642

39765673224109,-0.0020141602,-0.0022583008,-0.015167236

39765872442859,-0.040420532,-0.0022125244,-0.01020813

39766071661609,0.020904541,0.0045776367,-0.040267944

39766270880359,0.02960205,-0.019241333,-0.010787964

39766470099109,-0.13595581,0.016326904,0.009292603

39766673224109,0.0030059814,-0.009796143,0.0054473877

39766876349109,-0.055526733,0.015899658,0.0011138916

39767071661609,0.07997131,0.0110321045,-0.043273926

39767270880359,-0.15486145,0.06492615,-0.035629272

39767474005359,-0.39390564,-0.094818115,0.044006348

39767673224109,0.060424805,-0.036819458,-0.0033111572

39767872442859,0.15820312,0.028076172,-0.087387085

39768071661609,0.2873993,-0.0965271,0.043045044

39768270880359,-0.028244019,0.008956909,-0.038131714

39768474005359,0.16061401,0.017440796,-0.028305054

39768673224109,0.07168579,0.060821533,-0.012771606

39768872442859,0.041030884,0.01776123,-0.0056152344

39769071661609,0.0036468506,0.013015747,-0.0046539307

39769270880359,0.0063171387,-0.012893677,-0.0084991455

39769474005359,-0.062316895,-0.0118255615,0.02670288

39769673224109,0.1699524,-0.056365967,0.0060272217

39769872442859,-0.040359497,0.06915283,-0.099990845

39770071661609,0.09625244,-0.017593384,0.006668091

39770274786609,0.10346985,-0.03718567,-0.021575928

39770474005359,-0.019378662,0.009170532,0.01687622

39770673224109,-0.0066070557,0.018188477,-0.015380859

39770872442859,-0.09793091,0.043670654,-0.04423523

39771075567859,0.0448761,1.373291E-4,-0.0011291504

39771274786609,0.06021118,-0.0034942627,0.010940552

39771474005359,0.091293335,-0.013366699,-0.023071289

39771677130359,-0.09906006,0.035446167,0.0034637451

39771876349109,-0.044204712,-0.015457153,0.0034637451

39772075567859,0.01802063,-0.02229309,-0.004760742

39772274786609,0.0763855,0.016799927,-0.025741577

39772474005359,-0.048583984,-0.043548584,0.025527954

39772673224109,0.036331177,0.050720215,-0.04374695

39772876349109,-0.084365845,-0.0138549805,0.007843018

39773075567859,-0.07395935,0.0025939941,0.010726929

39773274786609,0.043014526,-0.021224976,-0.009674072

39773474005359,-0.035079956,0.017715454,-0.012924194

39773677130359,0.13000488,-0.019729614,-0.03263855

39773876349109,0.007232666,-0.018661499,-0.028259277

39774075567859,-0.085006714,0.023422241,0.032196045

39774274786609,-0.06428528,-7.6293945E-5,-0.001449585

39774474005359,0.04119873,-0.018127441,0.004638672

39774677130359,0.14324951,8.392334E-4,-0.03652954

39774876349109,-0.042175293,-0.027145386,-0.0060424805

39775075567859,-0.17991638,0.043670654,-0.012878418

39775278692859,-0.10006714,0.08319092,0.0049591064

39775477911609,-0.09803772,0.040252686,-0.0056610107

39775677130359,-0.22125244,0.043563843,-0.06147766

39775880255359,0.03340149,0.006652832,-0.031082153

39776075567859,-0.072402954,-0.05545044,0.0090789795

39776278692859,0.013534546,0.0021209717,-0.0015563965

39776477911609,0.038360596,0.004043579,-0.016555786

39776677130359,0.2737732,-0.038467407,-0.015060425

39776876349109,0.003326416,-0.0146484375,9.613037E-4

39777075567859,0.028640747,0.00793457,-0.01373291

39777278692859,0.0038146973,-0.0036468506,-0.005554199

39777477911609,-0.046936035,-0.0025787354,-0.008651733

39777516974109,-0.028030396,2.4414062E-4,-0.0076446533

39777677130359,-0.10397339,-0.017166138,0.027770996

39777716192859,-0.055633545,-0.012512207,0.010681152

39777876349109,0.20002747,0.066482544,-0.10479736

39777915411609,0.1505127,0.08703613,-0.09950256

39778079474109,-0.009979248,0.031982422,-0.007965088

39778118536609,-0.04623413,0.015151978,0.007095337

39778278692859,-0.06990051,0.0132751465,-0.006515503

39778317755359,-0.012588501,-4.4250488E-4,-0.006729126

39778477911609,0.0036010742,7.324219E-4,0.013031006

39778516974109,-0.047729492,0.010284424,0.010894775

39778677130359,-0.049438477,0.014984131,0.0018157959

39778716192859,-0.03288269,0.0049438477,0.0043792725

39778876349109,-0.016540527,-0.024429321,0.010040283

39778915411609,0.10282898,-0.051345825,0.016555786

39779079474109,0.16307068,0.001373291,-0.024459839

39779118536609,-0.00970459,0.020324707,-0.01020813

39779278692859,0.03152466,0.008422852,-0.0231781

39779317755359,0.050323486,0.030532837,-0.030334473

39779477889370,-0.13452148,-0.043914795,0.039031982

39779516951870,-0.14338684,-0.024108887,0.016174316

39779681014370,0.08332825,0.02407837,-0.053146362

39779720076870,0.09577942,0.021240234,-0.050369263

39779876326870,-0.22460938,0.049118042,-0.006729126

39779915389370,-0.22695923,0.019317627,0.006942749

39780079451870,-0.45585632,-0.12173462,0.06071472

39780118514370,-0.5278015,-0.1401062,0.06718445

39780278670620,0.12760925,0.020324707,0.05366516

39780317733120,0.3395691,0.042282104,0.018630981

39780477889370,0.23249817,-0.09353638,-0.033172607

39780516951870,0.13993835,-0.13342285,-0.023666382

39780677108120,0.23446655,-0.124938965,-0.082473755

39780716170620,0.24040222,-0.090545654,-0.10067749

39780880233120,0.24771118,-0.019454956,-0.076919556

39780919295620,0.34048462,-0.018493652,-0.038619995

39781079451870,0.28259277,0.029891968,0.085235596

39781118514370,0.19436646,0.046295166,0.070755005

39781278670620,0.14202881,0.010131836,-0.031188965

39781317733120,0.28686523,-0.03643799,-0.022109985

39781477889370,0.2263031,-0.03137207,0.015274048

39781516951870,0.045944214,0.0045776367,0.007797241

39781681014370,0.0309906,0.008255005,-0.0048675537

39781720076870,0.048828125,0.010559082,-0.002029419

39781880233120,0.008773804,0.025253296,0.005554199

39781919295620,-0.0126953125,0.038116455,0.009124756

39782079451870,0.12590027,0.0015869141,-0.0115356445

39782118514370,0.13839722,-0.021911621,-0.022216797

39782278670620,-0.04698181,-0.018341064,-0.018325806

39782317733120,-0.045333862,-0.0019378662,-0.008926392

39782481795620,-0.022628784,0.04762268,0.02130127

39782520858120,-0.05168152,0.05067444,0.027923584

39782681014370,-0.018951416,-0.0103302,-0.005935669

39782720076870,0.059570312,-0.012619019,-0.0054473877

39782880233120,-0.019378662,-0.001083374,-0.03215027

39782919295620,-0.28089905,-0.046157837,-0.056671143

39783079451870,-0.8907471,-0.055236816,-0.021636963

39783118514370,-0.6834717,0.013168335,0.0018615723

39783278670620,-0.040359497,0.061935425,-0.08268738

39783317733120,-0.06915283,0.007675171,-0.118896484

39783481795620,-0.013977051,-0.17674255,-0.023071289

39783520858120,0.03842163,-0.21295166,-0.024780273

39783681014370,0.30891418,-0.0418396,-0.028305054

39783720076870,0.3378601,0.028671265,0.013397217

39783880233120,0.1959076,0.03427124,0.022003174

39783919295620,0.16744995,0.016220093,0.0035705566

39784079451870,0.03895569,-0.036605835,-0.027557373

39784118514370,0.024795532,-0.038467407,-0.029006958

39784282576870,0.025222778,-0.007385254,-0.007537842

39784321639370,0.012893677,0.001159668,-0.0016021729

39784481795620,-0.0051727295,0.005584717,-0.0017700195

39784520858120,0.01171875,0.0066070557,-8.544922E-4

39784681014370,0.06719971,0.008682251,0.002670288

39784720076870,0.05833435,0.0022735596,0.0

39784880233120,-0.09767151,0.0015258789,-0.010848999

39784919295620,-0.04762268,-7.171631E-4,-0.0068969727

39785079451870,0.087875366,0.0034484863,-0.0010681152

39785118514370,0.04156494,0.012161255,-0.0015563965

39785282576870,-0.023757935,0.0018463135,-0.0032043457

39785321639370,-0.035446167,-0.0046691895,-0.0064697266

39785481795620,-0.07759094,-0.02432251,-0.01687622

39785520858120,-0.016113281,-0.003326416,-0.009994507

39785681014370,-0.023803711,0.049331665,-0.004486084

39785720076870,-0.03149414,0.03604126,-0.0059814453

39785880233120,0.085632324,0.030273438,0.018844604

39785919295620,0.048187256,0.027709961,0.016235352

39786083358120,0.075424194,0.010284424,0.008483887

39786122420620,0.07292175,0.0079956055,0.005706787

39786282576870,0.022232056,-0.009521484,-0.01751709

39786321639370,-0.0060272217,-0.006958008,-0.017303467

39786481795620,-0.028823853,0.007507324,0.0018615723

39786520858120,-0.011795044,-0.0018310547,-0.0058288574

39786681014370,-0.015853882,-0.008728027,-0.017150879

39786720076870,-0.041809082,0.0054779053,-0.005340576

39786880233120,-0.016326904,-0.0065307617,-0.0041656494

39786919295620,0.03579712,-0.014602661,-0.0129852295

39787083358120,0.013687134,0.0051116943,-0.0059814453

39787122420620,-8.392334E-4,0.0077819824,0.002029419

39787282576870,-0.12522888,0.014022827,7.9345703E-4

39787321639370,-0.11192322,0.007675171,-0.00491333

39787481795620,0.04408264,-0.018981934,-0.009674072

39787520858120,0.003540039,-0.008453369,-0.0027770996

39787681014370,0.032592773,-0.0017852783,-0.007217407

39787720076870,0.08029175,-0.0015106201,-0.0066833496

39787884139370,-0.021774292,0.015899658,-0.0076904297

39787923201870,-0.060180664,0.008361816,-0.013412476

39788083358120,-0.08885193,0.0021209717,-0.0010681152

39788122420620,0.0038146973,-0.008728027,-0.004486084

39788282576870,0.10458374,0.006072998,-0.010421753

39788321639370,0.0680542,0.009857178,-0.00390625

39788481795620,-0.022369385,0.004196167,-0.0040130615

39788520858120,-0.041641235,0.013061523,-0.0026245117

39788684920620,0.05683899,0.01071167,0.009399414

39788723983120,0.028320312,0.013870239,0.007797241

39788884139370,-0.022583008,0.006866455,-0.0038452148

39788923201870,-0.034484863,0.0061798096,-0.0062561035

39789083358120,0.08403015,-9.765625E-4,-0.013626099

39789122420620,0.024261475,0.0010986328,-0.014053345

39789282576870,0.006958008,-0.004180908,-0.023773193

39789321639370,0.09075928,-0.0027923584,-0.018859863

39789485701870,0.019882202,0.010177612,0.0012207031

39789524764370,0.015777588,0.007247925,-3.2043457E-4

39789688826870,-0.04522705,0.011734009,0.0018615723

39789727889370,-0.073898315,0.011672974,3.2043457E-4

39789884157672,0.0690155,0.009429932,-0.027832031

39789923220172,0.0881958,0.02796936,-0.06724548

39790083376422,-0.1745758,0.05281067,-0.060577393

39790122438922,-0.03262329,0.011566162,-0.019607544

39790286501422,0.04536438,0.009109497,-0.026275635

39790325563922,0.0052490234,0.025299072,-0.016937256

39790485720172,0.04359436,-0.00289917,-0.0028839111

39790524782672,-0.025619507,-0.010696411,-0.017730713

39790684938922,-0.0771637,-0.006164551,-0.012771606

39790724001422,-0.02796936,-0.0099487305,-0.0259552

39790884157672,0.11505127,0.010498047,-0.0064697266

39790923220172,0.014007568,0.036361694,-0.030395508

39791083376422,-0.09248352,-0.033187866,-0.100738525

39791122438922,-0.06562805,-0.025756836,-0.04812622

39791286501422,0.028213501,-0.008514404,-0.058547974

39791325563922,0.03126526,-0.020843506,-0.06890869

39791485720172,0.034683228,0.0067596436,0.005279541

39791524782672,0.076660156,0.01109314,-0.0050201416

39791684938922,0.04953003,0.06375122,-0.0048675537

39791724001422,-0.023483276,0.056869507,0.0036773682

39791888063922,0.09048462,-0.019515991,-0.016662598

39791927126422,0.11505127,-0.017211914,-0.026275635

39792083376422,0.029281616,0.025726318,-0.017150879

39792122438922,0.038208008,0.022735596,-0.006576538

39792286501422,-0.016708374,0.02519226,5.340576E-4

39792325563922,-0.05467224,0.00932312,-0.013244629

39792485720172,-0.014465332,0.009643555,-0.03642273

39792524782672,0.03489685,0.018188477,-0.035461426

39792684938922,0.08306885,0.06086731,-0.02420044

39792724001422,0.088027954,0.08421326,-0.033493042

39792888063922,0.02645874,9.460449E-4,-0.053253174

39792927126422,0.014175415,1.9836426E-4,-0.018585205

39793083376422,-0.040359497,0.05441284,0.008483887

39793122438922,0.038208008,0.007675171,-0.027557373

39793286501422,0.12878418,-0.00920105,-0.043807983

39793325563922,0.05545044,0.0018463135,-0.017044067

39793485720172,0.099243164,-0.0042877197,-0.011428833

39793524782672,0.07136536,0.030426025,-0.01586914

39793684938922,-0.05505371,0.01423645,0.002029419

39793724001422,-0.07614136,3.5095215E-4,0.0069885254

39793884157672,-0.2498169,0.012634277,0.029205322

39793923220172,-0.23396301,-0.104003906,-0.0071105957

39794087282672,-0.10487366,-0.33914185,0.26643372

39794126345172,-0.17340088,-0.22421265,0.417099

39794286501422,-0.68289185,-0.070617676,0.57907104

39794325563922,-0.7267914,-0.103149414,0.5331421

39794485720172,-0.30082703,-0.02923584,0.12582397

39794524782672,-0.10348511,0.018356323,0.036209106

39794684938922,-0.042236328,0.22749329,-0.07659912

39794724001422,-0.14274597,0.26348877,-0.07862854

39794888063922,0.056365967,0.18273926,0.027923584

39794927126422,0.05305481,0.14898682,0.07791138

39795087282672,0.31521606,-0.07318115,0.18478394

39795126345172,0.38208008,-0.103515625,0.15711975

39795286501422,-0.26205444,0.06893921,-0.08518982

39795325563922,-0.33943176,0.07475281,-0.09817505

39795485720172,0.060256958,-0.01663208,-0.04284668

39795524782672,0.10618591,0.0040893555,-0.046691895

39795688845172,0.5233917,-0.054489136,-0.0135650635

39795727907672,0.4903412,-0.06816101,-0.005935669

39795888063922,-0.16069031,0.02444458,0.007583618

39795927126422,-0.0466156,0.0053253174,0.007369995

39796091188922,-0.04928589,-0.02180481,0.0037384033

39796130251422,-0.1124115,-0.008087158,-0.0115356445

39796286501422,0.13337708,0.050460815,-0.10847473

39796325563922,0.24674988,0.024719238,-0.074783325

39796485720172,0.03024292,-0.027679443,0.017456055

39796524782672,-0.14456177,0.0016937256,0.009292603

39796688845172,0.087875366,-0.00920105,-0.037338257

39796727907672,0.1159668,-0.010375977,-0.029266357

39796888063922,-0.25500488,0.045654297,0.015533447

39796927126422,-0.13873291,0.012054443,9.0026855E-4

39797087282672,0.30303955,-0.080337524,0.004058838

39797126345172,0.1577301,-0.022018433,-0.018798828

39797286501422,-0.23347473,0.019638062,0.0039520264

39797325563922,-0.24671936,0.023376465,0.0029296875

39797489626422,-0.0697937,0.051101685,-0.073287964

39797528688922,0.030136108,0.025146484,-0.05079651

39797688845172,0.2108612,-0.04899597,0.0029296875

39797727907672,0.131073,-0.046585083,0.005340576

39797888063922,-0.15293884,0.034332275,-0.01373291

39797927126422,0.014221191,0.00793457,-0.008651733

39798087282672,0.14581299,0.042922974,-0.04071045

39798126345172,0.081085205,0.03326416,-0.034713745

39798290407672,-0.08810425,-0.026931763,0.033966064

39798329470172,-0.14926147,-0.0011444092,0.002609253

39798489626422,-0.04447937,0.09211731,-0.11541748

39798528688922,0.071640015,0.08682251,-0.11836243

39798688845172,0.3091278,-0.05732727,-0.013458252

39798727907672,0.19052124,-0.01763916,-0.0010223389

39798888063922,-0.0037231445,-9.3078613E-4,-0.010360718

39798927126422,-0.023223877,-0.02079773,-0.003692627

39799087282672,-0.020706177,0.036834717,-0.042999268

39799126345172,0.005203247,0.0635376,-0.051437378

39799290407672,0.07702637,0.018081665,-0.03050232

39799329470172,0.017425537,-0.010910034,-0.008544922

39799489626422,0.008728027,-0.013641357,-0.026809692

39799528688922,0.09208679,-0.015777588,-0.058441162

39799688845172,-0.24069214,0.056655884,0.0064086914

39799727907672,-0.13270569,0.011734009,0.020721436

39799888063922,0.17315674,-0.02507019,0.0013885498

39799927126422,-0.10658264,0.041809082,0.008651733

39800087263044,0.01838684,-0.01689148,-0.015655518

39800126325544,0.11312866,-0.045043945,0.015533447

39800290388044,-0.08981323,0.0385437,-0.052505493

39800329450544,-0.11416626,0.08773804,-0.10874939

39800489606794,0.09513855,0.05580139,-0.11103821

39800528669294,0.21273804,-0.005569458,-0.0683136

39800688825544,-0.03112793,-0.07723999,0.055374146

39800727888044,-0.05819702,-0.039108276,0.025253296

39800888044294,0.06976318,0.043136597,0.011428833

39800927106794,0.13124084,-0.008026123,0.053619385

39801091169294,0.38235474,0.028182983,0.2097168

39801130231794,0.40034485,0.0809021,0.231781

39801290388044,0.31089783,0.089767456,0.23022461

39801329450544,0.20722961,0.092803955,0.21757507

39801489606794,0.2293396,0.25543213,0.14173889

39801528669294,0.20509338,0.28833008,0.12031555

39801688825544,-0.097717285,0.21292114,0.0920105

39801727888044,-0.06391907,0.17504883,0.08630371

39801891950544,0.005844116,0.071395874,0.055755615

39801931013044,-0.009918213,0.052108765,0.05644226

39802091169294,-0.06556702,-0.0054626465,0.006668091

39802130231794,-0.043563843,-0.012939453,-0.0011291504

39802290388044,0.040771484,-0.010864258,-0.00630188

39802329450544,0.039916992,-0.0066986084,-0.012878418

39802504621443,0.03756714,-0.008880615,-0.0054473877

39802544660505,0.025604248,-0.007019043,-0.0028839111

39802704999861,0.01625061,1.373291E-4,-0.014526367

39802745008406,0.0010223389,-0.0066986084,-0.014633179

