85717035732539,-3.060669,2.2260895,10.327148
85717090420039,-3.311554,2.5968323,10.312271
85717209224971,-3.1612396,1.3591614,8.492828
85717209224971,-3.1612396,1.3591614,8.492828
85717248287471,-2.5238953,1.0913696,9.186707
85717295162471,-1.9407043,2.4678192,9.49794
85717334224971,-1.9049988,3.0986176,9.2825165
85717381099971,-1.8210907,3.1497955,9.249191
85717427974971,-2.0513916,3.242035,9.27478
85717248287471,-2.5238953,1.0913696,9.186707
85717295162471,-1.9407043,2.4678192,9.49794
85717334224971,-1.9049988,3.0986176,9.2825165
85717381099971,-1.8210907,3.1497955,9.249191
85717427974971,-2.0513916,3.242035,9.27478
85717467037471,-1.9764099,3.262268,9.497345
85717506099971,-1.6996918,3.9257965,9.422958
85717545162471,-1.6663666,4.487564,8.981995
85717584224971,-0.963562,5.6194305,8.763596
85717623287471,-0.9480896,5.3189087,8.934387
85717467037471,-1.9764099,3.262268,9.497345
85717506099971,-1.6996918,3.9257965,9.422958
85717545162471,-1.6663666,4.487564,8.981995
85717584224971,-0.963562,5.6194305,8.763596
85717623287471,-0.9480896,5.3189087,8.934387
85717670162471,-1.1885071,4.209656,9.14624
85717709224971,-1.2926483,3.325943,8.073883
85717748287471,-1.2670593,3.4889984,7.770981
85717787349971,-0.8808441,3.6234894,7.9024963
85717826412471,-0.9076233,3.0414886,8.451767
85717670162471,-1.1885071,4.209656,9.14624
85717709224971,-1.2926483,3.325943,8.073883
85717748287471,-1.2670593,3.4889984,7.770981
85717787349971,-0.8808441,3.6234894,7.9024963
85717826412471,-0.9076233,3.0414886,8.451767
85717865474971,-0.905838,3.2777405,8.466049
85717904537471,-0.5684204,3.966858,8.313705
85717943599971,-0.45654297,4.4131775,8.267883
85717982662471,-0.66482544,4.0781403,8.655884
85718021724971,-0.9141693,3.858551,8.780258
85717865474971,-0.905838,3.2777405,8.466049
85717904537471,-0.5684204,3.966858,8.313705
85717943599971,-0.45654297,4.4131775,8.267883
85717982662471,-0.66482544,4.0781403,8.655884
85718021724971,-0.9141693,3.858551,8.780258
85718068599971,-0.70529175,4.166809,8.755859
85718107662471,-0.559494,4.576828,8.6796875
85718146724971,-0.49879456,4.601227,8.833221
85718185787471,-0.1828003,4.480423,9.185516
85718224849971,-0.31610107,4.2043,9.621719
85718068599971,-0.70529175,4.166809,8.755859
85718107662471,-0.559494,4.576828,8.6796875
85718146724971,-0.49879456,4.601227,8.833221
85718185787471,-0.1828003,4.480423,9.185516
85718224849971,-0.31610107,4.2043,9.621719
85718271724971,-0.04949951,4.75119,9.94426
85718310787471,0.5194092,4.7904663,10.432236
85718349849971,-0.026290894,3.768692,10.098984
85718388912471,-0.30895996,3.4532928,8.799301
85718427974971,0.34980774,3.3080902,8.316681
85718271724971,-0.04949951,4.75119,9.94426
85718310787471,0.5194092,4.7904663,10.432236
85718349849971,-0.026290894,3.768692,10.098984
85718388912471,-0.30895996,3.4532928,8.799301
85718427974971,0.34980774,3.3080902,8.316681
85718467037471,0.33016968,2.697525,8.644577
85718506099971,-0.0018920898,2.3470154,8.996277
85718545162471,-0.20422363,2.992691,8.88678
85718584224971,-0.07925415,3.8430786,8.451172
85718623287471,-0.08163452,3.9531708,8.396423
85718467037471,0.33016968,2.697525,8.644577
85718506099971,-0.0018920898,2.3470154,8.996277
85718545162471,-0.20422363,2.992691,8.88678
85718584224971,-0.07925415,3.8430786,8.451172
85718623287471,-0.08163452,3.9531708,8.396423
85718670162471,0.00881958,3.6818085,8.552338
85718709224971,0.0028686523,3.672882,8.723129
85718748287471,0.13616943,3.511612,9.081375
85718787349971,-0.054260254,3.8674774,9.206345
85718826412471,0.17068481,4.2025146,9.30394
85718670162471,0.00881958,3.6818085,8.552338
85718709224971,0.0028686523,3.672882,8.723129
85718748287471,0.13616943,3.511612,9.081375
85718787349971,-0.054260254,3.8674774,9.206345
85718826412471,0.17068481,4.2025146,9.30394
85718873287471,0.38967896,4.4072266,9.280136
85718912349971,0.29267883,4.269165,9.69194
85718951412471,0.48310852,4.384613,9.991867
85718990474971,0.5259552,4.2334595,10.517334
85719029537471,-0.28396606,3.5913544,10.465561
85718873287471,0.38967896,4.4072266,9.280136
85718912349971,0.29267883,4.269165,9.69194
85718951412471,0.48310852,4.384613,9.991867
85718990474971,0.5259552,4.2334595,10.517334
85719029537471,-0.28396606,3.5913544,10.465561
85719068599971,-0.98379517,3.268814,9.246811
85719107662471,-0.68148804,3.408661,8.164932
85719146724971,-0.79039,2.838562,8.130417
85719185787471,-1.0563965,2.1214752,8.829056
85719224849971,-1.1998138,2.197052,9.284302
85719068599971,-0.98379517,3.268814,9.246811
85719107662471,-0.68148804,3.408661,8.164932
85719146724971,-0.79039,2.838562,8.130417
85719185787471,-1.0563965,2.1214752,8.829056
85719224849971,-1.1998138,2.197052,9.284302
85719271724971,-0.68862915,3.2283478,8.939148
85719310787471,-0.45654297,4.274521,8.510086
85719349849971,-0.6529236,4.378662,8.613037
85719388912471,-0.8814392,3.813324,8.967712
85719427974971,-0.8731079,3.357483,8.929031
85719271724971,-0.68862915,3.2283478,8.939148
85719310787471,-0.45654297,4.274521,8.510086
85719349849971,-0.6529236,4.378662,8.613037
85719388912471,-0.8814392,3.813324,8.967712
85719427974971,-0.8731079,3.357483,8.929031
85719474849971,-0.63090515,3.6288452,8.765381
85719513912471,-0.5624695,4.071594,8.779068
85719552974971,-0.51486206,4.4887543,8.9207
85719592037471,-0.22207642,4.474472,9.198013
85719631099971,-0.31015015,4.044815,9.571732
85719474849971,-0.63090515,3.6288452,8.765381
85719513912471,-0.5624695,4.071594,8.779068
85719552974971,-0.51486206,4.4887543,8.9207
85719592037471,-0.22207642,4.474472,9.198013
85719631099971,-0.31015015,4.044815,9.571732
85719670162471,0.10284424,4.3233185,10.091843
85719709224971,0.5158386,4.0287476,10.678604
85719748287471,-0.28634644,2.8528442,10.39415
85719787349971,-0.29408264,2.889145,9.24086
85719826412471,0.0814209,3.0402985,8.702301
85719670162471,0.10284424,4.3233185,10.091843
85719709224971,0.5158386,4.0287476,10.678604
85719748287471,-0.28634644,2.8528442,10.39415
85719787349971,-0.29408264,2.889145,9.24086
85719826412471,0.0814209,3.0402985,8.702301
85719873287471,-0.11734009,2.5517273,9.04805
85719912349971,-0.55532837,2.2077637,9.399155
85719951412471,-0.68803406,2.754654,9.190277
85719990474971,-0.5214081,3.460434,8.588043
85720029537471,-0.35121155,3.3497467,8.452957
85719873287471,-0.11734009,2.5517273,9.04805
85719912349971,-0.55532837,2.2077637,9.399155
85719951412471,-0.68803406,2.754654,9.190277
85719990474971,-0.5214081,3.460434,8.588043
85720029537471,-0.35121155,3.3497467,8.452957
85720076412471,-0.41072083,3.095047,8.708847
85720115474971,-0.27801514,2.9998322,8.873688
85720154537471,-0.123291016,3.2967834,8.880234
85720193599971,-0.006652832,3.4854279,9.054001
85720232662471,-0.07449341,3.6419373,9.2890625
85720076412471,-0.41072083,3.095047,8.708847
85720115474971,-0.27801514,2.9998322,8.873688
85720154537471,-0.123291016,3.2967834,8.880234
85720193599971,-0.006652832,3.4854279,9.054001
85720232662471,-0.07449341,3.6419373,9.2890625
85720271724971,-0.29289246,3.7216797,9.647308
85720310787471,-0.33395386,3.8799744,9.634216
85720349849971,-0.42678833,3.9912567,9.5199585
85720388912471,-0.24111938,4.3310547,9.644333
85720427974971,-0.53211975,3.8960419,9.878799
85720271724971,-0.29289246,3.7216797,9.647308
85720310787471,-0.33395386,3.8799744,9.634216
85720349849971,-0.42678833,3.9912567,9.5199585
85720388912471,-0.24111938,4.3310547,9.644333
85720427974971,-0.53211975,3.8960419,9.878799
85720474849971,-0.6017456,3.5937347,10.079941
85720513912471,-0.71481323,2.98674,9.391418
85720552974971,-0.60650635,2.7701263,8.860001
85720592037471,-0.96891785,2.588028,8.716583
85720631099971,-1.2593231,2.113144,9.2825165
85720474849971,-0.6017456,3.5937347,10.079941
85720513912471,-0.71481323,2.98674,9.391418
85720552974971,-0.60650635,2.7701263,8.860001
85720592037471,-0.96891785,2.588028,8.716583
85720631099971,-1.2593231,2.113144,9.2825165
85720677974971,-1.4586792,1.478775,9.841904
85720717037471,-1.1658936,2.0976715,9.574112
85720756099971,-0.8397827,3.0158997,8.69635
85720795162471,-1.0409241,2.9308014,8.1792145
85720834224971,-1.6735077,2.664795,8.924271
85720677974971,-1.4586792,1.478775,9.841904
85720717037471,-1.1658936,2.0976715,9.574112
85720756099971,-0.8397827,3.0158997,8.69635
85720795162471,-1.0409241,2.9308014,8.1792145
85720834224971,-1.6735077,2.664795,8.924271
85720873287471,-1.6586304,2.2113342,9.017105
85720912349971,-1.8091888,2.1446838,8.510086
85720951412471,-2.4042816,2.7612,9.2890625
85720990474971,-2.4626007,3.1349182,9.765137
85721029537471,-2.5060425,2.7850037,9.49556
85720873287471,-1.6586304,2.2113342,9.017105
85720912349971,-1.8091888,2.1446838,8.510086
85720951412471,-2.4042816,2.7612,9.2890625
85720990474971,-2.4626007,3.1349182,9.765137
85721029537471,-2.5060425,2.7850037,9.49556
85721076412471,-2.054367,2.383316,8.807632
85721115474971,-2.3626251,2.3273773,9.269424
85721154537471,-2.7048035,2.3601074,9.85321
85721193599971,-2.4745026,1.9369965,10.016266
85721232662471,-2.4953308,1.2835846,10.287033
85721076412471,-2.054367,2.383316,8.807632
85721115474971,-2.3626251,2.3273773,9.269424
85721154537471,-2.7048035,2.3601074,9.85321
85721193599971,-2.4745026,1.9369965,10.016266
85721232662471,-2.4953308,1.2835846,10.287033
85721279537471,-3.4474792,0.38082886,11.040421
85721318599971,-3.4236755,-0.025619507,10.588745
85721357662471,-2.336441,0.33262634,9.492584
85721396724971,-1.8383484,0.32548523,9.500916
85721435787471,-2.1680298,-0.50942993,10.275726
85721279537471,-3.4474792,0.38082886,11.040421
85721318599971,-3.4236755,-0.025619507,10.588745
85721357662471,-2.336441,0.33262634,9.492584
85721396724971,-1.8383484,0.32548523,9.500916
85721435787471,-2.1680298,-0.50942993,10.275726
85721474849971,-2.3507233,-1.0944061,10.678009
85721513912471,-2.0882874,-0.32792664,10.930923
85721552974971,-1.5550842,0.76882935,10.519119
85721592037471,-1.0314026,1.1794434,9.857971
85721631099971,-0.76420593,1.1175537,9.583038
85721474849971,-2.3507233,-1.0944061,10.678009
85721513912471,-2.0882874,-0.32792664,10.930923
85721552974971,-1.5550842,0.76882935,10.519119
85721592037471,-1.0314026,1.1794434,9.857971
85721631099971,-0.76420593,1.1175537,9.583038
85721677974971,-0.8064575,0.8711853,9.594345
85721717037471,-0.3714447,0.8146515,9.623505
85721756099971,0.11236572,1.1865845,9.245026
85721795162471,0.5414276,1.4055786,9.072449
85721834224971,0.46228027,1.7715607,9.24086
85721677974971,-0.8064575,0.8711853,9.594345
85721717037471,-0.3714447,0.8146515,9.623505
85721756099971,0.11236572,1.1865845,9.245026
85721795162471,0.5414276,1.4055786,9.072449
85721834224971,0.46228027,1.7715607,9.24086
85721873287471,0.3849182,1.9250946,9.365234
85721912349971,0.21115112,2.1434937,9.452118
85721951412471,-0.026885986,2.299408,9.552689
85721990474971,-0.17565918,2.1559906,9.331909
85722029537471,-0.20303345,2.6225433,9.27002
85721873287471,0.3849182,1.9250946,9.365234
85721912349971,0.21115112,2.1434937,9.452118
85721951412471,-0.026885986,2.299408,9.552689
85721990474971,-0.17565918,2.1559906,9.331909
85722029537471,-0.20303345,2.6225433,9.27002
85722076428347,-0.099487305,2.3803406,9.2890625
85722115490847,-0.30717468,2.048874,9.468185
85722154553347,-0.719574,2.1565857,9.525314
85722193615847,-0.77789307,2.2821503,9.409866
85722232678347,-0.7273102,2.645752,9.249191
85722076428347,-0.099487305,2.3803406,9.2890625
85722115490847,-0.30717468,2.048874,9.468185
85722154553347,-0.719574,2.1565857,9.525314
85722193615847,-0.77789307,2.2821503,9.409866
85722232678347,-0.7273102,2.645752,9.249191
85722279553347,-0.5779419,2.5993347,9.250977
85722318615847,-0.6767273,2.3815308,9.456879
85722357678347,-0.8498993,2.3791504,9.664566
85722396740847,-0.9653473,2.433899,9.62529
85722435803347,-1.0397339,2.550537,9.596725
85722279553347,-0.5779419,2.5993347,9.250977
85722318615847,-0.6767273,2.3815308,9.456879
85722357678347,-0.8498993,2.3791504,9.664566
85722396740847,-0.9653473,2.433899,9.62529
85722435803347,-1.0397339,2.550537,9.596725
85722474865847,-1.1075745,2.4868622,9.675873
85722513928347,-1.1063843,2.4880524,9.636002
85722552990847,-1.0849609,2.5767212,9.588989
85722592053347,-1.0349731,2.5779114,9.469971
85722631115847,-1.0682983,2.5207825,9.383682
85722474865847,-1.1075745,2.4868622,9.675873
85722513928347,-1.1063843,2.4880524,9.636002
85722552990847,-1.0849609,2.5767212,9.588989
85722592053347,-1.0349731,2.5779114,9.469971
85722631115847,-1.0682983,2.5207825,9.383682
85722677990847,-1.111145,2.3493958,9.361069
85722717053347,-1.1528015,2.3392792,9.347382
85722756115847,-1.2081451,2.3922424,9.417603
85722795178347,-1.290268,2.3595123,9.52829
85722834240847,-1.3182373,2.4118805,9.510437
85722677990847,-1.111145,2.3493958,9.361069
85722717053347,-1.1528015,2.3392792,9.347382
85722756115847,-1.2081451,2.3922424,9.417603
85722795178347,-1.290268,2.3595123,9.52829
85722834240847,-1.3182373,2.4118805,9.510437
85722881115847,-1.3515625,2.4112854,9.408676
85722920178347,-1.399765,2.3809357,9.418198
85722959240847,-1.3955994,2.2149048,9.578278
85722998303347,-1.3646545,2.2512054,9.594345
85723037365847,-1.4217834,2.2512054,9.662781
85722881115847,-1.3515625,2.4112854,9.408676
85722920178347,-1.399765,2.3809357,9.418198
85722959240847,-1.3955994,2.2149048,9.578278
85722998303347,-1.3646545,2.2512054,9.594345
85723037365847,-1.4217834,2.2512054,9.662781
85723076428347,-1.3783417,2.1833649,9.638382
85723115490847,-1.2938385,2.1988373,9.503296
85723154553347,-1.2682495,2.3071442,9.330719
85723193615847,-1.2123108,2.1375427,9.455688
85723232678347,-1.206955,2.2238312,9.603867
85723076428347,-1.3783417,2.1833649,9.638382
85723115490847,-1.2938385,2.1988373,9.503296
85723154553347,-1.2682495,2.3071442,9.330719
85723193615847,-1.2123108,2.1375427,9.455688
85723232678347,-1.206955,2.2238312,9.603867
85723279553347,-1.1986237,2.1411133,9.833572
85723318615847,-1.0563965,2.1024323,9.649094
85723357678347,-0.9820099,2.2904816,9.633621
85723396740847,-0.70529175,2.2529907,9.646118
85723435803347,-0.3458557,2.5404205,9.293228
85723279553347,-1.1986237,2.1411133,9.833572
85723318615847,-1.0563965,2.1024323,9.649094
85723357678347,-0.9820099,2.2904816,9.633621
85723396740847,-0.70529175,2.2529907,9.646118
85723435803347,-0.3458557,2.5404205,9.293228
85723482678347,-0.023910522,2.4428253,9.164093
85723521740847,-0.10722351,2.1815796,9.408081
85723560803347,-0.27027893,1.8352356,9.919266
85723599865847,-0.17506409,1.5067444,10.13945
85723638928347,-0.17803955,2.203003,9.43248
85723482678347,-0.023910522,2.4428253,9.164093
85723521740847,-0.10722351,2.1815796,9.408081
85723560803347,-0.27027893,1.8352356,9.919266
85723599865847,-0.17506409,1.5067444,10.13945
85723638928347,-0.17803955,2.203003,9.43248
85723677990847,-0.6434021,2.9236603,8.907013
85723717053347,-1.258728,3.2539368,8.602325
85723756115847,-1.5800781,2.3202362,9.042694
85723795178347,-1.2664642,2.1101685,10.055542
85723834240847,-1.1254272,2.370819,9.836548
85723677990847,-0.6434021,2.9236603,8.907013
85723717053347,-1.258728,3.2539368,8.602325
85723756115847,-1.5800781,2.3202362,9.042694
85723795178347,-1.2664642,2.1101685,10.055542
85723834240847,-1.1254272,2.370819,9.836548
85723881115847,-1.130188,3.222992,9.27478
85723920178347,-1.1289978,3.2021637,9.4878235
85723959240847,-0.9474945,2.3297577,10.193008
85723998303347,-0.7755127,2.138733,10.142426
85724037365847,-0.45059204,2.2190704,9.7895355
85723881115847,-1.130188,3.222992,9.27478
85723920178347,-1.1289978,3.2021637,9.4878235
85723959240847,-0.9474945,2.3297577,10.193008
85723998303347,-0.7755127,2.138733,10.142426
85724037365847,-0.45059204,2.2190704,9.7895355
85724084240847,-0.1822052,2.2946472,9.489609
85724123303347,-0.17149353,2.1351624,9.601486
85724162365847,-0.24409485,2.3535614,9.510437
85724201428347,-0.24468994,2.7945251,9.439026
85724240490847,-0.30122375,2.8082123,9.791916
85724084240847,-0.1822052,2.2946472,9.489609
85724123303347,-0.17149353,2.1351624,9.601486
85724162365847,-0.24409485,2.3535614,9.510437
85724201428347,-0.24468994,2.7945251,9.439026
85724240490847,-0.30122375,2.8082123,9.791916
85724279553347,-0.2071991,2.7945251,9.899033
85724318615847,0.5991516,3.1890717,10.224548
85724357678347,0.77053833,2.460678,10.547684
85724396740847,0.3783722,1.0467377,10.405457
85724435803347,0.2944641,1.0306702,9.478897
85724279553347,-0.2071991,2.7945251,9.899033
85724318615847,0.5991516,3.1890717,10.224548
85724357678347,0.77053833,2.460678,10.547684
85724396740847,0.3783722,1.0467377,10.405457
85724435803347,0.2944641,1.0306702,9.478897
85724482678347,0.44026184,1.2996521,9.017105
85724521740847,0.5075073,1.4549713,9.133148
85724560803347,0.30993652,1.5977936,9.352142
85724599865847,-0.09413147,1.7858429,9.419983
85724638928347,0.0052490234,2.1756287,9.196228
85724482678347,0.44026184,1.2996521,9.017105
85724521740847,0.5075073,1.4549713,9.133148
85724560803347,0.30993652,1.5977936,9.352142
85724599865847,-0.09413147,1.7858429,9.419983
85724638928347,0.0052490234,2.1756287,9.196228
85724685803347,0.20996094,2.3970032,8.98616
85724724865847,0.3355255,2.1667023,9.01651
85724763928347,0.34207153,1.8983154,9.1158905
85724802990847,0.5336914,1.9929352,9.018295
85724842053347,0.7259064,2.1232605,9.037933
85724685803347,0.20996094,2.3970032,8.98616
85724724865847,0.3355255,2.1667023,9.01651
85724763928347,0.34207153,1.8983154,9.1158905
85724802990847,0.5336914,1.9929352,9.018295
85724842053347,0.7259064,2.1232605,9.037933
85724881115847,0.896698,2.1619415,9.288467
85724920178347,0.8621826,2.0506592,9.606247
85724959240847,0.4837036,2.0292358,10.168015
85724998303347,0.37182617,2.376175,10.432236
85725037365847,0.013580322,3.24263,10.370941
85724881115847,0.896698,2.1619415,9.288467
85724920178347,0.8621826,2.0506592,9.606247
85724959240847,0.4837036,2.0292358,10.168015
85724998303347,0.37182617,2.376175,10.432236
85725037365847,0.013580322,3.24263,10.370941
85725084240847,-0.4047699,3.4503174,9.75383
85725123303347,-1.6610107,2.1571808,9.733002
85725162365847,-1.5550842,1.548996,9.505676
85725201428347,-1.2855072,1.7209778,9.414627
85725240490847,-1.502121,0.93247986,10.006149
85725084240847,-0.4047699,3.4503174,9.75383
85725123303347,-1.6610107,2.1571808,9.733002
85725162365847,-1.5550842,1.548996,9.505676
85725201428347,-1.2855072,1.7209778,9.414627
85725240490847,-1.502121,0.93247986,10.006149
85725287365847,-1.2384949,0.35404968,10.692291
85725326428347,-0.6904144,0.90689087,10.43045
85725365490847,-0.17149353,2.0381622,9.558044
85725404553347,-0.060806274,3.0527954,8.912964
85725443615847,-0.54045105,3.2408447,8.6154175
85725287365847,-1.2384949,0.35404968,10.692291
85725326428347,-0.6904144,0.90689087,10.43045
85725365490847,-0.17149353,2.0381622,9.558044
85725404553347,-0.060806274,3.0527954,8.912964
85725443615847,-0.54045105,3.2408447,8.6154175
85725482678347,-0.815979,2.6993103,8.89035
85725521740847,-0.56425476,2.1036224,9.2247925
85725560803347,-0.1578064,2.2750092,9.155167
85725599865847,0.30577087,2.7510834,9.108154
85725638928347,0.48072815,2.92128,9.283112
85725482678347,-0.815979,2.6993103,8.89035
85725521740847,-0.56425476,2.1036224,9.2247925
85725560803347,-0.1578064,2.2750092,9.155167
85725599865847,0.30577087,2.7510834,9.108154
85725638928347,0.48072815,2.92128,9.283112
85725685803347,0.5932007,2.6999054,9.748474
85725724865847,0.7645874,2.4624634,10.39534
85725763928347,1.3299255,2.421997,11.204071
85725802990847,1.5685577,1.2514496,11.655746
85725842053347,0.6158142,0.09577942,11.113617
85725685803347,0.5932007,2.6999054,9.748474
85725724865847,0.7645874,2.4624634,10.39534
85725763928347,1.3299255,2.421997,11.204071
85725802990847,1.5685577,1.2514496,11.655746
85725842053347,0.6158142,0.09577942,11.113617
85725888928347,0.63604736,0.2778778,10.082916
85725927990847,1.0050049,0.6557617,9.43248
85725967053347,0.8824158,0.35523987,9.250381
85726006115847,0.91633606,0.285614,9.027817
85726045178347,1.2656555,0.6753998,8.748123
85725888928347,0.63604736,0.2778778,10.082916
85725927990847,1.0050049,0.6557617,9.43248
85725967053347,0.8824158,0.35523987,9.250381
85726006115847,0.91633606,0.285614,9.027817
85726045178347,1.2656555,0.6753998,8.748123
85726084240847,1.1418762,1.1169586,8.876663
85726123303347,0.9127655,1.3061981,9.064117
85726162365847,1.0758209,1.5864868,9.128387
85726201428347,1.2960052,1.3478546,9.312271
85726240490847,1.6000977,1.3740387,9.442596
85726084240847,1.1418762,1.1169586,8.876663
85726123303347,0.9127655,1.3061981,9.064117
85726162365847,1.0758209,1.5864868,9.128387
85726201428347,1.2960052,1.3478546,9.312271
85726240490847,1.6000977,1.3740387,9.442596
85726287365847,1.7667236,0.8384552,9.744904
85726326428347,1.5751038,0.54447937,9.997818
85726365490847,1.1394958,1.061615,9.972229
85726404553347,1.0014343,1.5989838,9.918076
85726443615847,1.1549683,1.9691315,10.097794
85726287365847,1.7667236,0.8384552,9.744904
85726326428347,1.5751038,0.54447937,9.997818
85726365490847,1.1394958,1.061615,9.972229
85726404553347,1.0014343,1.5989838,9.918076
85726443615847,1.1549683,1.9691315,10.097794
85726490490847,0.9109802,1.6680145,10.39653
85726529553347,0.06594849,1.3091736,10.48996
85726568615847,-0.29467773,1.4871063,9.714554
85726607678347,-0.1244812,2.132782,8.547577
85726646740847,-0.10960388,1.3526154,8.341675
85726490490847,0.9109802,1.6680145,10.39653
85726529553347,0.06594849,1.3091736,10.48996
85726568615847,-0.29467773,1.4871063,9.714554
85726607678347,-0.1244812,2.132782,8.547577
85726646740847,-0.10960388,1.3526154,8.341675
85726685803347,-0.71362305,-0.16249084,9.309891
85726724865847,-1.0998383,-0.32733154,10.00972
85726763928347,-0.93618774,-0.26306152,10.265015
85726802990847,-0.9004822,0.6230316,10.29715
85726842053347,-1.3688202,1.4740143,10.207886
85726685803347,-0.71362305,-0.16249084,9.309891
85726724865847,-1.0998383,-0.32733154,10.00972
85726763928347,-0.93618774,-0.26306152,10.265015
85726802990847,-0.9004822,0.6230316,10.29715
85726842053347,-1.3688202,1.4740143,10.207886
85726888928347,-1.226593,1.5323334,9.892487
85726927990847,-0.7279053,0.7646637,9.953781
85726967053347,-0.47499084,0.35762024,9.652069
85727006115847,-0.01260376,0.15350342,9.506271
85727045178347,0.32362366,0.22610474,9.361664
85726888928347,-1.226593,1.5323334,9.892487
85726927990847,-0.7279053,0.7646637,9.953781
85726967053347,-0.47499084,0.35762024,9.652069
85727006115847,-0.01260376,0.15350342,9.506271
85727045178347,0.32362366,0.22610474,9.361664
85727092053347,0.20162964,0.64385986,9.207535
85727131115847,0.16711426,0.599823,9.807983
85727170178347,-0.05545044,1.0848236,9.846664
85727209240847,-0.4035797,1.5156708,9.794891
85727248303347,-0.3803711,1.421051,9.88118
85727092053347,0.20162964,0.64385986,9.207535
85727131115847,0.16711426,0.599823,9.807983
85727170178347,-0.05545044,1.0848236,9.846664
85727209240847,-0.4035797,1.5156708,9.794891
85727248303347,-0.3803711,1.421051,9.88118
85727287365847,-0.39465332,1.2181244,9.803223
85727326428347,-0.07746887,1.1538544,9.940689
85727365490847,0.2635193,1.3252411,9.778824
85727404553347,1.2858887,1.402008,9.630646
85727443615847,2.9182281,0.7045593,10.204315
85727287365847,-0.39465332,1.2181244,9.803223
85727326428347,-0.07746887,1.1538544,9.940689
85727365490847,0.2635193,1.3252411,9.778824
85727404553347,1.2858887,1.402008,9.630646
85727443615847,2.9182281,0.7045593,10.204315
85727490490847,3.3205109,-1.8466034,10.482819
85727529553347,2.878952,-3.1093903,9.674683
85727568615847,1.7911224,-3.6158142,8.390472
85727607678347,1.1394958,-2.6868744,9.324173
85727646740847,1.3227844,-1.8043518,9.763351
85727490490847,3.3205109,-1.8466034,10.482819
85727529553347,2.878952,-3.1093903,9.674683
85727568615847,1.7911224,-3.6158142,8.390472
85727607678347,1.1394958,-2.6868744,9.324173
85727646740847,1.3227844,-1.8043518,9.763351
85727693615847,0.58665466,-2.0120392,8.398804
85727732678347,-1.297409,-2.5410767,7.693619
85727771740847,-2.099594,-3.2956543,8.843933
85727810803347,-1.3051453,-3.120697,9.847855
85727849865847,-1.1539917,-2.645218,9.421768
85727693615847,0.58665466,-2.0120392,8.398804
85727732678347,-1.297409,-2.5410767,7.693619
85727771740847,-2.099594,-3.2956543,8.843933
85727810803347,-1.3051453,-3.120697,9.847855
85727849865847,-1.1539917,-2.645218,9.421768
85727888928347,-1.5610352,-2.3024445,9.30632
85727927990847,-2.624466,-1.3752899,9.379517
85727967053347,-3.67659,-2.4970398,10.117432
85728006115847,-4.9834137,-4.3882446,8.746338
85728045178347,-4.9453278,-1.8840942,10.17218
85727888928347,-1.5610352,-2.3024445,9.30632
85727927990847,-2.624466,-1.3752899,9.379517
85727967053347,-3.67659,-2.4970398,10.117432
85728006115847,-4.9834137,-4.3882446,8.746338
85728045178347,-4.9453278,-1.8840942,10.17218
85728092053347,-4.037216,1.196701,11.274292
85728131115847,-5.126236,-3.2641144,8.026871
85728170178347,-3.3701172,-3.1004639,7.60495
85728209240847,-3.311798,-1.1521301,8.248245
85728248303347,-5.9266357,-5.3624115,7.0937653
85728092053347,-4.037216,1.196701,11.274292
85728131115847,-5.126236,-3.2641144,8.026871
85728170178347,-3.3701172,-3.1004639,7.60495
85728209240847,-3.311798,-1.1521301,8.248245
85728248303347,-5.9266357,-5.3624115,7.0937653
85728295178347,-5.0090027,-6.655548,8.230392
85728334240847,-3.3326263,-1.7900696,8.467239
85728373303347,-3.8539276,-2.1411743,8.463669
85728412365847,-3.8289337,-2.5511932,9.138504
85728451428347,-4.22348,-6.2336273,9.093277
85728295178347,-5.0090027,-6.655548,8.230392
85728334240847,-3.3326263,-1.7900696,8.467239
85728373303347,-3.8539276,-2.1411743,8.463669
85728412365847,-3.8289337,-2.5511932,9.138504
85728451428347,-4.22348,-6.2336273,9.093277
85728490490847,-2.9190369,-6.7227936,8.374405
85728529553347,-1.4967651,-6.910843,6.853348
85728568615847,-0.9010773,-7.7171936,6.5944824
85728607678347,-0.6457825,-5.6135406,7.0062866
85728646740847,-1.8318024,-5.1505585,8.563049
85728490490847,-2.9190369,-6.7227936,8.374405
85728529553347,-1.4967651,-6.910843,6.853348
85728568615847,-0.9010773,-7.7171936,6.5944824
85728607678347,-0.6457825,-5.6135406,7.0062866
85728646740847,-1.8318024,-5.1505585,8.563049
85728693615847,-3.1921844,-7.5832977,8.574951
85728732678347,-3.0719757,-6.2139893,8.802872
85728771740847,-3.3409576,-5.6313934,8.676712
85728810803347,-2.7244415,-4.8631287,7.803116
85728849865847,-3.2427673,-6.181259,6.803955
85728693615847,-3.1921844,-7.5832977,8.574951
85728732678347,-3.0719757,-6.2139893,8.802872
85728771740847,-3.3409576,-5.6313934,8.676712
85728810803347,-2.7244415,-4.8631287,7.803116
85728849865847,-3.2427673,-6.181259,6.803955
85728888928347,-3.0053253,-8.739563,4.9859467
85728927990847,-2.098999,-9.184692,3.365509
85728967053347,-2.0805511,-8.665176,3.3238525
85729006115847,-1.8216858,-7.6207886,3.3500366
85729045178347,-1.547348,-5.7861176,4.161148
85728888928347,-3.0053253,-8.739563,4.9859467
85728927990847,-2.098999,-9.184692,3.365509
85728967053347,-2.0805511,-8.665176,3.3238525
85729006115847,-1.8216858,-7.6207886,3.3500366
85729045178347,-1.547348,-5.7861176,4.161148
85729092053347,-2.0335388,-4.710785,5.809555
85729131115847,-2.6774292,-6.308014,6.681961
85729170178347,-2.5964966,-6.9715424,7.0574646
85729209240847,-2.7434845,-8.214096,7.580551
85729248303347,-2.760147,-8.807999,7.629944
85729092053347,-2.0335388,-4.710785,5.809555
85729131115847,-2.6774292,-6.308014,6.681961
85729170178347,-2.5964966,-6.9715424,7.0574646
85729209240847,-2.7434845,-8.214096,7.580551
85729248303347,-2.760147,-8.807999,7.629944
85729295178347,-3.1201782,-9.145416,8.254791
85729334240847,-4.4621124,-11.310959,8.278
85729373303347,-4.0378113,-10.236816,7.02652
85729412365847,-2.791687,-7.0298615,5.584015
85729451428347,-3.605774,-6.353241,5.0615234
85729295178347,-3.1201782,-9.145416,8.254791
85729334240847,-4.4621124,-11.310959,8.278
85729373303347,-4.0378113,-10.236816,7.02652
85729412365847,-2.791687,-7.0298615,5.584015
85729451428347,-3.605774,-6.353241,5.0615234
85729490490847,-4.505554,-6.737671,4.6015167
85729529553347,-3.780136,-5.788498,4.353958
85729568615847,-2.8869019,-5.024994,4.487854
85729607678347,-2.388214,-5.4641724,5.212677
85729646740847,-1.8716736,-6.566284,5.3191986
85729490490847,-4.505554,-6.737671,4.6015167
85729529553347,-3.780136,-5.788498,4.353958
85729568615847,-2.8869019,-5.024994,4.487854
85729607678347,-2.388214,-5.4641724,5.212677
85729646740847,-1.8716736,-6.566284,5.3191986
85729693615847,-2.0258026,-6.9334564,5.739334
85729732678347,-2.0686493,-6.801941,6.1588745
85729771740847,-1.8954773,-7.750519,5.9999847
85729810803347,-1.6651764,-8.9865265,6.137451
85729849865847,-1.5009308,-9.4869995,6.5575867
85729693615847,-2.0258026,-6.9334564,5.739334
85729732678347,-2.0686493,-6.801941,6.1588745
85729771740847,-1.8954773,-7.750519,5.9999847
85729810803347,-1.6651764,-8.9865265,6.137451
85729849865847,-1.5009308,-9.4869995,6.5575867
85729896740847,-2.772644,-11.2211,7.231827
85729935803347,-4.5382843,-11.998886,7.1354218
85729974865847,-2.5554352,-6.647812,5.9035797
85730013928347,-1.8240662,-5.2713623,5.6470947
85730052990847,-2.2805023,-6.4972534,5.6399536
85729896740847,-2.772644,-11.2211,7.231827
85729935803347,-4.5382843,-11.998886,7.1354218
85729974865847,-2.5554352,-6.647812,5.9035797
85730013928347,-1.8240662,-5.2713623,5.6470947
85730052990847,-2.2805023,-6.4972534,5.6399536
85730092053347,-2.875595,-8.171249,5.2620697
85730131115847,-2.8267975,-6.624008,5.4608307
85730170178347,-3.1356506,-6.6019897,5.295395
85730209240847,-2.4304657,-5.9539337,5.879181
85730248303347,-2.098999,-7.5059357,5.1269836
85730092053347,-2.875595,-8.171249,5.2620697
85730131115847,-2.8267975,-6.624008,5.4608307
85730170178347,-3.1356506,-6.6019897,5.295395
85730209240847,-2.4304657,-5.9539337,5.879181
85730248303347,-2.098999,-7.5059357,5.1269836
85730295178347,-1.4866486,-7.546997,4.7532654
85730334240847,-1.3432312,-7.411911,4.8704987
85730373303347,-1.4491577,-7.2095795,5.7405243
85730412365847,-2.278717,-6.283615,7.347275
85730451428347,-2.5828094,-5.4974976,9.241455
85730295178347,-1.4866486,-7.546997,4.7532654
85730334240847,-1.3432312,-7.411911,4.8704987
85730373303347,-1.4491577,-7.2095795,5.7405243
85730412365847,-2.278717,-6.283615,7.347275
85730451428347,-2.5828094,-5.4974976,9.241455
85730498303347,-4.6620636,-7.802887,10.489365
85730537365847,-5.164322,-6.820984,10.32988
85730576428347,-3.8670197,-4.8940735,9.316437
85730615490847,-3.4093933,-3.980606,8.118515
85730654553347,-4.3264313,-5.2338715,6.7617035
85730498303347,-4.6620636,-7.802887,10.489365
85730537365847,-5.164322,-6.820984,10.32988
85730576428347,-3.8670197,-4.8940735,9.316437
85730615490847,-3.4093933,-3.980606,8.118515
85730654553347,-4.3264313,-5.2338715,6.7617035
85730693615847,-3.895584,-5.60997,6.1059113
85730732678347,-2.9422455,-6.693039,5.430481
85730771740847,-1.8782196,-6.469879,5.5417633
85730810803347,-0.99212646,-5.7486267,6.5427094
85730849865847,-0.81062317,-4.6965027,7.9411774
85730693615847,-3.895584,-5.60997,6.1059113
85730732678347,-2.9422455,-6.693039,5.430481
85730771740847,-1.8782196,-6.469879,5.5417633
85730810803347,-0.99212646,-5.7486267,6.5427094
85730849865847,-0.81062317,-4.6965027,7.9411774
85730896740847,-0.9236908,-3.9889374,9.470566
85730935803347,-1.168869,-3.5676117,10.359039
85730974865847,-1.7752686,-4.223999,10.999954
85731013928347,-1.989502,-3.633072,10.897003
85731052990847,-1.8579865,-3.049286,10.74942
85730896740847,-0.9236908,-3.9889374,9.470566
85730935803347,-1.168869,-3.5676117,10.359039
85730974865847,-1.7752686,-4.223999,10.999954
85731013928347,-1.989502,-3.633072,10.897003
85731052990847,-1.8579865,-3.049286,10.74942
85731099865847,-1.9293976,-1.8805237,10.231094
85731138928347,-2.4810486,-1.5895233,10.041855
85731177990847,-3.4254608,-2.3905182,10.559586
85731217053347,-3.1076813,-1.5800018,9.0903015
85731256115847,-2.041275,-0.8742218,8.500565
85731099865847,-1.9293976,-1.8805237,10.231094
85731138928347,-2.4810486,-1.5895233,10.041855
85731177990847,-3.4254608,-2.3905182,10.559586
85731217053347,-3.1076813,-1.5800018,9.0903015
85731256115847,-2.041275,-0.8742218,8.500565
85731295178347,-1.963913,-0.9420624,8.601135
85731334240847,-2.1228027,-0.8069763,9.174805
85731373303347,-2.240036,-0.6760559,9.516388
85731412365847,-2.1210175,-0.14761353,9.216461
85731451428347,-1.5045013,1.2300262,8.638626
85731295178347,-1.963913,-0.9420624,8.601135
85731334240847,-2.1228027,-0.8069763,9.174805
85731373303347,-2.240036,-0.6760559,9.516388
85731412365847,-2.1210175,-0.14761353,9.216461
85731451428347,-1.5045013,1.2300262,8.638626
85731498303347,-1.0944824,1.8864136,8.02211
85731537365847,-0.9159546,2.0512543,8.375
85731576428347,-0.69815063,2.5523224,8.643387
85731615490847,-0.87727356,2.6189728,8.833817
85731654553347,-1.0546112,2.66539,9.149216
85731498303347,-1.0944824,1.8864136,8.02211
85731537365847,-0.9159546,2.0512543,8.375
85731576428347,-0.69815063,2.5523224,8.643387
85731615490847,-0.87727356,2.6189728,8.833817
85731654553347,-1.0546112,2.66539,9.149216
85731701428347,-0.5940094,3.0736237,9.245026
85731740490847,-0.6868439,3.6841888,9.68837
85731779553347,-1.3235931,2.6409912,9.934143
85731818615847,-1.8044281,0.05709839,9.671112
85731857678347,-1.4033356,0.5242462,9.608032
85731701428347,-0.5940094,3.0736237,9.245026
85731740490847,-0.6868439,3.6841888,9.68837
85731779553347,-1.3235931,2.6409912,9.934143
85731818615847,-1.8044281,0.05709839,9.671112
85731857678347,-1.4033356,0.5242462,9.608032
85731896740847,-1.759201,1.1800385,9.507462
85731935803347,-1.8508453,0.9277191,9.952591
85731974865847,-1.6735077,0.6980133,9.868088
85732013928347,-1.3105011,1.1532593,9.428314
85732052990847,-1.0986481,1.8215485,9.169449
85731896740847,-1.759201,1.1800385,9.507462
85731935803347,-1.8508453,0.9277191,9.952591
85731974865847,-1.6735077,0.6980133,9.868088
85732013928347,-1.3105011,1.1532593,9.428314
85732052990847,-1.0986481,1.8215485,9.169449
85732099865847,-1.092102,2.0447083,9.17897
85732138928347,-1.3771515,1.6085052,9.379517
85732177990847,-1.4562988,1.5037689,9.131958
85732217053347,-1.3069305,1.6555176,8.485687
85732256115847,-1.2884827,0.39570618,10.003174
85732099865847,-1.092102,2.0447083,9.17897
85732138928347,-1.3771515,1.6085052,9.379517
85732177990847,-1.4562988,1.5037689,9.131958
85732217053347,-1.3069305,1.6555176,8.485687
85732256115847,-1.2884827,0.39570618,10.003174
85732302971114,-0.5380707,0.16004944,11.309402
85732342033614,-0.23873901,0.7622833,11.218948
85732381096114,0.026672363,2.4809113,10.5976715
85732420158614,0.1474762,3.6252747,10.39296
85732459221114,-0.700531,2.6433716,10.676819
85732302971114,-0.5380707,0.16004944,11.309402
85732342033614,-0.23873901,0.7622833,11.218948
85732381096114,0.026672363,2.4809113,10.5976715
85732420158614,0.1474762,3.6252747,10.39296
85732459221114,-0.700531,2.6433716,10.676819
85732498283614,-0.90345764,0.6920624,9.845474
85732537346114,0.17008972,0.2528839,8.602325
85732576408614,0.5414276,0.03388977,8.083405
85732615471114,0.027862549,-0.1006012,8.40535
85732654533614,-1.3896484,-1.0955963,8.782639
85732498283614,-0.90345764,0.6920624,9.845474
85732537346114,0.17008972,0.2528839,8.602325
85732576408614,0.5414276,0.03388977,8.083405
85732615471114,0.027862549,-0.1006012,8.40535
85732654533614,-1.3896484,-1.0955963,8.782639
85732701408614,-1.9085693,-1.9691925,9.576492
85732740471114,-1.5800781,-1.7573395,10.520905
85732779533614,-1.4670105,0.016036987,10.102554
85732818596114,-1.7532501,1.8453522,9.042099
85732857658614,-2.637558,1.6703949,9.259308
85732701408614,-1.9085693,-1.9691925,9.576492
85732740471114,-1.5800781,-1.7573395,10.520905
85732779533614,-1.4670105,0.016036987,10.102554
85732818596114,-1.7532501,1.8453522,9.042099
85732857658614,-2.637558,1.6703949,9.259308
85732904533614,-2.8934479,0.6337433,9.921646
85732943596114,-2.8309631,-0.098220825,10.23526
85732982658614,-2.6536255,0.25526428,10.263824
85733021721114,-2.643509,1.6822968,10.129929
85733060783614,-3.5117493,2.069107,10.029953
85732904533614,-2.8934479,0.6337433,9.921646
85732943596114,-2.8309631,-0.098220825,10.23526
85732982658614,-2.6536255,0.25526428,10.263824
85733021721114,-2.643509,1.6822968,10.129929
85733060783614,-3.5117493,2.069107,10.029953
85733099846114,-4.5852966,1.8501129,9.33667
85733138908614,-4.170517,-0.5600128,8.644577
85733177971114,-3.9622345,-1.4895477,9.070068
85733217033614,-3.5813751,0.766449,7.747772
85733256096114,-4.704315,0.72895813,8.122086
85733099846114,-4.5852966,1.8501129,9.33667
85733138908614,-4.170517,-0.5600128,8.644577
85733177971114,-3.9622345,-1.4895477,9.070068
85733217033614,-3.5813751,0.766449,7.747772
85733256096114,-4.704315,0.72895813,8.122086
85733302971114,-4.4424744,1.6507568,7.760269
85733342033614,-4.1086273,2.4124756,7.600189
85733381096114,-4.056259,1.1360016,8.672546
85733420158614,-3.8783264,0.38856506,9.190872
85733459221114,-4.1919403,0.696228,8.914749
85733302971114,-4.4424744,1.6507568,7.760269
85733342033614,-4.1086273,2.4124756,7.600189
85733381096114,-4.056259,1.1360016,8.672546
85733420158614,-3.8783264,0.38856506,9.190872
85733459221114,-4.1919403,0.696228,8.914749
85733506096114,-4.0455475,0.6313629,9.20813
85733545158614,-3.3653564,0.9705658,9.0325775
85733584221114,-3.5242462,-0.115478516,10.198959
85733623283614,-3.3094177,0.1963501,10.961273
85733662346114,-3.7039642,1.2014618,11.641464
85733506096114,-4.0455475,0.6313629,9.20813
85733545158614,-3.3653564,0.9705658,9.0325775
85733584221114,-3.5242462,-0.115478516,10.198959
85733623283614,-3.3094177,0.1963501,10.961273
85733662346114,-3.7039642,1.2014618,11.641464
