272696188103343,-0.021530151,-0.03514099,9.742523
272696197868968,-0.028671265,-0.004196167,9.797272
272696207634593,0.021316528,-0.05418396,9.792511
272696218376781,-0.0024871826,-0.025619507,9.725861
272696228142406,-0.007247925,-0.016098022,9.759186
272696237816478,-0.023910522,-0.039901733,9.709198
272696257256175,-0.009628296,-0.042282104,9.775848
272696267235423,-0.023910522,-0.06846619,9.794891
272696282189036,-0.035812378,-0.013717651,9.818695
272696292595531,-0.071517944,-0.027999878,9.78775
272696302361156,-0.014389038,-0.049423218,9.859161
272696312157298,-0.009628296,-0.063705444,9.825836
272696322685863,-0.01914978,-0.03514099,9.861542
272696332146312,-0.014389038,-0.058944702,9.837738
272696342644359,0.009414673,-0.044662476,9.835358
272696352959300,-0.028671265,0.014846802,9.78775
272696362694407,0.009414673,-0.03276062,9.868683
272696372673656,0.0046539307,-0.047042847,9.8472595
272696382652904,-0.012008667,-0.05180359,9.821075
272696392632152,-0.0048675537,-0.03514099,9.828217
272696402611400,-0.0048675537,-0.042282104,9.78775
272696412621165,-0.031051636,-0.047042847,9.842499
272696422600413,-0.007247925,-0.025619507,9.835358
272696432579661,0.0236969,-0.044662476,9.859161
272696442589427,-0.021530151,-0.039901733,9.861542
272696452568675,-0.03819275,-0.025619507,9.811554
272696462578441,0.0022735596,-0.027999878,9.804413
272696472557689,-0.023910522,-0.047042847,9.78775
272696482536937,0.009414673,-0.05418396,9.768707
272696477776195,-0.012130737,-0.03930664,9.825958
272696492516185,0.0236969,-0.05418396,9.752045
272696502525950,-0.0048675537,-0.037521362,9.844879
272696512077952,-0.0667572,-0.023239136,9.830597
272696522087718,-0.007247925,-0.08036804,9.802032
272696532158519,-0.012008667,-0.05418396,9.8472595
272696542656566,0.0046539307,-0.058944702,9.792511
272696552452708,-0.009628296,-0.018478394,9.844879
272696562431956,-0.052474976,-0.023239136,9.840118
272696572411204,-0.028671265,-0.05656433,9.809174
272696582390452,-0.009628296,-0.16130066,9.347382
272696592400218,-0.03819275,-0.008956909,9.859161
272696602379466,-0.021530151,-0.044662476,9.716339
272696612358714,-0.033432007,-0.027999878,9.737762
272696622368480,-0.026290894,-0.01133728,9.821075
272696632622386,-0.028671265,-0.030380249,9.840118
272696642388011,-0.023910522,-0.063705444,9.828217
272696652367259,-0.009628296,-0.047042847,9.794891
272696662346507,-0.050094604,-0.063705444,9.766327
272696672356273,-0.045333862,-0.07322693,9.844879
272696682335521,0.0046539307,-0.05656433,9.766327
272696677574779,-0.021774292,-0.04977417,9.784302
272696692314769,-0.012008667,-0.03276062,9.863922
272696702324534,-0.021530151,5.645752E-4,9.871063
272696712303782,-0.007247925,-0.008956909,9.806793
272696722313548,-0.0048675537,-0.044662476,9.802032
272696732231761,-0.01914978,-0.023239136,9.832977
272696742241527,-0.0024871826,-0.042282104,9.778229
272696752220775,-0.01676941,-0.044662476,9.78537
272696762230540,-0.01676941,-0.027999878,9.875824
272696772179271,-0.028671265,-0.023239136,9.871063
272696782189036,0.0070343018,-0.020858765,9.8472595
272696792168284,-0.026290894,-0.030380249,9.747284
272696802208568,-0.01676941,-0.006576538,9.816315
272696812157298,-0.021530151,-0.008956909,9.813934
272696822106029,-0.04057312,-0.016098022,9.8472595
272696832146312,0.009414673,-0.047042847,9.878204
272696842125560,-0.031051636,-0.006576538,9.835358
272696852104808,-0.026290894,-0.030380249,9.809174
272696862084056,-0.0048675537,-0.05418396,9.775848
272696872063304,-0.021530151,-0.049423218,9.78537
272696882073070,-0.012008667,-0.05180359,9.806793
272696877312327,-0.015701294,-0.0284729,9.82251
272696892052318,-0.021530151,-0.044662476,9.828217
272696902031566,-0.028671265,-0.030380249,9.830597
272696912010814,0.030838013,-0.013717651,9.809174
272696922020579,-1.0681152E-4,-0.07798767,9.816315
272696932030345,-0.045333862,-0.023239136,9.835358
272696941979075,0.018936157,-0.008956909,9.8663025
272696951988841,-0.014389038,-0.05180359,9.842499
272696961968089,-0.009628296,-0.044662476,9.78537
272696971947337,-0.0048675537,-0.037521362,9.825836
272696981957103,0.0046539307,-0.030380249,9.792511
272696991905833,-0.01676941,-0.042282104,9.797272
272697001915599,-0.021530151,-0.027999878,9.797272
272697011894847,-0.031051636,-0.020858765,9.813934
272697021874095,-0.01676941,-0.025619507,9.773468
272697031883861,-0.007247925,-0.063705444,9.811554
272697041863109,-1.0681152E-4,-0.025619507,9.818695
272697051842357,-0.009628296,-0.063705444,9.818695
272697061852122,-1.0681152E-4,-0.063705444,9.780609
272697071831370,-0.026290894,-0.042282104,9.818695
272697081810618,0.016555786,-0.030380249,9.835358
272697077049876,-0.009155273,-0.038467407,9.81488
272697091789866,-0.03819275,-0.039901733,9.778229
272697101799632,-0.028671265,5.645752E-4,9.766327
272697111778880,-0.021530151,-0.058944702,9.816315
272697121788646,-0.012008667,-0.027999878,9.816315
272697131767894,-0.047714233,-0.037521362,9.85202
272697141747142,-0.01914978,-0.027999878,9.823456
272697151756907,-0.047714233,-0.01133728,9.78775
272697161736156,-0.0048675537,5.645752E-4,9.84964
272697171715404,-0.033432007,-0.018478394,9.856781
272697181694652,-0.050094604,-0.023239136,9.821075
272697191704417,0.0046539307,-0.030380249,9.835358
272697201683665,0.011795044,-0.018478394,9.832977
272697211662913,-0.023910522,-0.07798767,9.871063
272697221672679,-0.047714233,-0.027999878,9.813934
272697231651927,-0.028671265,-0.03514099,9.837738
272697241631175,-0.03819275,-0.042282104,9.7829895
272697251640941,-0.028671265,-0.044662476,9.78775
272697261589671,0.0046539307,-0.023239136,9.823456
272697271599437,-0.01914978,-0.016098022,9.844879
272697281609202,-0.028671265,-0.039901733,9.840118
272697276848460,-0.024856567,-0.030029297,9.821915
272697291588450,-0.014389038,-0.03514099,9.830597
272697301567698,-1.0681152E-4,-0.063705444,9.880585
272697311546947,-0.009628296,-0.05418396,9.802032
272697321556712,-0.014389038,-0.05418396,9.84964
272697331535960,-0.050094604,-0.018478394,9.790131
272697341515208,-0.0024871826,-0.023239136,9.825836
272697351524974,0.011795044,-0.023239136,9.773468
272697361504222,-0.031051636,-0.03276062,9.828217
272697371483470,-0.035812378,-0.03276062,9.804413
272697381462718,-0.0024871826,-0.025619507,9.830597
272697391472484,-0.033432007,-0.03514099,9.816315
272697401512767,-0.012008667,-0.047042847,9.802032
272697411553050,0.009414673,-0.039901733,9.821075
272697421471263,-0.023910522,-0.03276062,9.778229
272697431450511,0.0022735596,-0.0018157959,9.735382
272697441460277,-0.04295349,-0.049423218,9.832977
272697451409007,-0.014389038,-0.025619507,9.871063
272697461388255,-0.007247925,-0.020858765,9.763947
272697471367503,-0.01914978,-0.027999878,9.821075
272697481346751,-0.0024871826,-0.047042847,9.809174
272697476586009,-0.014633179,-0.0345459,9.813339
272697491356517,-0.045333862,-0.016098022,9.813934
272697501335765,-0.033432007,-0.042282104,9.766327
272697511315013,-0.023910522,-0.006576538,9.828217
272697521294261,-0.01914978,-0.049423218,9.790131
272697531304027,0.014175415,-0.023239136,9.818695
272697541283275,-0.023910522,-0.023239136,9.802032
272697551262523,-0.052474976,-0.027999878,9.828217
272697561272288,-0.01914978,0.0029449463,9.799652
272697571251536,-0.073898315,-0.008956909,9.835358
272697581261302,0.0022735596,-0.05656433,9.830597
272697591240550,-0.0024871826,-0.025619507,9.813934
272697601219798,-0.047714233,-0.008956909,9.837738
272697611229564,-0.014389038,-0.023239136,9.78537
272697621208812,-0.01914978,-0.03514099,9.868683
272697631188060,-0.031051636,-0.004196167,9.811554
272697641167308,-0.0024871826,-0.023239136,9.821075
272697651146556,-0.054855347,-0.03514099,9.85202
272697661156322,-0.04057312,-0.042282104,9.794891
272697671135570,-0.026290894,-0.058944702,9.78537
272697681114818,-0.050094604,-0.07322693,9.790131
272697676354075,-0.028198242,-0.029067993,9.81369
272697691094066,-0.023910522,0.0077056885,9.842499
272697701103831,-0.0048675537,-0.027999878,9.794891
272697711083079,-0.023910522,-0.020858765,9.818695
272697721062327,-0.047714233,-0.042282104,9.821075
272697731072093,-0.007247925,-0.03276062,9.806793
272697741051341,-0.021530151,-0.06846619,9.828217
272697751030589,-0.03819275,-0.05180359,9.828217
272697761040355,-0.03819275,-0.061325073,9.773468
272697771019603,-0.014389038,-0.025619507,9.832977
272697780998851,-0.01676941,-0.030380249,9.878204
272697791008616,-0.047714233,-0.006576538,9.887726
272697800987864,-0.012008667,-0.0756073,9.832977
272697810967113,-0.014389038,-0.023239136,9.775848
272697820946361,-0.04057312,-0.006576538,9.797272
272697830956126,-0.014389038,-0.03276062,9.78537
272697840935374,-0.035812378,-0.020858765,9.811554
272697850945140,-1.0681152E-4,-0.008956909,9.887726
272697860924388,-0.014389038,-0.006576538,9.887726
272697870903636,0.021316528,-0.018478394,9.856781
272697880882884,-0.028671265,-0.044662476,9.821075
272697876122142,-0.0211792,-0.029907227,9.828461
272697890892650,-0.009628296,-0.042282104,9.792511
272697900871898,-0.01914978,0.012466431,9.832977
272697910851146,-0.031051636,-0.066085815,9.837738
272697920860911,-0.050094604,-0.063705444,9.835358
272697930840159,0.030838013,-0.01133728,9.821075
272697940819407,-0.03819275,-0.027999878,9.754425
272697950829173,-0.0667572,-0.07322693,9.828217
272697960808421,-0.023910522,-0.05656433,9.802032
272697970787669,-0.0024871826,-0.030380249,9.799652
272697980797435,0.0046539307,-0.05180359,9.7829895
272697990746165,0.009414673,-0.03276062,9.840118
272698000755931,-0.035812378,-0.042282104,9.868683
272698010735179,0.011795044,-0.025619507,9.797272
272698020805980,-0.01914978,-0.013717651,9.790131
272698030724193,-0.01676941,-0.039901733,9.854401
272698040703441,-0.012008667,-0.058944702,9.844879
272698050713206,-1.0681152E-4,-0.018478394,9.797272
272698060692454,-0.007247925,-0.037521362,9.825836
272698070671702,-0.0024871826,-0.039901733,9.813934
272698080681468,-0.014389038,-0.042282104,9.802032
272698075920726,-0.014633179,-0.038116455,9.816071
272698090660716,-0.045333862,0.01008606,9.818695
272698100639964,-1.0681152E-4,-0.039901733,9.868683
272698110649730,0.0070343018,-0.006576538,9.806793
272698120628978,-0.028671265,-0.044662476,9.811554
272698130608226,-0.04057312,-0.020858765,9.802032
272698140587474,-0.01676941,-0.0756073,9.844879
272698150597239,-0.033432007,-0.058944702,9.835358
272698160576488,-0.04057312,-0.03514099,9.806793
272698170555736,-0.028671265,-0.042282104,9.828217
272698180565501,-0.014389038,-0.020858765,9.771088
272698190544749,-0.035812378,-0.020858765,9.778229
272698200523997,-0.045333862,-0.03276062,9.837738
272698210503245,-0.028671265,-0.018478394,9.863922
272698220513011,-0.047714233,-0.004196167,9.837738
272698230492259,-1.0681152E-4,0.0029449463,9.828217
272698240471507,-0.0048675537,-0.008956909,9.840118
272698250481273,-0.050094604,-0.063705444,9.790131
272698260430003,-0.009628296,-0.058944702,9.802032
272698270439769,-0.03819275,-0.013717651,9.778229
272698280419017,-0.023910522,-0.037521362,9.780609
272698275658275,-0.026290894,-0.029541016,9.816559
272698290428782,-0.012008667,-0.023239136,9.768707
272698300408031,-0.04057312,-0.042282104,9.802032
272698310387279,-0.028671265,-0.05418396,9.837738
272698320366527,-0.033432007,-0.018478394,9.821075
272698330345775,-0.054855347,-0.025619507,9.854401
272698340355540,-0.052474976,-0.037521362,9.799652
272698350334788,-0.012008667,-0.039901733,9.830597
272698360344554,-0.04057312,-0.03514099,9.823456
272698370354320,-0.026290894,-0.05418396,9.863922
272698380791331,-0.028671265,-0.030380249,9.863922
272698390343333,-0.033432007,-0.030380249,9.861542
272698400322581,-0.028671265,-0.03514099,9.813934
272698410301829,-0.0024871826,-0.020858765,9.799652
272698420311595,0.0070343018,-0.03514099,9.768707
272698430260325,-0.054855347,-0.05180359,9.832977
272698440270091,-0.0024871826,-0.05418396,9.832977
272698450218822,0.037979126,-0.025619507,9.752045
272698460198070,-0.007247925,-0.07322693,9.85202
272698470177318,0.009414673,-0.01133728,9.818695
272698480156566,0.0022735596,-0.05418396,9.780609
272698475395823,-0.020095825,-0.037643433,9.818939
272698490166331,-0.05961609,-0.018478394,9.756805
272698500145579,-0.04057312,-0.020858765,9.775848
272698510155345,-0.014389038,0.0029449463,9.771088
272698520104075,-0.035812378,-0.03514099,9.78775
272698530113841,-0.045333862,-0.0018157959,9.825836
272698540123607,-0.028671265,-0.042282104,9.835358
272698550072337,-0.026290894,-0.020858765,9.799652
272698560082103,-1.0681152E-4,-0.042282104,9.821075
272698570091868,-0.023910522,-0.018478394,9.780609
272698580071116,-0.01914978,-0.023239136,9.799652
272698590050364,-0.031051636,-0.039901733,9.837738
272698600029613,-0.021530151,-0.016098022,9.804413
272698610008861,-0.028671265,-0.018478394,9.821075
272698620018626,-0.04057312,-0.03276062,9.863922
272698630058909,-0.054855347,-0.006576538,9.8472595
272698639977122,-0.028671265,-0.008956909,9.823456
272698649956370,-0.01676941,-0.037521362,9.825836
272698659966136,-0.03819275,-0.018478394,9.809174
272698669945384,-0.047714233,-0.030380249,9.794891
272698679924632,0.018936157,-0.018478394,9.799652
272698675163890,-0.029144287,-0.022399902,9.8090515
272698689903880,-0.03819275,-0.03276062,9.780609
272698699913646,0.0022735596,-0.03514099,9.802032
272698709892894,0.021316528,-0.023239136,9.873444
272698719902659,-0.04295349,-0.06846619,9.842499
272698729881907,-0.031051636,-0.05656433,9.85202
272698739861156,-1.0681152E-4,-0.004196167,9.844879
272698749870921,0.009414673,-0.05418396,9.806793
272698759850169,-0.05961609,-0.01133728,9.816315
272698769829417,-0.021530151,-0.037521362,9.8472595
272698779808665,0.0236969,-0.016098022,9.821075
272698789818431,-0.012008667,-0.07322693,9.737762
272698799797679,-0.047714233,-0.020858765,9.775848
272698809776927,0.0046539307,-0.049423218,9.828217
272698819756175,-0.054855347,-0.049423218,9.806793
272698829765941,-0.009628296,-0.039901733,9.771088
272698839745189,-1.0681152E-4,-0.05180359,9.775848
272698849724437,-0.033432007,-0.018478394,9.840118
272698859703685,-0.01914978,-0.07084656,9.759186
272698869682933,-0.047714233,-0.025619507,9.7829895
272698879692698,0.0070343018,-0.0018157959,9.763947
272698874931956,-0.017486572,-0.03704834,9.806442
272698889671947,-0.012008667,-0.03276062,9.856781
272698899681712,-0.028671265,-0.03276062,9.825836
272698909630443,-0.014389038,-0.018478394,9.773468
272698919640208,-0.028671265,-0.027999878,9.78537
272698929649974,-0.031051636,-0.018478394,9.85202
272698939598704,-0.01676941,-0.018478394,9.840118
272698949608470,-0.033432007,-0.03276062,9.861542
272698959587718,0.035598755,-0.047042847,9.8472595
272698969597484,0.014175415,-0.008956909,9.816315
272698979576732,-0.014389038,0.0029449463,9.809174
272698989555980,-0.0024871826,-0.01133728,9.78537
272698999535228,0.04988098,-0.016098022,9.778229
272699009544993,-0.01914978,-0.008956909,9.790131
272699019524241,-0.031051636,-0.042282104,9.859161
272699029503489,-0.01676941,-0.05656433,9.804413
272699039482738,0.018936157,-0.023239136,9.790131
272699049492503,-1.0681152E-4,-0.027999878,9.792511
272699059471751,-0.04057312,-0.027999878,9.842499
272699069450999,-0.021530151,-0.013717651,9.8472595
272699079460765,-1.0681152E-4,-0.03514099,9.806793
272699074700023,-0.009628296,-0.024902344,9.818222
272699089440013,0.0022735596,-0.039901733,9.804413
272699099419261,-0.009628296,-0.039901733,9.835358
272699109398509,0.018936157,-0.044662476,9.840118
272699119408275,-0.0048675537,-0.05180359,9.811554
272699129387523,-0.007247925,-0.047042847,9.892487
272699139366771,0.011795044,-0.05656433,9.792511
272699149346019,0.02607727,-0.047042847,9.792511
272699159325267,-0.0048675537,-0.027999878,9.797272
272699169335032,-0.050094604,-0.058944702,9.823456
272699179314281,0.014175415,-0.020858765,9.792511
272699189293529,-0.0048675537,-0.016098022,9.813934
272699199306255,-0.009628296,0.014846802,9.828217
272699209254986,-0.023910522,-0.020858765,9.821075
272699219264751,-0.012008667,-0.03276062,9.828217
272699229243999,-0.04057312,-0.030380249,9.78775
272699239314800,-0.0667572,-0.030380249,9.823456
272699249233013,-0.035812378,-0.023239136,9.85202
272699259212261,0.014175415,-0.03276062,9.813934
272699269191509,0.014175415,0.0053253174,9.837738
272699279201275,-0.01676941,-0.006576538,9.806793
272699274440533,-0.009277344,-0.030380249,9.819763
272699289180523,-0.007247925,0.0077056885,9.816315
272699299159771,-0.04057312,-0.025619507,9.78775
272699309139019,-0.021530151,-0.03276062,9.816315
272699319148784,-0.050094604,-0.03514099,9.818695
272699329097515,-0.009628296,-0.008956909,9.773468
272699339107281,-0.023910522,-0.058944702,9.818695
272699349117046,-0.023910522,-0.013717651,9.835358
272699359126812,-0.04295349,5.645752E-4,9.832977
272699369685894,-0.007247925,-0.042282104,9.818695
272699379115825,-0.04057312,-0.027999878,9.821075
272699389095074,-0.01914978,-0.018478394,9.830597
272699399074322,-0.050094604,-0.037521362,9.871063
272699409053570,-0.014389038,-0.049423218,9.882965
272699419032818,-0.01676941,-0.016098022,9.811554
272699429012066,-0.0024871826,-0.042282104,9.804413
272699439021831,-0.04295349,-0.01133728,9.835358
272699448970562,-0.03819275,-0.044662476,9.775848
272699458949810,0.0070343018,-0.020858765,9.830597
272699468959575,-0.0024871826,-0.042282104,9.840118
272699478908306,-0.01914978,-0.063705444,9.780609
272699474147564,-0.02331543,-0.029190063,9.820129
272699488918072,0.011795044,-0.042282104,9.823456
272699498897320,-1.0681152E-4,-0.025619507,9.778229
272699508907085,0.011795044,-0.020858765,9.844879
272699518886333,-0.035812378,-0.039901733,9.85202
272699528896099,-0.0048675537,-0.042282104,9.854401
272699538875347,0.009414673,-0.013717651,9.84964
272699548885113,-0.009628296,-0.037521362,9.778229
272699558894878,-0.06199646,-0.023239136,9.794891
272699568874126,-0.026290894,-0.025619507,9.766327
272699578853374,-0.009628296,0.021987915,9.7829895
272699588863140,-0.045333862,-0.006576538,9.821075
272699598781353,-0.028671265,-0.058944702,9.754425
272699608791118,-0.0048675537,-0.016098022,9.863922
272699618770367,-0.035812378,-0.018478394,9.825836
272699628749615,-0.028671265,-0.047042847,9.78537
272699638820415,-0.03819275,-0.066085815,9.830597
272699648708111,-0.028671265,-0.018478394,9.880585
272699658717876,-0.028671265,-0.039901733,9.735382
272699668697124,0.018936157,-0.058944702,9.828217
272699678706890,-0.04057312,-0.01133728,9.78537
272699673946148,-0.018798828,-0.029541016,9.811798
272699688655620,-0.023910522,-0.047042847,9.809174
272699698665386,-0.01914978,-0.037521362,9.804413
272699708675152,-0.0024871826,-0.047042847,9.825836
272699718623882,-0.054855347,-0.030380249,9.78537
272699728664165,0.0022735596,-0.03514099,9.856781
272699738673931,-0.026290894,0.012466431,9.885345
272699748653179,-0.035812378,-0.05180359,9.8472595
272699758632427,0.021316528,-0.087509155,9.832977
272699768611675,-0.052474976,-0.01133728,9.84964
272699778560406,-0.009628296,-0.05418396,9.8472595
272699788570171,-0.009628296,0.0053253174,9.818695
272699798549419,0.014175415,-0.03514099,9.823456
272699808559185,-0.009628296,-0.044662476,9.902008
272699818507915,-0.052474976,-0.016098022,9.856781
272699828517681,-0.06199646,-0.044662476,9.816315
272699838496929,-0.009628296,-0.042282104,9.794891
272699848537212,-0.021530151,-0.016098022,9.806793
272699858485943,-0.0048675537,-0.004196167,9.821075
272699868434673,-0.04057312,0.01008606,9.804413
272699878474956,-0.009628296,-0.037521362,9.856781
272699873714214,-0.020339966,-0.030731201,9.83226
272699888454204,-0.007247925,-0.023239136,9.825836
272699898433452,-0.047714233,-0.042282104,9.844879
272699908412700,0.0022735596,-0.025619507,9.818695
272699918391949,-0.04295349,-0.016098022,9.778229
272699928401714,-0.01676941,-0.027999878,9.856781
272699938380962,-0.012008667,-0.042282104,9.821075
272699948360210,-0.045333862,-0.023239136,9.823456
272699958369976,-0.047714233,-0.049423218,9.78537
272699968349224,-1.0681152E-4,-0.049423218,9.771088
272699978358990,-1.0681152E-4,-0.03514099,9.809174
272699988307720,-0.023910522,-0.013717651,9.809174
272699998317486,-0.05961609,-0.047042847,9.85202
272700008296734,0.009414673,-0.044662476,9.802032
272700018275982,-0.050094604,0.0053253174,9.790131
272700028285747,-0.007247925,-0.05418396,9.809174
272700038234478,-0.028671265,-0.023239136,9.818695
272700048244243,-0.01914978,-0.008956909,9.806793
272700058254009,-0.0048675537,-0.016098022,9.797272
272700068233257,-0.03819275,-0.039901733,9.856781
272700078212505,0.014175415,-0.0756073,9.821075
272700073451763,-0.02128601,-0.03263855,9.81488
272700088191753,-0.026290894,5.645752E-4,9.809174
272700098171001,-0.014389038,-0.05418396,9.861542
272700108150249,-0.045333862,-0.0756073,9.802032
272700118160015,-0.023910522,-0.042282104,9.8472595
272700128139263,0.0070343018,-0.0756073,9.861542
272700138118511,-0.028671265,-0.025619507,9.835358
272700148128277,-0.021530151,-0.058944702,9.823456
272700158107525,-0.01914978,-0.030380249,9.813934
272700168086773,0.0236969,-0.018478394,9.844879
272700178066021,-0.028671265,-0.049423218,9.792511
272700188075786,-0.026290894,-0.042282104,9.78775
272700198055034,-0.028671265,0.021987915,9.813934
272700208034283,-1.0681152E-4,-0.023239136,9.832977
272700218044048,-0.031051636,-0.05180359,9.861542
272700228023296,-0.035812378,-0.027999878,9.7829895
272700238002544,-0.033432007,-0.025619507,9.825836
272700248012310,-1.0681152E-4,-0.023239136,9.830597
272700257961040,0.0022735596,-0.0018157959,9.825836
272700267970806,-0.0024871826,-0.03514099,9.78537
272700277950054,-0.01914978,-0.01133728,9.792511
272700273189312,-0.017608643,-0.03251648,9.821548
272700287959820,0.014175415,-0.042282104,9.804413
272700297908550,-0.045333862,0.012466431,9.811554
272700307918316,-0.023910522,-0.039901733,9.78537
272700317897564,-0.01676941,-0.004196167,9.875824
272700327876812,-0.023910522,-0.039901733,9.806793
272700337886577,0.011795044,-0.030380249,9.875824
272700347865825,-0.01914978,-0.039901733,9.78775
272700357875591,-0.007247925,-0.03514099,9.821075
272700367854839,0.02607727,-0.05656433,9.778229
272700377834087,-0.04057312,-0.044662476,9.8472595
272700387874370,-0.014389038,-0.01133728,9.823456
272700397853618,-0.0024871826,-0.013717651,9.854401
272700407863384,0.0046539307,-0.049423218,9.823456
272700417812115,-0.0024871826,-0.008956909,9.763947
272700427821880,-0.023910522,-0.05418396,9.840118
272700437801128,-0.031051636,-0.063705444,9.856781
272700447780376,-0.01676941,-0.025619507,9.778229
272700457820659,-0.007247925,-0.023239136,9.811554
272700467708355,-0.01676941,5.645752E-4,9.799652
272700477687603,-0.007247925,-0.061325073,9.811554
272700472926861,-0.012130737,-0.031570435,9.817856
272700487697368,-0.028671265,-0.020858765,9.78775
272700497676617,0.0022735596,-0.03276062,9.802032
272700507655865,0.021316528,-0.03514099,9.8472595
272700517635113,-0.04057312,-0.030380249,9.8472595
272700527126079,-0.03819275,-0.047042847,9.823456
272700537624126,-0.023910522,-0.0018157959,9.823456
272700547603374,-0.047714233,0.019607544,9.809174
272700557613140,-0.01914978,-0.023239136,9.794891
272700567592388,-0.0048675537,-0.05656433,9.840118
272700577602154,-0.01914978,-0.039901733,9.780609
272700587550884,0.0236969,-0.023239136,9.792511
272700597530132,0.009414673,-0.0018157959,9.780609
272700607539898,-0.028671265,-0.027999878,9.818695
272700617519146,-0.021530151,-0.01133728,9.759186
272700627498394,-0.026290894,-0.020858765,9.835358
272700637508159,-0.021530151,-0.042282104,9.832977
272700647456890,-0.045333862,-0.023239136,9.818695
272700657466656,-0.0048675537,-0.063705444,9.871063
272700667476421,0.011795044,-0.013717651,9.830597
272700677455669,-0.04295349,-0.016098022,9.780609
272700672694927,-0.017242432,-0.025619507,9.813812
272700687434917,0.018936157,-0.03514099,9.773468
272700697414165,-0.033432007,-0.047042847,9.823456
272700707423931,-0.023910522,-0.06846619,9.735382
272700717403179,0.014175415,-0.03276062,9.768707
272700727382427,0.014175415,-0.037521362,9.813934
272700737361675,-0.04057312,-0.05418396,9.840118
272700747371441,-0.023910522,-0.037521362,9.840118
272700757350689,0.009414673,-0.03276062,9.837738
272700767329937,0.021316528,-0.047042847,9.742523
272700777339702,-0.03819275,-0.016098022,9.830597
272700787318950,-0.023910522,-0.05656433,9.825836
272700797298199,-0.0024871826,-0.037521362,9.804413
272700807277447,-0.021530151,-0.037521362,9.821075
272700817256695,-0.021530151,-0.03276062,9.856781
272700827266460,-0.014389038,-0.042282104,9.828217
272700837245708,0.0022735596,-0.025619507,9.78537
272700847224956,0.0070343018,-0.037521362,9.837738
272700857204204,-0.03819275,-0.025619507,9.825836
272700867183452,-0.023910522,-0.03276062,9.768707
272700877193218,-0.026290894,-0.008956909,9.761566
272700872432476,-0.012252808,-0.03727722,9.806076
272700887172466,0.0046539307,-0.013717651,9.744904
272700897151714,-0.054855347,-0.03276062,9.816315
272700907130962,-0.026290894,-0.047042847,9.806793
272700917140728,-0.028671265,-0.042282104,9.818695
272700927119976,0.0070343018,-0.023239136,9.830597
272700937099224,-0.031051636,-0.008956909,9.728241
272700947108990,-0.01914978,-0.047042847,9.890106
272700957088238,-0.028671265,-0.037521362,9.7211
272700967098003,-1.0681152E-4,-0.013717651,9.813934
272700977077251,-0.026290894,-0.027999878,9.809174
272700987025982,-0.007247925,-0.027999878,9.842499
272700997035747,-0.028671265,-0.044662476,9.733002
272701007014995,-0.047714233,-0.025619507,9.811554
272701016994243,-0.023910522,-0.037521362,9.763947
272701027004009,-0.012008667,-0.07084656,9.790131
272701036952740,-0.01914978,-0.047042847,9.813934
272701046962505,0.014175415,-0.05418396,9.804413
272701056941753,-0.033432007,-0.018478394,9.804413
272701067012554,-0.01676941,-0.058944702,9.799652
272701076930767,-0.021530151,-0.023239136,9.816315
272701072170025,-0.019989014,-0.03514099,9.797989
272701086910015,0.0070343018,-0.023239136,9.825836
272701096889263,-0.026290894,-0.07322693,9.825836
272701106868511,0.016555786,-0.013717651,9.859161
272701116878277,-0.028671265,-0.03514099,9.761566
272701126857525,0.021316528,-0.03276062,9.830597
272701136836773,-0.045333862,-0.044662476,9.856781
272701146816021,-0.007247925,-0.008956909,9.842499
272701156795269,-0.028671265,-0.016098022,9.794891
272701166774517,-0.028671265,-0.047042847,9.778229
272701176784283,-0.021530151,-0.042282104,9.813934
272701186763531,-0.009628296,-0.05418396,9.821075
272701196742779,-0.033432007,-0.03514099,9.797272
272701206722027,-0.007247925,-0.039901733,9.821075
272701216731792,-0.031051636,-0.025619507,9.813934
272701226711040,-0.04057312,-0.058944702,9.8472595
272701236690288,-0.026290894,-0.030380249,9.863922
272701246700054,-0.03819275,5.645752E-4,9.856781
272701256648784,-0.01914978,-0.013717651,9.728241
272701266658550,-0.012008667,-0.044662476,9.797272
272701276637798,0.0022735596,-0.05180359,9.804413
272701271877056,-0.017837524,-0.0345459,9.817032
272701286617046,-0.047714233,-0.03276062,9.809174
272701296596294,-0.023910522,-0.039901733,9.825836
272701306606060,-0.0048675537,0.0077056885,9.811554
272701316585308,-0.01676941,-0.042282104,9.840118
272701326564556,-0.0048675537,5.645752E-4,9.797272
272701336543804,-0.023910522,-0.063705444,9.861542
272701346553570,-0.031051636,-0.05418396,9.830597
272701356532818,0.018936157,-0.044662476,9.875824
272701366481548,-0.026290894,-0.030380249,9.844879
272701376491314,-0.033432007,-0.01133728,9.828217
272701386592632,-0.0048675537,-0.03514099,9.880585
272701396693950,0.016555786,-0.047042847,9.794891
272701406490093,-0.050094604,-0.07084656,9.828217
272701416499859,-0.0024871826,-0.063705444,9.763947
272701426448589,-0.0048675537,-0.049423218,9.735382
272701436458355,-0.031051636,-0.03514099,9.794891
272701446437603,-0.03819275,-0.020858765,9.773468
272701456386333,-0.01676941,-0.039901733,9.792511
272701466365581,-0.050094604,5.645752E-4,9.840118
272701476344829,-0.047714233,0.0053253174,9.8472595
272701471584087,-0.0211792,-0.033355713,9.818817
272701486354595,-0.0048675537,-0.066085815,9.811554
272701496333843,-0.01914978,-0.013717651,9.809174
272701506313091,-0.031051636,-0.07798767,9.799652
272701516292339,0.0022735596,-0.027999878,9.818695
272701526302105,0.0070343018,-0.03514099,9.832977
272701536281353,0.0022735596,-0.037521362,9.813934
272701546260601,-0.021530151,-0.042282104,9.832977
272701556239849,-0.007247925,-0.020858765,9.825836
272701566249615,-0.01914978,-0.030380249,9.825836
272701576228863,-0.01914978,-0.0018157959,9.835358
272701586208111,-0.03819275,-0.030380249,9.754425
272701596187359,-0.023910522,-0.025619507,9.861542
272701606197124,-0.023910522,-0.039901733,9.84964
272701616176372,-0.031051636,-0.07084656,9.780609
272701626155620,-0.045333862,-0.018478394,9.854401
272701636134868,-0.073898315,-0.042282104,9.761566
272701646114117,-0.0048675537,-0.037521362,9.823456
272701656123882,-0.03819275,0.012466431,9.768707
272701666103130,0.016555786,-0.01133728,9.842499
272701676143413,-0.01914978,-0.025619507,9.8472595
272701671382671,-0.019622803,-0.032165527,9.817505
272701686061626,-0.01676941,-0.042282104,9.842499
272701696040874,-0.014389038,-0.061325073,9.804413
272701706050640,-0.026290894,-0.061325073,9.778229
272701716029888,-0.014389038,-0.042282104,9.802032
272701726009136,-0.031051636,-0.044662476,9.78775
272701735988384,-0.026290894,-0.037521362,9.91391
272701745998150,-0.031051636,-0.061325073,9.809174
272701755977398,-0.023910522,-0.03276062,9.825836
272701765956646,-0.0024871826,-0.025619507,9.828217
272701775966411,-0.031051636,-0.018478394,9.840118
272701785945659,-0.007247925,-0.004196167,9.828217
272701795924908,-0.04295349,-0.0018157959,9.854401
272701805904156,-0.014389038,-0.044662476,9.759186
272701815883404,-0.01914978,-0.042282104,9.790131
272701825893169,-0.007247925,-0.023239136,9.802032
272701835872417,-0.01914978,-0.025619507,9.811554
272701845851665,0.0022735596,-0.030380249,9.761566
272701855830913,-0.033432007,-0.018478394,9.766327
272701865810161,-0.03819275,-0.03276062,9.859161
272701875819927,-0.012008667,-0.047042847,9.792511
272701871059185,-0.020462036,-0.03489685,9.812866
272701885799175,-0.023910522,-0.042282104,9.832977
272701895778423,-0.03819275,-0.061325073,9.802032
272701905757671,-0.047714233,-0.013717651,9.766327
272701915736919,-0.06199646,-0.049423218,9.811554
272701925746685,-0.033432007,-0.047042847,9.830597
272701935725933,-1.0681152E-4,-0.027999878,9.821075
272701945705181,-0.0024871826,-0.013717651,9.790131
272701955714947,-0.01676941,-0.061325073,9.835358
272701965694195,-0.028671265,-0.037521362,9.811554
272701975673443,-0.031051636,-0.039901733,9.792511
272701985652691,-0.007247925,-0.016098022,9.794891
272701995631939,0.009414673,-0.020858765,9.7829895
272702005641704,-0.021530151,-0.039901733,9.844879
272702015620952,-0.054855347,-0.061325073,9.749664
272702025600200,0.0070343018,-0.008956909,9.816315
272702035579449,0.0070343018,-0.020858765,9.773468
272702045589214,-0.031051636,-0.0018157959,9.856781
272702055568462,-0.04057312,-0.05180359,9.823456
272702065547710,-0.026290894,-0.008956909,9.792511
272702075526958,-0.033432007,0.0029449463,9.835358
272702070766216,-0.023788452,-0.031097412,9.808228
272702085506206,-0.035812378,-0.039901733,9.840118
272702095515972,-0.007247925,-0.063705444,9.802032
272702105495220,0.0046539307,-0.025619507,9.811554
272702115474468,-0.035812378,-0.023239136,9.768707
272702125453716,-0.01676941,-0.042282104,9.840118
272702135463482,-0.033432007,-0.03276062,9.861542
272702145442730,-0.023910522,-0.0018157959,9.863922
272702155421978,-0.026290894,-0.039901733,9.837738
272702165401226,-0.01914978,-0.058944702,9.844879
272702175380474,0.0046539307,0.0029449463,9.835358
272702185390240,0.0022735596,-0.006576538,9.790131
272702195369488,-0.023910522,-0.039901733,9.790131
272702205348736,-0.047714233,-0.008956909,9.802032
272702215327984,-0.028671265,-0.039901733,9.809174
272702225337749,-0.021530151,-0.03514099,9.816315
272702235316997,0.0046539307,-0.037521362,9.792511
272702245296245,0.009414673,-0.05180359,9.804413
272702255275493,-0.009628296,-0.07322693,9.761566
272702265285259,-0.021530151,-0.027999878,9.809174
272702275264507,-0.01676941,-0.023239136,9.806793
272702270503765,-0.017120361,-0.033477783,9.814407
272702285335308,-0.026290894,-0.047042847,9.823456
272702295223003,0.009414673,-0.037521362,9.78537
272702305232769,-0.054855347,-0.039901733,9.816315
272702315212017,-0.01676941,-0.042282104,9.792511
272702325191265,-0.035812378,-0.023239136,9.835358
272702335170513,-0.01676941,-0.027999878,9.887726
272702345180279,0.0022735596,-0.07798767,9.835358
272702355159527,0.018936157,-0.066085815,9.790131
272702365138775,-1.0681152E-4,-0.023239136,9.804413
272702375118023,-0.047714233,-0.044662476,9.806793
272702385097271,-0.06437683,-0.030380249,9.823456
272702395076519,0.018936157,-0.027999878,9.837738
272702405086284,0.033218384,-0.025619507,9.835358
272702415065533,-0.06199646,-0.03276062,9.837738
272702425044781,-0.023910522,-0.07084656,9.78775
272702435054546,-0.009628296,-0.049423218,9.766327
272702445033794,-0.01676941,-0.03276062,9.813934
272702455074077,-0.028671265,-0.016098022,9.811554
272702465022808,-0.03819275,5.645752E-4,9.821075
272702474971538,-0.023910522,-0.05180359,9.8663025
272702470210796,-0.01914978,-0.038360596,9.818939
272702484981304,0.0046539307,-0.05180359,9.84964
272702494960552,-0.092941284,-0.018478394,9.842499
272702504939800,-0.007247925,0.0029449463,9.832977
272702514919048,-0.028671265,-0.037521362,9.7829895
272702524928814,-0.01676941,-0.039901733,9.823456
272702534908062,0.0046539307,-0.03514099,9.768707
272702544887310,0.011795044,-0.05180359,9.797272
272702554897075,-0.035812378,-0.044662476,9.897247
272702564876324,-0.009628296,-0.013717651,9.835358
272702574886089,-0.0024871826,-0.05180359,9.8472595
272702584865337,-0.021530151,-0.039901733,9.813934
272702594844585,-0.0048675537,-0.03276062,9.728241
272702604823833,-0.031051636,-0.047042847,9.761566
272702614833599,-0.021530151,-0.03276062,9.825836
272702624812847,-0.01914978,-0.05418396,9.825836
272702634792095,-0.012008667,-0.027999878,9.871063
272702644771343,0.0236969,-0.039901733,9.768707
272702654750591,0.0070343018,-0.016098022,9.856781
272702664760357,-0.03819275,-0.013717651,9.809174
272702674739605,-0.007247925,0.0053253174,9.830597
272702669978863,-0.014862061,-0.032043457,9.818451
272702684718853,-0.035812378,-0.07322693,9.792511
272702694698101,0.0022735596,-0.030380249,9.830597
272702704707867,-0.047714233,-0.08274841,9.792511
272702714687115,-0.050094604,-0.05656433,9.861542
272702724666363,-0.0024871826,-0.05418396,9.773468
272702734645611,-0.01914978,-0.020858765,9.832977
272702744624859,0.0022735596,-0.027999878,9.8663025
272702754634624,-0.045333862,-0.07322693,9.78537
272702764583355,-1.0681152E-4,-0.042282104,9.792511
272702774593120,-0.023910522,-0.05418396,9.825836
272702784572368,-0.04057312,-0.027999878,9.790131
272702794582134,-0.028671265,-0.05418396,9.828217
272702804561382,-1.0681152E-4,-0.042282104,9.835358
272702814540630,0.0022735596,-0.039901733,9.778229
272702824519878,-0.033432007,0.0029449463,9.873444
272702834529644,-0.035812378,-0.05418396,9.792511
272702844508892,-0.01914978,-0.049423218,9.863922
272702854488140,-0.033432007,-0.037521362,9.825836
272702864467388,-0.045333862,-0.042282104,9.811554
272702874446636,-0.0024871826,-0.037521362,9.859161
272702869685894,-0.022842407,-0.044906616,9.820602
272702884456402,-1.0681152E-4,-0.027999878,9.825836
272702894496685,-0.014389038,-0.07084656,9.790131
272702904414898,-0.035812378,-0.037521362,9.8472595
272702914424663,-0.014389038,-0.047042847,9.856781
272702924403911,-0.0024871826,-0.047042847,9.813934
272702934352642,-0.052474976,-0.058944702,9.809174
272702944362408,-0.028671265,0.0029449463,9.85202
272702954341656,-0.050094604,-0.06846619,9.818695
272702964320904,-0.03819275,-0.058944702,9.773468
272702974330669,-1.0681152E-4,-0.042282104,9.844879
272702984279400,-0.03819275,-0.027999878,9.825836
272702994289165,-0.021530151,-0.018478394,9.809174
272703004298931,0.0022735596,-0.03514099,9.825836
272703014278179,-0.007247925,-0.05656433,9.778229
272703024257427,-0.021530151,-0.049423218,9.85202
272703034236675,-0.05961609,-0.0018157959,9.811554
272703044215923,-0.009628296,-0.027999878,9.863922
272703054225689,-0.023910522,-0.030380249,9.832977
272703064204937,-0.014389038,-0.087509155,9.837738
272703074184185,-0.03819275,-0.044662476,9.906769
272703069423443,-0.0234375,-0.041809082,9.828812
272703084163433,-0.007247925,-0.01133728,9.840118
272703094173199,-0.035812378,-0.025619507,9.832977
272703104152447,0.0236969,-0.049423218,9.816315
272703114131695,-0.01914978,-0.05180359,9.780609
272703124110943,0.0046539307,-0.030380249,9.802032
272703134120708,-0.028671265,-0.020858765,9.8472595
272703144099956,-0.0048675537,-0.042282104,9.859161
272703154079204,-0.01914978,-0.027999878,9.844879
272703164058452,-0.033432007,-0.05656433,9.823456
272703174068218,-0.04057312,-0.030380249,9.844879
272703184047466,0.033218384,-0.027999878,9.816315
272703194026714,0.0070343018,-0.047042847,9.799652
272703204005962,-0.035812378,-0.05656433,9.771088
272703214015728,-0.0048675537,-0.03276062,9.797272
272703223994976,-0.021530151,-0.07322693,9.792511
272703233974224,-0.01914978,-0.044662476,9.811554
272703243953472,-0.03819275,-0.044662476,9.773468
272703253932720,-0.0048675537,-0.03276062,9.804413
272703263942486,-0.04057312,-0.044662476,9.773468
272703273921734,-0.014389038,-0.042282104,9.887726
272703269160992,-0.014984131,-0.039657593,9.815964
272703283900982,-0.033432007,0.017227173,9.856781
272703293880230,0.0022735596,-0.037521362,9.799652
272703303889995,-0.04295349,-0.07084656,9.875824
272703313869243,-0.035812378,-0.08036804,9.902008
272703323848492,-0.01914978,-0.049423218,9.799652
272703333827740,-0.01914978,-0.044662476,9.806793
272703343837505,-0.035812378,-0.07084656,9.78775
272703353816753,-0.035812378,-0.039901733,9.768707
272703363796001,0.030838013,-0.063705444,9.878204
272703373775249,-0.007247925,-0.039901733,9.818695
272703383754497,-0.0024871826,-0.085128784,9.844879
272703393794781,-0.007247925,-0.03514099,9.840118
272703403743511,-0.01676941,-0.025619507,9.771088
272703413722759,-0.009628296,-0.023239136,9.8472595
272703423702007,-0.04057312,-0.03276062,9.811554
272703433711773,-0.057235718,-0.0018157959,9.825836
272703443691021,-0.009628296,-0.05656433,9.756805
272703453670269,-0.028671265,-0.05656433,9.78537
272703463710552,-0.0024871826,-0.013717651,9.823456
272703473628765,-0.033432007,-0.05180359,9.8472595
272703468868023,-0.020217896,-0.043121338,9.822388
272703483638531,-0.012008667,-0.027999878,9.835358
272703493617779,0.016555786,-0.01133728,9.878204
272703503688579,-0.035812378,5.645752E-4,9.794891
272703513606792,-0.0024871826,-0.027999878,9.828217
272703523586040,-0.012008667,0.0077056885,9.763947
272703533565288,-0.021530151,-0.006576538,9.828217
272703543544536,-0.047714233,-0.018478394,9.790131
272703553554302,-0.026290894,0.012466431,9.813934
272703563533550,-0.01676941,-0.058944702,9.804413
272703573512798,-0.007247925,-0.023239136,9.792511
272703583522564,0.0022735596,-0.042282104,9.837738
272703593471294,-0.031051636,-0.008956909,9.837738
272703603511577,-0.033432007,-0.025619507,9.8663025
272703613490825,-0.028671265,-0.037521362,9.825836
272703623470074,0.0022735596,-0.006576538,9.835358
272703633449322,-0.028671265,-0.01133728,9.832977
272703643428570,-0.01914978,-0.058944702,9.830597
272703653438335,-0.035812378,5.645752E-4,9.840118
272703663417583,-0.045333862,5.645752E-4,9.794891
272703673396831,-0.028671265,-0.063705444,9.809174
272703668636089,-0.020584106,-0.020385742,9.8220215
272703683376079,-0.050094604,-0.047042847,9.7829895
272703693385845,-0.031051636,-0.025619507,9.828217
272703703365093,-0.01914978,0.014846802,9.823456
272703713344341,-0.009628296,-0.05656433,9.844879
272703723323589,-0.028671265,-0.025619507,9.816315
272703733302837,-0.0048675537,-0.05656433,9.802032
272703743312603,-0.07627869,-0.085128784,9.818695
272703753291851,-0.052474976,-0.037521362,9.813934
272703763271099,-0.014389038,-0.037521362,9.844879
272703773250347,-0.054855347,-0.042282104,9.761566
272703783260113,0.0046539307,-0.039901733,9.809174
272703793239361,-0.03819275,-0.025619507,9.816315
272703803218609,-0.05961609,-0.03276062,9.759186
272703813197857,-0.033432007,-0.047042847,9.804413
272703823177105,-0.023910522,-0.061325073,9.816315
272703833186870,-0.03819275,-0.006576538,9.7829895
272703843166118,0.009414673,-0.047042847,9.816315
272703853145367,-0.0048675537,-0.037521362,9.818695
272703863124615,-0.023910522,0.012466431,9.830597
272703873134380,-0.014389038,-0.061325073,9.842499
272703868373638,-0.028198242,-0.03727722,9.811676
272703883113628,-0.01914978,-0.023239136,9.830597
272703893092876,0.0046539307,-0.037521362,9.773468
272703903072124,-0.03819275,-0.020858765,9.759186
272703913051372,0.016555786,-0.027999878,9.797272
272703923061138,0.014175415,-0.047042847,9.809174
272703933009868,0.014175415,-0.03514099,9.871063
272703943019634,-0.012008667,-0.013717651,9.84964
272703952998882,0.0022735596,-0.05180359,9.806793
272703963008648,-0.012008667,0.0029449463,9.825836
272703972987896,-0.014389038,-0.05180359,9.7829895
272703982967144,-1.0681152E-4,-0.004196167,9.778229
272703992976909,-0.0024871826,-0.039901733,9.844879
272704002956158,0.0070343018,-0.05180359,9.823456
272704012935406,-0.028671265,-0.039901733,9.778229
272704022914654,-0.012008667,-0.037521362,9.825836
272704032893902,-0.033432007,0.0077056885,9.7829895
272704042903667,-0.021530151,-0.027999878,9.78775
272704052882915,-0.04295349,-0.03514099,9.78775
272704062862163,-0.007247925,-0.044662476,9.813934
272704072871929,-0.031051636,-0.058944702,9.821075
272704068111187,-0.010818481,-0.031921387,9.80751
272704082851177,-0.023910522,-0.030380249,9.792511
272704092830425,-0.0024871826,-0.025619507,9.840118
272704102809673,-0.05961609,-0.01133728,9.766327
272704112880474,-1.0681152E-4,-0.008956909,9.832977
272704122798687,-0.04057312,-0.027999878,9.835358
272704132777935,0.0022735596,5.645752E-4,9.802032
272704142787700,0.0046539307,-0.049423218,9.802032
272704152766949,0.021316528,5.645752E-4,9.804413
272704162746197,0.0022735596,-0.023239136,9.84964
272704172755962,-0.0024871826,-0.05180359,9.790131
272704182735210,0.011795044,-0.05418396,9.832977
272704192714458,-0.04295349,-0.03514099,9.78537
272704202693706,-0.045333862,-0.03514099,9.854401
272704212703472,-0.012008667,0.01008606,9.832977
272704222682720,0.037979126,-0.020858765,9.794891
272704232661968,-0.009628296,-0.008956909,9.844879
272704242641216,-0.01914978,-0.049423218,9.830597
272704252620464,-0.007247925,-0.025619507,9.823456
272704262630230,-0.054855347,-0.006576538,9.809174
272704272609478,-0.021530151,-0.025619507,9.794891
272704267848736,-0.013076782,-0.023956299,9.815964
272704282588726,-0.012008667,-0.027999878,9.78775
272704292567974,-0.021530151,-0.06846619,9.775848
272704302577740,-0.021530151,-0.061325073,9.828217
272704312556988,-0.08580017,-0.01133728,9.611603
272704322536236,-0.10246277,-0.039901733,9.523529
272704332820659,-0.021530151,-0.025619507,9.823456
272704342769390,-0.026290894,-0.049423218,9.809174
272704352565533,-0.007247925,-0.006576538,9.790131
272704362483745,-0.031051636,-0.05180359,9.806793
272704372462993,-0.007247925,-0.058944702,9.828217
272704382472759,-0.01676941,-0.05180359,9.802032
272704392452007,-0.026290894,-0.018478394,9.78537
272704402461773,-0.01914978,-0.039901733,9.825836
272704412410503,-0.0048675537,-0.03514099,9.84964
272704422389751,-0.023910522,0.0029449463,9.813934
272704432399517,-0.01676941,-0.042282104,9.821075
