327854028895248,-0.80467224,-0.31126404,9.799652
327854036707748,-0.83561707,-0.33268738,9.742523
327854052332748,-0.7832489,-0.3136444,9.756805
327854060145248,-0.8237152,-0.2803192,9.725861
327854069025863,-0.7975311,-0.29460144,9.680634
327854093531478,-0.80229187,-0.34934998,9.759186
327854103510726,-0.7975311,-0.33506775,9.694916
327854118525374,-0.81895447,-0.2969818,9.775848
327854130457748,-0.81895447,-0.3136444,9.768707
327854138270248,-0.7927704,-0.30888367,9.78775
327854148524154,-0.7856293,-0.31602478,9.7829895
327854158717025,-0.79039,-0.29460144,9.8472595
327854169031966,-0.82133484,-0.3231659,9.825836
327854179041732,-0.76182556,-0.33268738,9.771088
327854189020980,-0.8141937,-0.3469696,9.821075
327854199030746,-0.8141937,-0.32078552,9.823456
327854209040511,-0.809433,-0.35173035,9.844879
327854219019759,-0.7761078,-0.3874359,9.749664
327854229029525,-0.80467224,-0.3469696,9.780609
327854239039290,-0.8237152,-0.30888367,9.816315
327854249079574,-0.8141937,-0.31126404,9.797272
327854259089339,-0.81181335,-0.29222107,9.747284
327854269068587,-0.77848816,-0.3231659,9.794891
327854279078353,-0.77134705,-0.32078552,9.790131
327854289088119,-0.809433,-0.34934998,9.842499
327854299097884,-0.7856293,-0.3398285,9.84964
327854309077132,-0.8141937,-0.31602478,9.8472595
327854319086898,-0.80467224,-0.3398285,9.837738
327854314326156,-0.80015564,-0.32720947,9.80632
327854329096664,-0.7594452,-0.330307,9.8663025
327854339075912,-0.81895447,-0.36839294,9.768707
327854348658431,-0.79515076,-0.32792664,9.799652
327854368555892,-0.78086853,-0.29936218,9.832977
327854374110091,-0.7665863,-0.35411072,9.844879
327854384028304,-0.82847595,-0.32554626,9.78775
327854394007552,-0.7761078,-0.32792664,9.749664
327854404017318,-0.7761078,-0.3398285,9.754425
327854414027083,-0.7665863,-0.3065033,9.7829895
327854424036849,-0.79039,-0.33268738,9.768707
327854434016097,-0.82133484,-0.35411072,9.813934
327854444025863,-0.8237152,-0.3136444,9.768707
327854454005111,-0.7856293,-0.32554626,9.818695
327854464136947,-0.8332367,-0.31126404,9.756805
327854474024642,-0.79515076,-0.34458923,9.840118
327854484003890,-0.78086853,-0.3136444,9.799652
327854494013656,-0.82847595,-0.29936218,9.759186
327854504023421,-0.82847595,-0.35411072,9.84964
327854514033187,-0.81895447,-0.29222107,9.7829895
327854524012435,-0.8332367,-0.33506775,9.78537
327854519251693,-0.8003845,-0.32780457,9.796555
327854534022201,-0.8070526,-0.33268738,9.792511
327854544001449,-0.77848816,-0.31840515,9.818695
327854554011214,-0.80229187,-0.30412292,9.759186
327854564051498,-0.7832489,-0.33268738,9.835358
327854574000228,-0.81181335,-0.30412292,9.840118
327854584009994,-0.7737274,-0.33506775,9.802032
327854594019759,-0.8260956,-0.28746033,9.809174
327854603999007,-0.7856293,-0.30412292,9.799652
327854614008773,-0.80229187,-0.33268738,9.797272
327854624018539,-0.8165741,-0.27555847,9.821075
327854633997787,-0.7856293,-0.31602478,9.78537
327854644007552,-0.81895447,-0.29222107,9.861542
327854654017318,-0.8260956,-0.30174255,9.766327
327854664027083,-0.7761078,-0.330307,9.816315
327854674006331,-0.8070526,-0.3231659,9.771088
327854684016097,-0.7856293,-0.34220886,9.823456
327854693995345,-0.8260956,-0.34934998,9.790131
327854704005111,-0.7689667,-0.32554626,9.797272
327854714014876,-0.78800964,-0.29222107,9.766327
327854723994124,-0.8141937,-0.32792664,9.818695
327854719233382,-0.79919434,-0.31637573,9.803574
327854734003890,-0.80467224,-0.3564911,9.792511
327854744013656,-0.8308563,-0.32078552,9.72348
327854754053939,-0.75468445,-0.33744812,9.859161
327854764002669,-0.79515076,-0.3136444,9.697296
327854774012435,-0.7975311,-0.34220886,9.818695
327854783991683,-0.7737274,-0.32078552,9.773468
327854794001449,-0.8237152,-0.32078552,9.794891
327854803980697,-0.7832489,-0.34934998,9.773468
327854813990462,-0.79039,-0.33268738,9.835358
327854824000228,-0.7927704,-0.30888367,9.832977
327854834009994,-0.7761078,-0.33744812,9.804413
327854843989242,-0.79039,-0.3469696,9.771088
327854853999007,-0.8141937,-0.34458923,9.725861
327854863978255,-0.7999115,-0.32554626,9.768707
327854873988021,-0.809433,-0.3231659,9.823456
327854883997787,-0.8308563,-0.31840515,9.766327
327854893977035,-0.78086853,-0.33744812,9.794891
327854903986800,-0.8308563,-0.29936218,9.778229
327854913996566,-0.79039,-0.29460144,9.749664
327854923975814,-0.77134705,-0.36839294,9.809174
327854919215072,-0.7970581,-0.32995605,9.784653
327854933985580,-0.77134705,-0.32554626,9.802032
327854943995345,-0.7999115,-0.32554626,9.752045
327854953974593,-0.7761078,-0.34458923,9.811554
327854964014876,-0.80467224,-0.30174255,9.790131
327854973994124,-0.7856293,-0.3065033,9.794891
327854983973373,-0.80467224,-0.32792664,9.790131
327854993983138,-0.8260956,-0.3564911,9.813934
327855003992904,-0.79515076,-0.33744812,9.694916
327855013972152,-0.78086853,-0.3398285,9.797272
327855023981917,-0.81181335,-0.3469696,9.794891
327855033991683,-0.7927704,-0.32554626,9.768707
327855043970931,-0.79039,-0.33744812,9.806793
327855053980697,-0.7737274,-0.34934998,9.759186
327855063990462,-0.80467224,-0.32792664,9.766327
327855073969710,-0.7689667,-0.2898407,9.7211
327855083979476,-0.78086853,-0.31126404,9.813934
327855093989242,-0.78086853,-0.32554626,9.778229
327855103968490,-0.7927704,-0.3136444,9.861542
327855113978255,-0.8141937,-0.3136444,9.790131
327855123988021,-0.7856293,-0.32792664,9.78775
327855119227279,-0.7920532,-0.32673645,9.784775
327855133997787,-0.78800964,-0.32554626,9.78537
327855143977035,-0.77134705,-0.33506775,9.859161
327855153986800,-0.8260956,-0.330307,9.778229
327855163996566,-0.7761078,-0.31602478,9.768707
327855173975814,-0.7975311,-0.3136444,9.730621
327855183985580,-0.78800964,-0.32554626,9.78537
327855193995345,-0.82133484,-0.34458923,9.735382
327855203974593,-0.80229187,-0.29460144,9.790131
327855213984359,-0.7737274,-0.3231659,9.797272
327855224055160,-0.809433,-0.34934998,9.742523
327855234034408,-0.81895447,-0.30888367,9.7829895
327855244044173,-0.79515076,-0.31840515,9.768707
327855254053939,-0.79039,-0.32792664,9.7829895
327855264033187,-0.8141937,-0.3136444,9.837738
327855274042953,-0.79039,-0.33744812,9.730621
327855284052718,-0.84513855,-0.32792664,9.840118
327855294031966,-0.7761078,-0.33506775,9.84964
327855304011214,-0.79515076,-0.3636322,9.780609
327855313990462,-0.8141937,-0.34458923,9.802032
327855324000228,-0.8237152,-0.33744812,9.875824
327855319239486,-0.80085754,-0.3286438,9.791199
327855334009994,-0.8141937,-0.31840515,9.763947
327855343989242,-0.7927704,-0.33268738,9.813934
327855353999007,-0.7665863,-0.33744812,9.797272
327855364069808,-0.7999115,-0.33506775,9.7829895
327855373988021,-0.7927704,-0.33268738,9.830597
327855383997787,-0.78800964,-0.33268738,9.771088
327855394007552,-0.78800964,-0.30174255,9.766327
327855403986800,-0.8594208,-0.29460144,9.840118
327855413996566,-0.8141937,-0.3231659,9.804413
327855424006331,-0.8165741,-0.33506775,9.749664
327855433985580,-0.7665863,-0.30412292,9.868683
327855443995345,-0.77134705,-0.3564911,9.775848
327855454005111,-0.81895447,-0.3469696,9.802032
327855463984359,-0.7499237,-0.29460144,9.809174
327855473994124,-0.80229187,-0.31602478,9.790131
327855484003890,-0.76182556,-0.34220886,9.740143
327855493983138,-0.79039,-0.3636322,9.806793
327855503992904,-0.7737274,-0.32554626,9.766327
327855514002669,-0.8070526,-0.33506775,9.775848
327855524012435,-0.7761078,-0.34220886,9.78775
327855519251693,-0.79252625,-0.32852173,9.79216
327855533991683,-0.78086853,-0.34934998,9.747284
327855544001449,-0.8260956,-0.29222107,9.816315
327855554011214,-0.78800964,-0.35887146,9.744904
327855564020980,-0.7975311,-0.31840515,9.832977
327855574030746,-0.80229187,-0.30412292,9.747284
327855584009994,-0.7665863,-0.330307,9.813934
327855593989242,-0.8498993,-0.330307,9.766327
327855604029525,-0.7975311,-0.3136444,9.773468
327855614008773,-0.79039,-0.32554626,9.768707
327855623988021,-0.80467224,-0.33268738,9.7829895
327855633997787,-0.82133484,-0.32078552,9.828217
327855644007552,-0.77848816,-0.31840515,9.763947
327855653986800,-0.8308563,-0.32792664,9.778229
327855663996566,-0.809433,-0.34934998,9.802032
327855674006331,-0.81181335,-0.33506775,9.797272
327855684016097,-0.78800964,-0.35887146,9.756805
327855693995345,-0.8165741,-0.30888367,9.756805
327855704005111,-0.80229187,-0.30888367,9.780609
327855713984359,-0.8260956,-0.33744812,9.78775
327855723994124,-0.7832489,-0.29936218,9.7829895
327855719233382,-0.8036041,-0.3260193,9.781448
327855734003890,-0.79039,-0.32792664,9.749664
327855743983138,-0.8308563,-0.31602478,9.863922
327855753992904,-0.78800964,-0.330307,9.771088
327855764002669,-0.8070526,-0.3231659,9.761566
327855773991565,-0.8427582,-0.3136444,9.78537
327855784001331,-0.7999115,-0.28746033,9.744904
327855794011097,-0.79039,-0.34934998,9.832977
327855803990345,-0.80467224,-0.31602478,9.816315
327855814000110,-0.7999115,-0.35411072,9.763947
327855824009876,-0.78800964,-0.29460144,9.802032
327855833989124,-0.7927704,-0.32792664,9.799652
327855843998890,-0.809433,-0.29936218,9.775848
327855854008655,-0.8141937,-0.32554626,9.828217
327855863987903,-0.7975311,-0.3231659,9.828217
327855873997669,-0.809433,-0.31126404,9.854401
327855884007435,-0.78800964,-0.30174255,9.821075
327855894017200,-0.8141937,-0.34458923,9.7829895
327855904026966,-0.7761078,-0.33744812,9.842499
327855914006214,-0.78086853,-0.32078552,9.725861
327855924015979,-0.809433,-0.3802948,9.754425
327855919255237,-0.8016968,-0.324234,9.795242
327855934025745,-0.8141937,-0.32554626,9.804413
327855944004993,-0.78086853,-0.330307,9.811554
327855954014759,-0.83561707,-0.33268738,9.775848
327855964024524,-0.7737274,-0.3636322,9.830597
327855974095325,-0.80467224,-0.30888367,9.7829895
327855984013538,-0.80229187,-0.33268738,9.78775
327855994023304,-0.79515076,-0.32078552,9.790131
327856004002552,-0.82133484,-0.33744812,9.744904
327856014012317,-0.8141937,-0.32792664,9.792511
327856024022083,-0.7927704,-0.38267517,9.78537
327856034001331,-0.7975311,-0.32792664,9.78775
327856044011097,-0.7927704,-0.31602478,9.890106
327856054020862,-0.77134705,-0.35887146,9.747284
327856064000110,-0.7856293,-0.32554626,9.818695
327856074009876,-0.7832489,-0.33268738,9.771088
327856084019642,-0.8237152,-0.34220886,9.78775
327856093998890,-0.80467224,-0.30412292,9.809174
327856104008655,-0.7737274,-0.34220886,9.7829895
327856114018421,-0.81895447,-0.35173035,9.861542
327856123997669,-0.77848816,-0.29936218,9.768707
327856119236927,-0.7982483,-0.3331604,9.796555
327856134007435,-0.8237152,-0.29936218,9.759186
327856144017200,-0.79515076,-0.34220886,9.766327
327856153996448,-0.7665863,-0.31126404,9.811554
327856164006214,-0.7927704,-0.29460144,9.694916
327856174015979,-0.76420593,-0.34934998,9.842499
327856183995228,-0.77848816,-0.32792664,9.759186
327856194004993,-0.81181335,-0.3469696,9.7187195
327856204075794,-0.7856293,-0.32792664,9.761566
327856213994007,-0.83561707,-0.33506775,9.813934
327856224034290,-0.7856293,-0.35411072,9.816315
327856234044056,-0.79039,-0.3136444,9.821075
327856244053821,-0.75468445,-0.31602478,9.806793
327856254033069,-0.8141937,-0.34458923,9.804413
327856264042835,-0.8141937,-0.3231659,9.733002
327856274052601,-0.7975311,-0.2969818,9.756805
327856284031849,-0.79039,-0.34458923,9.806793
327856294011097,-0.79515076,-0.35887146,9.763947
327856303990345,-0.82133484,-0.32792664,9.806793
327856314000110,-0.78086853,-0.3231659,9.809174
327856324009876,-0.77134705,-0.3065033,9.7829895
327856319249134,-0.79348755,-0.32720947,9.781799
327856333989124,-0.79039,-0.30412292,9.806793
327856343998890,-0.79039,-0.30412292,9.804413
327856354008655,-0.80467224,-0.31840515,9.790131
327856364018421,-0.7975311,-0.34934998,9.778229
327856373997669,-0.7761078,-0.330307,9.725861
327856384007435,-0.7927704,-0.35887146,9.802032
327856393986683,-0.7999115,-0.32554626,9.806793
327856403996448,-0.82133484,-0.33268738,9.816315
327856414006214,-0.82133484,-0.34934998,9.730621
327856423985462,-0.8165741,-0.330307,9.737762
327856433995228,-0.83799744,-0.3136444,9.768707
327856444004993,-0.78800964,-0.35887146,9.7829895
327856453984241,-0.7927704,-0.34220886,9.878204
327856463994007,-0.8570404,-0.30888367,9.766327
327856474003772,-0.7832489,-0.28269958,9.813934
327856483983021,-0.80229187,-0.330307,9.763947
327856493992786,-0.8070526,-0.32554626,9.771088
327856503972034,-0.79515076,-0.2969818,9.794891
327856513981800,-0.81895447,-0.31126404,9.794891
327856523991565,-0.8141937,-0.32554626,9.749664
327856519230823,-0.8053894,-0.32495117,9.78418
327856534001331,-0.7975311,-0.31602478,9.742523
327856543980579,-0.80229187,-0.32792664,9.813934
327856553990345,-0.7927704,-0.35411072,9.780609
327856564000110,-0.80229187,-0.33744812,9.797272
327856574009876,-0.81895447,-0.3231659,9.740143
327856584050159,-0.80467224,-0.34220886,9.768707
327856593998890,-0.7404022,-0.32078552,9.823456
327856603978138,-0.7927704,-0.33506775,9.78775
327856613987903,-0.78086853,-0.3065033,9.78775
327856623967151,-0.77134705,-0.32554626,9.880585
327856633976917,-0.80229187,-0.31126404,9.773468
327856643956165,-0.79515076,-0.32792664,9.773468
327856653965931,-0.809433,-0.31840515,9.794891
327856663975696,-0.78800964,-0.31840515,9.780609
327856673954944,-0.7856293,-0.3231659,9.778229
327856683964710,-0.7975311,-0.3065033,9.763947
327856693974476,-0.7856293,-0.2898407,9.861542
327856703953724,-0.7999115,-0.36125183,9.830597
327856713963489,-0.81895447,-0.35173035,9.794891
327856723942737,-0.7856293,-0.3398285,9.825836
327856719181995,-0.7936096,-0.32685852,9.795013
327856733952503,-0.80229187,-0.31602478,9.844879
327856743962269,-0.809433,-0.32554626,9.775848
327856753941517,-0.7832489,-0.34220886,9.752045
327856763951282,-0.7975311,-0.30174255,9.759186
327856773961048,-0.78800964,-0.31840515,9.825836
327856783940296,-0.7832489,-0.31602478,9.797272
327856793950062,-0.7999115,-0.31126404,9.766327
327856803959827,-0.82133484,-0.32792664,9.809174
327856813939075,-0.8332367,-0.33506775,9.752045
327856823948841,-0.7927704,-0.31126404,9.792511
327856833958606,-0.8165741,-0.35173035,9.78775
327856843937854,-0.8141937,-0.30412292,9.749664
327856853917103,-0.7737274,-0.32078552,9.825836
327856863926868,-0.8165741,-0.29460144,9.825836
327856873936634,-0.7856293,-0.34934998,9.832977
327856883915882,-0.7999115,-0.35411072,9.792511
327856893956165,-0.7999115,-0.31602478,9.804413
327856903935413,-0.7999115,-0.38981628,9.78775
327856913945179,-0.8070526,-0.32078552,9.794891
327856923924427,-0.7856293,-0.32078552,9.821075
327856919163685,-0.8005066,-0.3263855,9.794891
327856933934192,-0.77848816,-0.3065033,9.790131
327856943913440,-0.7975311,-0.30174255,9.761566
327856953923206,-0.7856293,-0.2898407,9.773468
327856963932972,-0.78086853,-0.33744812,9.797272
327856973912220,-0.8260956,-0.35173035,9.830597
327856983952503,-0.7927704,-0.2969818,9.737762
327856993931751,-0.7499237,-0.33268738,9.811554
327857003910999,-0.7523041,-0.3231659,9.797272
327857013920765,-0.8308563,-0.3564911,9.809174
327857023930530,-0.7999115,-0.34220886,9.818695
327857033909778,-0.81895447,-0.31602478,9.818695
327857043919544,-0.7523041,-0.32554626,9.766327
327857053929310,-0.78800964,-0.32554626,9.792511
327857063908558,-0.82133484,-0.32792664,9.794891
327857073918323,-0.78800964,-0.29222107,9.840118
327857083897571,-0.80229187,-0.32792664,9.790131
327857093907337,-0.77848816,-0.33506775,9.771088
327857103917103,-0.8260956,-0.31602478,9.809174
327857113896351,-0.8141937,-0.33268738,9.759186
327857123906116,-0.7832489,-0.3231659,9.771088
327857119145374,-0.7933655,-0.32304382,9.792038
327857133915882,-0.77848816,-0.32078552,9.804413
327857143895130,-0.8475189,-0.33268738,9.830597
327857153904896,-0.8141937,-0.3564911,9.794891
327857163914661,-0.78086853,-0.32554626,9.797272
327857173893909,-0.80229187,-0.33506775,9.802032
327857183873157,-0.8141937,-0.33506775,9.828217
327857193974476,-0.80467224,-0.3065033,9.854401
327857203892688,-0.7832489,-0.2898407,9.768707
327857213871937,-0.78800964,-0.2969818,9.773468
327857223881702,-0.79039,-0.35173035,9.771088
327857233891468,-0.79515076,-0.30174255,9.809174
327857243870716,-0.80229187,-0.3136444,9.818695
327857253880481,-0.7737274,-0.35887146,9.790131
327857263859729,-0.80467224,-0.34458923,9.756805
327857273869495,-0.7832489,-0.2898407,9.775848
327857283879261,-0.7737274,-0.31840515,9.754425
327857293889026,-0.8141937,-0.32078552,9.778229
327857303868274,-0.81895447,-0.33744812,9.768707
327857313878040,-0.81181335,-0.30412292,9.747284
327857323857288,-0.7594452,-0.32078552,9.737762
327857319096546,-0.7970581,-0.32304382,9.788101
327857333867054,-0.8427582,-0.3136444,9.835358
327857343876819,-0.80229187,-0.330307,9.804413
327857353856067,-0.8165741,-0.32554626,9.799652
327857363865833,-0.809433,-0.32792664,9.747284
327857373875599,-0.809433,-0.32078552,9.828217
327857384282093,-0.82133484,-0.32078552,9.797272
327857394047718,-0.8237152,-0.31602478,9.778229
327857403874378,-0.8475189,-0.31602478,9.790131
327857413853626,-0.8165741,-0.3065033,9.797272
327857423863392,-0.80229187,-0.3136444,9.78537
327857433873157,-0.8070526,-0.30412292,9.780609
327857443852405,-0.80229187,-0.30412292,9.823456
327857453862171,-0.8427582,-0.2969818,9.702057
327857463841419,-0.78086853,-0.29222107,9.797272
327857473851185,-0.8141937,-0.3065033,9.816315
327857483830433,-0.7832489,-0.3231659,9.740143
327857493840198,-0.8070526,-0.330307,9.780609
327857503849964,-0.7832489,-0.31602478,9.744904
327857513829212,-0.83561707,-0.36839294,9.768707
327857523838978,-0.80229187,-0.31602478,9.775848
327857519078235,-0.8125305,-0.3174591,9.784653
327857533848743,-0.8237152,-0.3398285,9.713959
327857543827991,-0.8260956,-0.3231659,9.84964
327857553837757,-0.81181335,-0.29460144,9.809174
327857563847522,-0.7927704,-0.34220886,9.840118
327857573826771,-0.78800964,-0.34458923,9.773468
327857583867054,-0.76420593,-0.31602478,9.766327
327857593846302,-0.84513855,-0.3231659,9.771088
327857603825550,-0.7856293,-0.31126404,9.842499
327857613835315,-0.7975311,-0.330307,9.825836
327857623875599,-0.7856293,-0.330307,9.763947
327857633824329,-0.8237152,-0.32554626,9.830597
327857643834095,-0.7999115,-0.3398285,9.802032
327857653843860,-0.80467224,-0.3231659,9.811554
327857663823108,-0.7975311,-0.33268738,9.771088
327857673832874,-0.8141937,-0.330307,9.830597
327857683842640,-0.7999115,-0.32792664,9.799652
327857693821888,-0.8070526,-0.29222107,9.806793
327857703831653,-0.78086853,-0.3398285,9.806793
327857713841419,-0.8237152,-0.30174255,9.747284
327857723820667,-0.7761078,-0.30888367,9.8472595
327857719059925,-0.80241394,-0.32388306,9.800491
327857733830433,-0.809433,-0.30888367,9.821075
327857743840198,-0.82847595,-0.3231659,9.816315
327857753819446,-0.809433,-0.30888367,9.797272
327857764073353,-0.7999115,-0.34458923,9.821075
327857773900013,-0.7856293,-0.31126404,9.837738
327857783879261,-0.7975311,-0.30888367,9.737762
327857793919544,-0.80229187,-0.33744812,9.813934
327857803959827,-0.83799744,-0.33744812,9.752045
327857813878040,-0.8070526,-0.34458923,9.813934
327857823887806,-0.79039,-0.31126404,9.804413
327857833897571,-0.77134705,-0.34220886,9.792511
327857843876819,-0.79515076,-0.33268738,9.792511
327857853886585,-0.8475189,-0.3398285,9.790131
327857863896351,-0.8141937,-0.3469696,9.754425
327857873875599,-0.7975311,-0.30888367,9.790131
327857883885364,-0.7832489,-0.28746033,9.804413
327857893895130,-0.76182556,-0.34934998,9.744904
327857903874378,-0.7737274,-0.33506775,9.756805
327857913884144,-0.809433,-0.29936218,9.740143
327857923893909,-0.7832489,-0.29936218,9.78537
327857919133167,-0.80026245,-0.32388306,9.788345
327857933873157,-0.7761078,-0.30174255,9.816315
327857943882923,-0.77848816,-0.36125183,9.790131
327857953892688,-0.8141937,-0.34458923,9.775848
327857963902454,-0.7737274,-0.2969818,9.799652
327857973851185,-0.82133484,-0.29460144,9.759186
327857983860950,-0.7737274,-0.33744812,9.790131
327857993809681,-0.79039,-0.31602478,9.813934
327858003910999,-0.79515076,-0.30888367,9.78537
327858013829212,-0.7975311,-0.3136444,9.728241
327858023838978,-0.78800964,-0.3136444,9.823456
327858033818226,-0.7570648,-0.33506775,9.828217
327858043827991,-0.7689667,-0.32554626,9.78537
327858053807239,-0.7856293,-0.31126404,9.799652
327858063817005,-0.7832489,-0.32792664,9.766327
327858073826771,-0.77134705,-0.34458923,9.78537
327858083806019,-0.81895447,-0.35173035,9.7829895
327858093815784,-0.81181335,-0.3065033,9.811554
327858103825550,-0.8594208,-0.33506775,9.832977
327858113804798,-0.78086853,-0.34220886,9.828217
327858123814563,-0.81895447,-0.35887146,9.823456
327858119053821,-0.7932434,-0.3263855,9.796326
327858133824329,-0.80467224,-0.3398285,9.821075
327858143803577,-0.78800964,-0.31126404,9.7829895
327858153813343,-0.7999115,-0.33744812,9.811554
327858163823108,-0.8237152,-0.3564911,9.794891
327858173802356,-0.78800964,-0.30174255,9.797272
327858183812122,-0.8237152,-0.3136444,9.828217
327858193791370,-0.80467224,-0.3231659,9.818695
327858203801136,-0.78800964,-0.32078552,9.821075
327858213810901,-0.7594452,-0.34220886,9.799652
327858223851185,-0.7975311,-0.28746033,9.844879
327858233830433,-0.80229187,-0.28269958,9.794891
327858243840198,-0.79039,-0.32554626,9.763947
327858253819446,-0.8308563,-0.34934998,9.825836
327858263829212,-0.80229187,-0.31126404,9.771088
327858273838978,-0.7927704,-0.330307,9.780609
327858283818226,-0.82133484,-0.3398285,9.768707
327858293766956,-0.78800964,-0.3065033,9.799652
327858303776722,-0.7737274,-0.330307,9.830597
327858313755970,-0.7999115,-0.31840515,9.768707
327858323765735,-0.7927704,-0.3231659,9.804413
327858319004993,-0.79859924,-0.3225708,9.801437
327858333775501,-0.8165741,-0.33268738,9.797272
327858343754749,-0.7927704,-0.33268738,9.813934
327858353764515,-0.809433,-0.33268738,9.754425
327858363377552,-0.8070526,-0.34458923,9.7829895
327858373234729,-0.82133484,-0.34458923,9.840118
327858383763294,-0.7975311,-0.34934998,9.792511
327858393773060,-0.809433,-0.31126404,9.775848
327858403752308,-0.8260956,-0.3136444,9.802032
327858413792591,-0.77134705,-0.34458923,9.840118
327858423741321,-0.7975311,-0.3065033,9.821075
327858433720569,-0.80229187,-0.33744812,9.768707
327858443730335,-0.81181335,-0.29936218,9.806793
327858453740101,-0.8070526,-0.31840515,9.78537
327858463719349,-0.78086853,-0.330307,9.790131
327858473698597,-0.8070526,-0.3469696,9.816315
327858483708362,-0.78800964,-0.3065033,9.844879
327858493718128,-0.809433,-0.33506775,9.799652
327858503697376,-0.78800964,-0.33506775,9.859161
327858513707142,-0.77848816,-0.34934998,9.878204
327858523686390,-0.8260956,-0.30174255,9.747284
327858518925647,-0.80241394,-0.3286438,9.805847
327858533696155,-0.7999115,-0.3136444,9.775848
327858543705921,-0.7975311,-0.33268738,9.804413
327858553685169,-0.7927704,-0.3398285,9.797272
327858563694935,-0.78800964,-0.32078552,9.8663025
327858573674183,-0.74754333,-0.330307,9.821075
327858583683948,-0.76420593,-0.29460144,9.771088
327858593693714,-0.8332367,-0.28746033,9.832977
327858603672962,-0.81895447,-0.33744812,9.809174
327858613652210,-0.7975311,-0.3136444,9.842499
327858623661976,-0.8260956,-0.32792664,9.761566
327858633671741,-0.8308563,-0.31840515,9.835358
327858643650989,-0.79039,-0.32078552,9.856781
327858653660755,-0.77134705,-0.31126404,9.802032
327858663640003,-0.8165741,-0.3136444,9.790131
327858673649769,-0.809433,-0.28269958,9.768707
327858683629017,-0.76420593,-0.28746033,9.811554
327858693638782,-0.8070526,-0.33744812,9.811554
327858703648548,-0.8141937,-0.32078552,9.792511
327858713627796,-0.83799744,-0.31840515,9.813934
327858723637562,-0.76420593,-0.32078552,9.790131
327858718876819,-0.79859924,-0.3164978,9.807739
327858733616810,-0.82847595,-0.32554626,9.802032
327858743626575,-0.8070526,-0.32554626,9.828217
327858753636341,-0.78800964,-0.33506775,9.813934
327858763615589,-0.8070526,-0.32078552,9.7829895
327858773625354,-0.78086853,-0.31602478,9.792511
327858783635120,-0.7832489,-0.30412292,9.78537
327858793614368,-0.7927704,-0.31840515,9.790131
327858803593616,-0.7975311,-0.3564911,9.84964
327858813603382,-0.79515076,-0.31126404,9.802032
327858823613147,-0.8070526,-0.3065033,9.763947
327858833592396,-0.82133484,-0.30412292,9.799652
327858843602161,-0.81181335,-0.33744812,9.792511
327858853581409,-0.7975311,-0.31126404,9.733002
327858863591175,-0.8165741,-0.30174255,9.742523
327858873600940,-0.80229187,-0.31126404,9.821075
327858883580188,-0.8260956,-0.3564911,9.835358
327858893589954,-0.8141937,-0.34458923,9.792511
327858903599720,-0.79039,-0.32078552,9.840118
327858913578968,-0.809433,-0.3469696,9.794891
327858923588733,-0.81181335,-0.32792664,9.842499
327858918827991,-0.8044281,-0.32411194,9.800247
327858933598499,-0.7999115,-0.3136444,9.754425
327858943577747,-0.8070526,-0.35887146,9.821075
327858953587513,-0.79039,-0.32554626,9.84964
327858963597278,-0.7665863,-0.33268738,9.8663025
327858973576526,-0.8070526,-0.36125183,9.799652
327858983555774,-0.80467224,-0.32792664,9.744904
327858993596058,-0.7927704,-0.3398285,9.799652
327859003575306,-0.80467224,-0.31126404,9.797272
327859013585071,-0.78800964,-0.31840515,9.792511
327859023625354,-0.76182556,-0.3231659,9.816315
327859033574085,-0.82847595,-0.29936218,9.821075
327859043553333,-0.75468445,-0.34220886,9.806793
327859053563099,-0.8141937,-0.34458923,9.780609
327859063542347,-0.809433,-0.3136444,9.837738
327859073552112,-0.8308563,-0.32078552,9.799652
327859083561878,-0.78800964,-0.33744812,9.790131
327859093541126,-0.7737274,-0.31602478,9.773468
327859103520374,-0.7927704,-0.36125183,9.806793
327859113530140,-0.8237152,-0.3065033,9.773468
327859123539905,-0.7975311,-0.34220886,9.823456
327859118779163,-0.79681396,-0.32983398,9.80275
327859133519153,-0.7999115,-0.3136444,9.799652
327859143528919,-0.7927704,-0.30412292,9.78775
327859153538685,-0.7927704,-0.34458923,9.818695
327859163517933,-0.80467224,-0.31840515,9.780609
327859173527698,-0.82847595,-0.31126404,9.797272
327859183506946,-0.8070526,-0.2969818,9.85202
327859193516712,-0.8332367,-0.3065033,9.756805
327859203740101,-0.7856293,-0.3398285,9.761566
327859213505726,-0.79039,-0.3231659,9.754425
327859223484974,-0.7999115,-0.29460144,9.778229
327859233555774,-0.74754333,-0.3469696,9.768707
327859243535022,-0.7927704,-0.2803192,9.713959
327859253544788,-0.81181335,-0.37553406,9.78775
327859263524036,-0.7665863,-0.32792664,9.773468
327859273533802,-0.8237152,-0.32792664,9.792511
327859283513050,-0.7999115,-0.31602478,9.773468
327859293522815,-0.82847595,-0.31840515,9.842499
327859303471546,-0.7594452,-0.32078552,9.768707
327859313450794,-0.7856293,-0.36125183,9.7829895
327859323460560,-0.8070526,-0.33744812,9.775848
327859318699817,-0.7978821,-0.32328796,9.78334
327859333439808,-0.77134705,-0.330307,9.780609
327859343449573,-0.7689667,-0.33506775,9.830597
327859353459339,-0.8070526,-0.30174255,9.825836
327859363438587,-0.78800964,-0.31126404,9.806793
327859373417835,-0.7665863,-0.29460144,9.749664
327859383427601,-0.7832489,-0.30412292,9.790131
327859393437366,-0.76182556,-0.32078552,9.794891
327859403416614,-0.7856293,-0.35411072,9.768707
327859413426380,-0.7927704,-0.35887146,9.752045
327859423405628,-0.7761078,-0.35887146,9.875824
327859433415394,-0.8070526,-0.3802948,9.790131
327859443425159,-0.8332367,-0.3136444,9.799652
327859453404407,-0.8070526,-0.27555847,9.756805
327859463414173,-0.809433,-0.30174255,9.799652
327859473393421,-0.83561707,-0.3231659,9.856781
327859483403187,-0.7927704,-0.3136444,9.811554
327859493382435,-0.8260956,-0.32554626,9.84964
327859503392200,-0.7832489,-0.32078552,9.840118
327859513401966,-0.7665863,-0.36601257,9.794891
327859523381214,-0.78800964,-0.31126404,9.754425
327859518620472,-0.79252625,-0.32507324,9.801437
327859533390979,-0.79515076,-0.330307,9.873444
327859543370228,-0.7856293,-0.32078552,9.818695
327859553379993,-0.7927704,-0.31126404,9.775848
327859563389759,-0.80229187,-0.3065033,9.756805
327859573369007,-0.8141937,-0.32554626,9.7829895
327859583348255,-0.77134705,-0.37077332,9.7829895
327859593388538,-0.7689667,-0.31126404,9.828217
327859603367786,-0.80229187,-0.3398285,9.804413
327859613347034,-0.81181335,-0.27079773,9.768707
327859623356800,-0.76182556,-0.330307,9.830597
327859633427601,-0.8141937,-0.32078552,9.794891
327859643345813,-0.7927704,-0.3136444,9.771088
327859653355579,-0.7975311,-0.32792664,9.747284
327859663334827,-0.80229187,-0.27793884,9.794891
327859673314075,-0.78086853,-0.32792664,9.78537
327859683323841,-0.7975311,-0.3398285,9.804413
327859693333606,-0.79515076,-0.33268738,9.806793
327859703312854,-0.8070526,-0.32792664,9.825836
327859713322620,-0.79039,-0.330307,9.804413
327859723332386,-0.79039,-0.3231659,9.818695
327859718571644,-0.79371643,-0.3219757,9.798813
327859733311634,-0.7570648,-0.32554626,9.809174
327859743321399,-0.79515076,-0.30174255,9.756805
327859753300647,-0.80229187,-0.35173035,9.740143
327859763310413,-0.81181335,-0.29222107,9.856781
327859773320179,-0.7856293,-0.33744812,9.809174
327859783299427,-0.81181335,-0.31840515,9.768707
327859793309192,-0.78086853,-0.34458923,9.816315
327859803288440,-0.83561707,-0.33268738,9.766327
327859813298206,-0.8070526,-0.3136444,9.790131
327859823277454,-0.7999115,-0.33506775,9.771088
327859833287220,-0.77848816,-0.30174255,9.821075
327859843296985,-0.8141937,-0.32554626,9.825836
327859853276233,-0.81895447,-0.3231659,9.8472595
327859863285999,-0.809433,-0.30888367,9.797272
327859873295765,-0.8308563,-0.32078552,9.828217
327859883275013,-0.79515076,-0.30888367,9.818695
327859893345813,-0.78800964,-0.30888367,9.771088
327859903264026,-0.83561707,-0.32078552,9.78775
327859913273792,-0.7999115,-0.330307,9.804413
327859923283558,-0.7856293,-0.35173035,9.78775
327859918522815,-0.8021698,-0.32269287,9.798706
327859933293323,-0.8237152,-0.3398285,9.754425
327859943272571,-0.8308563,-0.31602478,9.830597
327859953282337,-0.7689667,-0.33268738,9.756805
327859963292103,-0.77134705,-0.28746033,9.759186
327859973271351,-0.7856293,-0.32554626,9.830597
327859983281116,-0.78800964,-0.33268738,9.756805
327859993260364,-0.7999115,-0.31840515,9.811554
327860003270130,-0.7761078,-0.30174255,9.813934
327860013249378,-0.7832489,-0.32792664,9.768707
327860023259144,-0.79515076,-0.33268738,9.837738
327860033238392,-0.78086853,-0.330307,9.794891
327860043248157,-0.8141937,-0.31126404,9.804413
327860053257923,-0.73802185,-0.3136444,9.799652
327860063237171,-0.79515076,-0.31840515,9.775848
327860073246937,-0.79515076,-0.33268738,9.821075
327860083226185,-0.78800964,-0.34458923,9.742523
327860093235950,-0.80467224,-0.33744812,9.771088
327860103245716,-0.77848816,-0.3136444,9.804413
327860113224964,-0.8308563,-0.30174255,9.790131
327860123234729,-0.79515076,-0.33744812,9.794891
327860118473987,-0.7921753,-0.32281494,9.79097
327860133244495,-0.81181335,-0.35887146,9.816315
327860143223743,-0.80229187,-0.32078552,9.835358
327860153233509,-0.7737274,-0.330307,9.78775
327860163243274,-0.8070526,-0.31126404,9.775848
327860173222522,-0.8308563,-0.32078552,9.837738
327860183232288,-0.80467224,-0.31840515,9.804413
327860193211536,-0.7927704,-0.2969818,9.737762
327860203221302,-0.82847595,-0.33506775,9.794891
327860213200550,-0.77134705,-0.32554626,9.809174
327860223240833,-0.809433,-0.30412292,9.842499
327860233403187,-0.78800964,-0.32078552,9.837738
327860243321399,-0.82847595,-0.31602478,9.761566
327860253239612,-0.77134705,-0.30412292,9.790131
327860263249378,-0.7927704,-0.3231659,9.830597
327860273228626,-0.7927704,-0.28269958,9.8472595
327860283238392,-0.80467224,-0.30174255,9.799652
327860293187122,-0.80229187,-0.28269958,9.84964
327860303196888,-0.7832489,-0.3398285,9.818695
327860313176136,-0.77848816,-0.33744812,9.749664
327860323185901,-0.77848816,-0.31602478,9.832977
327860318425159,-0.7976532,-0.31733704,9.807983
327860333165149,-0.7856293,-0.29222107,9.761566
327860343174915,-0.8070526,-0.3065033,9.78537
327860353154163,-0.7927704,-0.30174255,9.735382
327860363163929,-0.78800964,-0.3469696,9.804413
327860373173694,-0.7927704,-0.29460144,9.78537
327860383152942,-0.809433,-0.3231659,9.825836
327860393162708,-0.7927704,-0.2803192,9.792511
327860403172474,-0.7761078,-0.30888367,9.816315
327860413151722,-0.80467224,-0.32078552,9.830597
327860423161487,-0.7975311,-0.2898407,9.804413
327860433140735,-0.7832489,-0.30412292,9.802032
327860443150501,-0.78800964,-0.3231659,9.816315
327860453129749,-0.81895447,-0.32078552,9.775848
327860463139515,-0.8165741,-0.31840515,9.811554
327860473149280,-0.7570648,-0.3231659,9.811554
327860483128528,-0.809433,-0.3136444,9.761566
327860493138294,-0.809433,-0.3065033,9.761566
327860503117542,-0.7999115,-0.3564911,9.733002
327860513127308,-0.809433,-0.31602478,9.761566
327860523106556,-0.8237152,-0.31840515,9.790131
327860518345813,-0.7981262,-0.31329346,9.788345
327860533116321,-0.80467224,-0.2898407,9.773468
327860543095569,-0.8260956,-0.31602478,9.804413
327860553105335,-0.80229187,-0.32792664,9.797272
327860563115101,-0.81895447,-0.30888367,9.6996765
327860573094349,-0.79039,-0.35411072,9.756805
327860583073597,-0.83799744,-0.31126404,9.828217
327860593083362,-0.7761078,-0.33268738,9.752045
327860603093128,-0.8165741,-0.29460144,9.809174
327860613072376,-0.8237152,-0.3065033,9.78775
327860623051624,-0.81181335,-0.31126404,9.794891
327860633061390,-0.8308563,-0.31602478,9.790131
327860643071155,-0.8237152,-0.30412292,9.811554
327860653050403,-0.80467224,-0.2969818,9.744904
327860663029651,-0.81181335,-0.29222107,9.811554
327860673039417,-0.80467224,-0.2969818,9.78537
327860683049183,-0.8070526,-0.34934998,9.797272
327860693028431,-0.79515076,-0.30412292,9.802032
327860703038196,-0.7594452,-0.30174255,9.823456
327860713017444,-0.8427582,-0.3231659,9.868683
327860723027210,-0.81895447,-0.3398285,9.818695
327860718266468,-0.810379,-0.31388855,9.792862
327860733036976,-0.7737274,-0.3398285,9.7829895
327860743016224,-0.7689667,-0.30412292,9.78775
327860752995472,-0.80229187,-0.33268738,9.780609
327860763005237,-0.80229187,-0.35173035,9.825836
327860773015003,-0.8260956,-0.33744812,9.780609
327860782994251,-0.81181335,-0.31126404,9.799652
327860793004017,-0.7999115,-0.3469696,9.78537
327860803013782,-0.76182556,-0.31602478,9.72348
327860812993030,-0.79515076,-0.3231659,9.756805
327860823002796,-0.7999115,-0.35411072,9.749664
327860832982044,-0.8070526,-0.3564911,9.7829895
327860842991810,-0.83561707,-0.30174255,9.737762
327860853032093,-0.80467224,-0.32792664,9.7829895
327860862980823,-0.78800964,-0.32792664,9.740143
327860872960071,-0.8308563,-0.30888367,9.790131
327860882969837,-0.79039,-0.29222107,9.799652
327860892949085,-0.7832489,-0.35411072,9.792511
327860902958851,-0.80467224,-0.330307,9.844879
327860912999134,-0.7927704,-0.30888367,9.790131
327860923008899,-0.7999115,-0.33268738,9.823456
327860918248157,-0.79896545,-0.32792664,9.782867
327860932988147,-0.80229187,-0.32792664,9.802032
327860942997913,-0.7832489,-0.3136444,9.804413
327860952977161,-0.7856293,-0.33506775,9.790131
327860962986927,-0.7594452,-0.33506775,9.809174
327860973027210,-0.79515076,-0.330307,9.7829895
327860982914905,-0.8308563,-0.2969818,9.735382
327860992924671,-0.809433,-0.33744812,9.735382
327861002903919,-0.8070526,-0.31840515,9.794891
327861012913685,-0.81181335,-0.33506775,9.792511
327861022892933,-0.83799744,-0.33744812,9.778229
327861032902698,-0.7975311,-0.2969818,9.735382
327861042881946,-0.7689667,-0.330307,9.775848
327861052891712,-0.7999115,-0.34458923,9.804413
327861062901478,-0.809433,-0.29460144,9.813934
327861072880726,-0.8141937,-0.34220886,9.816315
327861082859974,-0.80467224,-0.31602478,9.797272
327861092869739,-0.83561707,-0.330307,9.78537
327861102879505,-0.78800964,-0.35411072,9.780609
327861112858753,-0.79039,-0.32792664,9.775848
327861122868519,-0.8165741,-0.27793884,9.78775
327861118107776,-0.80241394,-0.32411194,9.784897
327861132939319,-0.8237152,-0.3136444,9.773468
327861142857532,-0.78086853,-0.2969818,9.806793
327861152836780,-0.83561707,-0.31840515,9.744904
327861162846546,-0.7927704,-0.3231659,9.735382
327861172825794,-0.82847595,-0.34220886,9.821075
327861182835560,-0.7975311,-0.330307,9.78537
327861192814808,-0.7761078,-0.2898407,9.78537
327861202824573,-0.79515076,-0.30888367,9.809174
327861212834339,-0.809433,-0.2969818,9.790131
327861222783069,-0.79039,-0.30412292,9.830597
327861232853870,-0.8427582,-0.3231659,9.878204
327861242863636,-0.75468445,-0.33268738,9.735382
327861252842884,-0.7975311,-0.33744812,9.802032
327861262822132,-0.7927704,-0.34934998,9.780609
327861272831897,-0.8308563,-0.30412292,9.778229
327861282841663,-0.7761078,-0.28746033,9.773468
327861292820911,-0.8260956,-0.31602478,9.8472595
327861302800159,-0.79515076,-0.34458923,9.742523
327861312779407,-0.85466003,-0.29936218,9.809174
327861322758655,-0.78086853,-0.330307,9.737762
327861317997913,-0.80407715,-0.3174591,9.788345
327861332768421,-0.8260956,-0.34934998,9.792511
327861342747669,-0.7927704,-0.3231659,9.792511
327861352757435,-0.79039,-0.34458923,9.825836
327861362767200,-0.75468445,-0.32078552,9.804413
327861372746448,-0.7975311,-0.33268738,9.823456
327861382756214,-0.7975311,-0.30174255,9.7829895
327861392735462,-0.78800964,-0.29460144,9.773468
327861402745228,-0.8308563,-0.3136444,9.813934
327861412754993,-0.82847595,-0.33506775,9.78775
327861422734241,-0.80229187,-0.3469696,9.78775
327861432744007,-0.7999115,-0.3231659,9.728241
327861442723255,-0.80229187,-0.32554626,9.775848
327861452733021,-0.7499237,-0.29460144,9.749664
327861462773304,-0.80229187,-0.3065033,9.825836
327861472691517,-0.7927704,-0.2898407,9.899628
327861482731800,-0.78800964,-0.32792664,9.825836
327861492711048,-0.81181335,-0.34934998,9.84964
327861502690296,-0.78086853,-0.3136444,9.818695
327861512700062,-0.7761078,-0.31840515,9.809174
327861522679310,-0.8165741,-0.31602478,9.78537
327861517918567,-0.796463,-0.32138062,9.802628
327861532689075,-0.809433,-0.32554626,9.816315
327861542698841,-0.78800964,-0.2898407,9.799652
327861552678089,-0.7927704,-0.34220886,9.802032
327861562687854,-0.7975311,-0.3398285,9.844879
327861572667103,-0.78086853,-0.35173035,9.809174
327861582676868,-0.77134705,-0.29222107,9.778229
327861592656116,-0.78086853,-0.36601257,9.797272
327861602665882,-0.81181335,-0.3398285,9.775848
327861612675647,-0.8308563,-0.31602478,9.804413
327861622654896,-0.7832489,-0.36839294,9.766327
327861632634144,-0.7832489,-0.33268738,9.78537
327861642643909,-0.8141937,-0.31602478,9.759186
327861652623157,-0.81895447,-0.32078552,9.754425
327861662632923,-0.78086853,-0.33506775,9.768707
327861672642688,-0.809433,-0.35887146,9.749664
327861682621937,-0.7927704,-0.330307,9.733002
327861692631702,-0.78086853,-0.35173035,9.778229
327861702610950,-0.7856293,-0.2969818,9.823456
327861712590198,-0.8070526,-0.38267517,9.7211
327861722599964,-0.81181335,-0.33744812,9.842499
327861717839222,-0.7965851,-0.3347168,9.785492
327861732609729,-0.8332367,-0.30888367,9.813934
327861742588978,-0.8070526,-0.330307,9.78537
327861752598743,-0.7999115,-0.330307,9.78775
327861762577991,-0.77848816,-0.33506775,9.813934
327861772587757,-0.8403778,-0.34458923,9.797272
327861782567005,-0.7975311,-0.31602478,9.802032
327861792576771,-0.80467224,-0.3065033,9.759186
327861802556019,-0.8308563,-0.33268738,9.821075
327861812565784,-0.80229187,-0.32078552,9.832977
327861822575550,-0.8237152,-0.32792664,9.7829895
327861832554798,-0.77848816,-0.31840515,9.832977
327861842564563,-0.77848816,-0.31840515,9.747284
327861852543812,-0.7832489,-0.31602478,9.792511
327861862523060,-0.7975311,-0.3564911,9.809174
327861872532825,-0.80467224,-0.3231659,9.813934
327861882542591,-0.7594452,-0.35173035,9.747284
327861892521839,-0.81181335,-0.35173035,9.806793
327861902531604,-0.8141937,-0.3636322,9.821075
327861912510853,-0.79039,-0.3065033,9.830597
327861922520618,-0.83799744,-0.32078552,9.740143
327861917759876,-0.8037262,-0.32899475,9.796921
327861932499866,-0.8165741,-0.34220886,9.78537
327861942509632,-0.7999115,-0.2565155,9.742523
327861952488880,-0.79515076,-0.38505554,9.763947
327861962498646,-0.80467224,-0.33268738,9.771088
327861972477894,-0.73802185,-0.32792664,9.797272
327861982487659,-0.79515076,-0.3136444,9.792511
327861992497425,-0.809433,-0.3231659,9.823456
327862002476673,-0.8141937,-0.28746033,9.737762
327862012486438,-0.7999115,-0.32792664,9.773468
327862022465687,-0.8070526,-0.33268738,9.887726
327862032475452,-0.8165741,-0.32078552,9.806793
327862042454700,-0.7999115,-0.30888367,9.778229
327862052464466,-0.80229187,-0.33506775,9.802032
327862062443714,-0.7856293,-0.34934998,9.792511
327862072514515,-0.7832489,-0.30412292,9.85202
327862082463245,-0.86180115,-0.30888367,9.756805
327862092442493,-0.7761078,-0.3469696,9.804413
327862102421741,-0.8260956,-0.3136444,9.825836
327862112431507,-0.79039,-0.33506775,9.813934
327862122441272,-0.8308563,-0.32792664,9.799652
327862117680530,-0.8026428,-0.32400513,9.795364
327862132420521,-0.8141937,-0.32554626,9.754425
327862142430286,-0.7999115,-0.3065033,9.780609
327862152409534,-0.7665863,-0.32792664,9.840118
327862162419300,-0.76182556,-0.33744812,9.797272
327862172398548,-0.8237152,-0.35411072,9.78775
327862182408313,-0.79039,-0.35411072,9.761566
327862192387562,-0.81181335,-0.31840515,9.790131
327862202397327,-0.83561707,-0.2898407,9.780609
327862212559681,-0.78800964,-0.2803192,9.821075
327862222386341,-0.78800964,-0.29460144,9.8472595
327862233128528,-0.80229187,-0.3065033,9.792511
327862242375354,-0.79039,-0.3136444,9.771088
327862252385120,-0.77848816,-0.330307,9.830597
327862262394886,-0.76420593,-0.3231659,9.806793
327862272374134,-0.7999115,-0.34458923,9.7829895
327862282353382,-0.7927704,-0.2969818,9.766327
327862292393665,-0.7999115,-0.3469696,9.756805
327862302372913,-0.8594208,-0.32792664,9.830597
327862312352161,-0.8165741,-0.40171814,9.792511
327862322361927,-0.8141937,-0.34458923,9.749664
327862317601185,-0.7999115,-0.32626343,9.792038
327862332371692,-0.8141937,-0.3231659,9.804413
327862342350940,-0.81181335,-0.29936218,9.902008
327862352360706,-0.7832489,-0.3564911,9.859161
327862362339954,-0.80229187,-0.29936218,9.761566
327862372349720,-0.7927704,-0.33268738,9.811554
327862382328968,-0.8141937,-0.28269958,9.754425
327862392338733,-0.8260956,-0.33506775,9.802032
327862402317981,-0.79039,-0.3398285,9.806793
327862412327747,-0.8165741,-0.32792664,9.802032
327862422337513,-0.7665863,-0.34220886,9.832977
327862432316761,-0.79515076,-0.31126404,9.799652
327862442326526,-0.7975311,-0.2803192,9.804413
327862452305774,-0.7737274,-0.31840515,9.816315
327862462285022,-0.809433,-0.32554626,9.7829895
327862472294788,-0.80229187,-0.32078552,9.825836
327862482274036,-0.79039,-0.3136444,9.771088
327862492283802,-0.7832489,-0.28746033,9.813934
327862502263050,-0.7737274,-0.28746033,9.799652
327862512272815,-0.7975311,-0.32078552,9.809174
327862522252063,-0.78086853,-0.33268738,9.818695
327862517491321,-0.7960968,-0.316864,9.808929
327862532261829,-0.7856293,-0.28746033,9.754425
327862542271595,-0.8237152,-0.3469696,9.775848
327862552250843,-0.7999115,-0.30412292,9.818695
327862562260608,-0.80467224,-0.30412292,9.840118
327862572239856,-0.77848816,-0.35411072,9.825836
327862582249622,-0.7570648,-0.33268738,9.802032
327862592228870,-0.79515076,-0.330307,9.794891
327862602238636,-0.7832489,-0.33506775,9.871063
327862612217884,-0.7856293,-0.32078552,9.844879
327862622227649,-0.8237152,-0.3136444,9.716339
327862632206897,-0.7999115,-0.34934998,9.78775
327862642216663,-0.80229187,-0.33744812,9.832977
327862652195911,-0.7927704,-0.29222107,9.792511
327862662205677,-0.8237152,-0.34220886,9.813934
327862672184925,-0.7927704,-0.3136444,9.835358
327862682255726,-0.79039,-0.27555847,9.813934
327862692173938,-0.7975311,-0.32554626,9.802032
327862702183704,-0.79515076,-0.32792664,9.802032
327862712193470,-0.8260956,-0.29936218,9.797272
327862722172718,-0.79039,-0.30412292,9.742523
327862717411976,-0.79740906,-0.31983948,9.803223
327862732151966,-0.8070526,-0.31126404,9.742523
327862742161731,-0.7856293,-0.33744812,9.828217
327862752171497,-0.7927704,-0.36125183,9.735382
327862762150745,-0.76420593,-0.32554626,9.790131
327862772160511,-0.7856293,-0.3136444,9.830597
327862782139759,-0.81895447,-0.30174255,9.763947
327862792149524,-0.81181335,-0.32554626,9.797272
327862802159290,-0.81895447,-0.31602478,9.856781
327862812138538,-0.78086853,-0.34934998,9.78537
327862822117786,-0.7975311,-0.3398285,9.842499
327862832127552,-0.7927704,-0.33744812,9.778229
327862842137317,-0.78086853,-0.30888367,9.761566
327862852116565,-0.8070526,-0.33506775,9.775848
327862862126331,-0.84513855,-0.3469696,9.802032
327862872105579,-0.78800964,-0.36125183,9.773468
327862882115345,-0.7856293,-0.3398285,9.742523
327862892125110,-0.8475189,-0.30888367,9.790131
327862902104358,-0.76182556,-0.37791443,9.799652
327862912083606,-0.83799744,-0.330307,9.740143
327862922093372,-0.80467224,-0.32554626,9.832977
327862917332630,-0.80075073,-0.33268738,9.788467
327862932103138,-0.7689667,-0.31602478,9.797272
327862942082386,-0.77134705,-0.3231659,9.842499
327862952092151,-0.79515076,-0.3065033,9.813934
327862962101917,-0.79515076,-0.33506775,9.806793
327862972081165,-0.7499237,-0.32554626,9.799652
327862982090931,-0.79515076,-0.31840515,9.763947
327862992070179,-0.81181335,-0.29460144,9.759186
327863002049427,-0.83561707,-0.33506775,9.792511
327863012059192,-0.79039,-0.31126404,9.806793
327863022068958,-0.83561707,-0.30412292,9.78537
327863032048206,-0.7689667,-0.34458923,9.809174
327863042057972,-0.7832489,-0.2969818,9.775848
327863052037220,-0.7999115,-0.33744812,9.794891
327863062046985,-0.79039,-0.3136444,9.768707
327863072056751,-0.7927704,-0.28269958,9.840118
327863082035999,-0.8141937,-0.33268738,9.809174
327863092015247,-0.8141937,-0.37077332,9.78537
327863102025013,-0.7570648,-0.32078552,9.832977
327863112034778,-0.7927704,-0.34220886,9.78775
327863122014026,-0.7999115,-0.330307,9.821075
327863117253284,-0.79312134,-0.32209778,9.799652
327863132023792,-0.82847595,-0.32078552,9.778229
327863142033558,-0.7761078,-0.3136444,9.744904
327863152012806,-0.78086853,-0.31126404,9.7211
327863162022571,-0.79039,-0.3398285,9.806793
327863172001819,-0.809433,-0.32078552,9.790131
327863182011585,-0.7975311,-0.31840515,9.771088
327863192021351,-0.7832489,-0.2969818,9.78775
327863202000599,-0.79039,-0.33744812,9.790131
327863211979847,-0.8070526,-0.32792664,9.818695
327863221837024,-0.78800964,-0.31126404,9.809174
327863232029896,-0.81895447,-0.30174255,9.806793
327863241978626,-0.7761078,-0.32554626,9.78775
327863251988392,-0.7999115,-0.330307,9.818695
327863261967640,-0.7332611,-0.2898407,9.792511
327863271977405,-0.81895447,-0.3231659,9.818695
327863281987171,-0.80467224,-0.34934998,9.811554
327863292027454,-0.7737274,-0.34220886,9.792511
327863301976185,-0.81895447,-0.36125183,9.773468
327863311985950,-0.8308563,-0.33744812,9.794891
327863321965198,-0.77134705,-0.31840515,9.792511
327863317204456,-0.7949066,-0.32388306,9.790375
327863331974964,-0.7832489,-0.330307,9.825836
327863341954212,-0.81181335,-0.35887146,9.740143
327863351963978,-0.7761078,-0.32554626,9.825836
327863361943226,-0.82847595,-0.31602478,9.78537
327863371952991,-0.8141937,-0.31840515,9.744904
327863381962757,-0.7975311,-0.3231659,9.832977
327863391942005,-0.83561707,-0.35173035,9.742523
327863401951771,-0.8141937,-0.34220886,9.832977
327863411931019,-0.81181335,-0.32792664,9.771088
327863421940784,-0.81181335,-0.30174255,9.823456
327863431950550,-0.7737274,-0.33268738,9.804413
327863441929798,-0.78800964,-0.35173035,9.835358
327863451909046,-0.79039,-0.330307,9.78537
327863461918812,-0.7737274,-0.3731537,9.6996765
327863471928577,-0.79039,-0.3874359,9.749664
327863481907825,-0.79515076,-0.34934998,9.752045
327863491917591,-0.809433,-0.30888367,9.756805
327863501927356,-0.79515076,-0.31840515,9.816315
327863511906604,-0.8141937,-0.33744812,9.813934
327863521916370,-0.80229187,-0.29460144,9.811554
327863517155628,-0.80085754,-0.33399963,9.787506
327863531895618,-0.81895447,-0.31840515,9.78537
327863541905384,-0.7999115,-0.3564911,9.797272
327863551884632,-0.78800964,-0.32078552,9.825836
327863561894397,-0.81181335,-0.32078552,9.806793
327863571904163,-0.7927704,-0.330307,9.799652
327863581883411,-0.82133484,-0.28746033,9.754425
327863591893177,-0.79039,-0.29460144,9.799652
327863601872425,-0.8141937,-0.330307,9.766327
327863611882190,-0.7737274,-0.29460144,9.752045
327863621891956,-0.81895447,-0.35173035,9.806793
327863631871204,-0.78800964,-0.31126404,9.759186
327863641880970,-0.77848816,-0.32554626,9.804413
327863651860218,-0.76182556,-0.30412292,9.78775
327863661869983,-0.80467224,-0.33744812,9.828217
327863671879749,-0.7570648,-0.33744812,9.775848
327863681858997,-0.80229187,-0.33268738,9.832977
327863691838245,-0.8237152,-0.32078552,9.804413
327863701848011,-0.8475189,-0.330307,9.797272
327863711857776,-0.78800964,-0.34458923,9.828217
327863721837024,-0.82847595,-0.32792664,9.816315
327863717076282,-0.8005066,-0.32388306,9.7964325
327863731846790,-0.809433,-0.34458923,9.821075
327863741826038,-0.7761078,-0.33268738,9.821075
327863751835804,-0.78086853,-0.3065033,9.830597
327863761845569,-0.80467224,-0.31602478,9.780609
327863771824817,-0.83561707,-0.31602478,9.840118
327863781804065,-0.7594452,-0.3231659,9.825836
327863791813831,-0.76182556,-0.34934998,9.825836
327863801793079,-0.7737274,-0.31602478,9.778229
327863811802845,-0.7856293,-0.34934998,9.842499
327863821812610,-0.7737274,-0.3398285,9.797272
327863831791858,-0.77848816,-0.33744812,9.811554
327863841801624,-0.7737274,-0.31126404,9.823456
327863851780872,-0.7999115,-0.3469696,9.837738
327863861790638,-0.83799744,-0.31840515,9.809174
327863871769886,-0.7832489,-0.36125183,9.797272
327863881779651,-0.7856293,-0.3065033,9.7829895
327863891758899,-0.79039,-0.29460144,9.775848
327863901829700,-0.7975311,-0.30888367,9.771088
327863911747913,-0.7689667,-0.31840515,9.78537
327863921757679,-0.78800964,-0.28746033,9.823456
327863916996937,-0.7882538,-0.324234,9.8090515
327863931736927,-0.7975311,-0.34220886,9.752045
327863941746692,-0.7832489,-0.34458923,9.754425
327863951725940,-0.81895447,-0.31602478,9.78537
327863961735706,-0.81181335,-0.34458923,9.768707
327863971714954,-0.8141937,-0.32792664,9.766327
327863981724720,-0.8308563,-0.2803192,9.792511
327863991703968,-0.7975311,-0.30412292,9.842499
327864001713733,-0.7999115,-0.3398285,9.792511
327864011723499,-0.7856293,-0.32792664,9.842499
327864021702747,-0.81181335,-0.28507996,9.780609
327864031712513,-0.8141937,-0.28507996,9.747284
327864041691761,-0.7856293,-0.28746033,9.780609
327864051671009,-0.8070526,-0.30174255,9.802032
327864061680774,-0.8308563,-0.29936218,9.823456
327864071660022,-0.7404022,-0.34220886,9.816315
327864081669788,-0.7999115,-0.3636322,9.7829895
327864091679554,-0.81895447,-0.34458923,9.809174
327864101658802,-0.7856293,-0.2803192,9.766327
327864111668567,-0.79039,-0.34458923,9.790131
327864121647815,-0.7975311,-0.32792664,9.7829895
327864116887073,-0.8011017,-0.31947327,9.78894
327864131657581,-0.7856293,-0.3469696,9.733002
327864141636829,-0.79515076,-0.32792664,9.816315
327864151646595,-0.8237152,-0.30888367,9.759186
327864161656360,-0.8165741,-0.30888367,9.823456
327864171635608,-0.7594452,-0.3065033,9.794891
327864181645374,-0.7832489,-0.28746033,9.773468
327864191624622,-0.82133484,-0.31602478,9.756805
327864201603870,-0.7927704,-0.32554626,9.854401
327864211613636,-0.80229187,-0.33744812,9.763947
327864221623401,-0.7975311,-0.35173035,9.844879
327864231633167,-0.8165741,-0.36601257,9.830597
327864241673450,-0.8332367,-0.3564911,9.797272
327864251652698,-0.809433,-0.34934998,9.78775
327864261631946,-0.8570404,-0.31126404,9.809174
327864271641712,-0.78800964,-0.3564911,9.78775
327864281651478,-0.77134705,-0.32792664,9.733002
327864291630726,-0.80467224,-0.3398285,9.84964
327864301640491,-0.809433,-0.2898407,9.728241
327864311589222,-0.77848816,-0.33744812,9.799652
327864321568470,-0.7856293,-0.32792664,9.790131
327864316807728,-0.8015747,-0.32899475,9.791672
327864331578235,-0.81181335,-0.3636322,9.854401
327864341588001,-0.8070526,-0.3398285,9.773468
327864351567249,-0.7856293,-0.330307,9.78775
327864361577015,-0.83561707,-0.30174255,9.823456
327864371556263,-0.79039,-0.3136444,9.802032
327864381566028,-0.79515076,-0.31602478,9.78775
327864391575794,-0.8237152,-0.330307,9.763947
327864401555042,-0.7570648,-0.34220886,9.816315
327864411564808,-0.8260956,-0.3136444,9.780609
327864421544056,-0.7737274,-0.32078552,9.8472595
327864431553821,-0.8403778,-0.37791443,9.799652
327864441533069,-0.80467224,-0.37553406,9.861542
327864451573353,-0.7832489,-0.330307,9.882965
327864461491565,-0.7999115,-0.3564911,9.840118
327864471501331,-0.7999115,-0.34934998,9.8472595
327864481511097,-0.7975311,-0.32554626,9.709198
327864491520862,-0.7665863,-0.3636322,9.766327
327864501500110,-0.78800964,-0.2969818,9.830597
327864511570911,-0.8332367,-0.3398285,9.725861
327864521489124,-0.7856293,-0.33744812,9.813934
327864516728382,-0.80026245,-0.33625793,9.805725
327864531498890,-0.8332367,-0.3398285,9.792511
327864541508655,-0.81895447,-0.31602478,9.775848
327864551487903,-0.81895447,-0.3398285,9.794891
327864561497669,-0.8237152,-0.35411072,9.7211
327864571476917,-0.76182556,-0.31840515,9.871063
327864581486683,-0.7927704,-0.34220886,9.794891
327864591465931,-0.7927704,-0.34934998,9.775848
327864601475696,-0.78086853,-0.3398285,9.792511
327864611454944,-0.7856293,-0.31126404,9.809174
327864621464710,-0.8308563,-0.3136444,9.790131
327864631474476,-0.8237152,-0.32792664,9.72348
327864641453724,-0.84513855,-0.31602478,9.7829895
327864651432972,-0.79515076,-0.28746033,9.804413
327864661442737,-0.7999115,-0.3065033,9.797272
327864671452503,-0.77848816,-0.34934998,9.756805
327864681431751,-0.809433,-0.32554626,9.830597
327864691441517,-0.78086853,-0.31840515,9.821075
327864701420765,-0.8165741,-0.3231659,9.794891
327864711430530,-0.77134705,-0.33506775,9.813934
327864721440296,-0.78800964,-0.3136444,9.806793
327864716679554,-0.80241394,-0.3263855,9.792511
327864731419544,-0.79515076,-0.3398285,9.806793
327864741398792,-0.7761078,-0.3065033,9.775848
327864751408558,-0.8237152,-0.28507996,9.761566
327864761418323,-0.7975311,-0.36839294,9.85202
327864771397571,-0.80229187,-0.38267517,9.771088
327864781407337,-0.7927704,-0.3136444,9.754425
327864791386585,-0.7927704,-0.3065033,9.797272
327864801396351,-0.79039,-0.29936218,9.861542
327864811406116,-0.8308563,-0.3231659,9.780609
327864821385364,-0.7689667,-0.37077332,9.756805
327864831364612,-0.8475189,-0.3398285,9.802032
327864841374378,-0.76420593,-0.36601257,9.818695
327864851384144,-0.78086853,-0.28746033,9.78775
327864861363392,-0.79039,-0.33744812,9.761566
327864871373157,-0.81181335,-0.31602478,9.78537
327864881352405,-0.83799744,-0.32792664,9.766327
327864891362171,-0.75468445,-0.33744812,9.844879
327864901371937,-0.82133484,-0.28269958,9.813934
327864911351185,-0.78086853,-0.34220886,9.799652
327864921330433,-0.81895447,-0.34220886,9.763947
327864916569690,-0.79896545,-0.32876587,9.793106
327864931340198,-0.8141937,-0.31840515,9.823456
327864941349964,-0.7927704,-0.3065033,9.806793
327864951329212,-0.78800964,-0.3469696,9.835358
327864961338978,-0.7975311,-0.33744812,9.811554
327864971348743,-0.8070526,-0.31126404,9.854401
327864981327991,-0.7999115,-0.3636322,9.773468
327864991337757,-0.7832489,-0.30412292,9.773468
327865001317005,-0.85227966,-0.3231659,9.821075
327865011326771,-0.78086853,-0.3469696,9.78537
327865021336536,-0.7927704,-0.32078552,9.78537
327865031315784,-0.80229187,-0.32078552,9.837738
327865041325550,-0.78086853,-0.32554626,9.797272
327865051304798,-0.78800964,-0.3065033,9.749664
327865061314563,-0.82847595,-0.3469696,9.78537
327865071293812,-0.8070526,-0.34458923,9.775848
327865081303577,-0.8070526,-0.31840515,9.84964
327865091313343,-0.7689667,-0.3136444,9.804413
327865101292591,-0.74754333,-0.31602478,9.78775
327865111302356,-0.7927704,-0.3136444,9.771088
327865121373157,-0.809433,-0.330307,9.797272
327865116612415,-0.7970581,-0.3257904,9.801315
327865131291370,-0.78800964,-0.33506775,9.794891
327865141301136,-0.79039,-0.30888367,9.825836
327865151280384,-0.7927704,-0.32078552,9.766327
327865161290149,-0.7975311,-0.3231659,9.809174
327865171269397,-0.7856293,-0.33268738,9.761566
327865181279163,-0.8237152,-0.33268738,9.837738
327865191288929,-0.7975311,-0.330307,9.780609
327865201268177,-0.81181335,-0.29936218,9.778229
327865211277942,-0.78086853,-0.32554626,9.802032
327865221287708,-0.7975311,-0.33506775,9.794891
327865231266956,-0.7927704,-0.33744812,9.716339
327865241215687,-0.8332367,-0.33506775,9.802032
327865251317005,-0.79515076,-0.3136444,9.773468
327865261326771,-0.79039,-0.32792664,9.806793
327865271306019,-0.77134705,-0.34458923,9.813934
327865281285267,-0.80467224,-0.3469696,9.823456
327865291325550,-0.80467224,-0.35173035,9.759186
327865301304798,-0.79515076,-0.31602478,9.775848
