327871739840386,-0.79039,-0.28507996,9.673492
327871747652886,-0.80229187,-0.32792664,9.735382
327871755465386,-0.8308563,-0.34458923,9.754425
327871763277886,-0.8237152,-0.31602478,9.690155
327871772555229,-0.7856293,-0.31840515,9.773468
327871797457573,-0.79039,-0.31126404,9.799652
327871807436821,-0.81895447,-0.31840515,9.742523
327871822451469,-0.83561707,-0.3231659,9.78775
327871842501518,-0.78800964,-0.31602478,9.804413
327871852572319,-0.8260956,-0.31840515,9.771088
327871862978813,-0.8332367,-0.3564911,9.799652
327871872927544,-0.80467224,-0.3065033,9.811554
327871882937309,-0.8427582,-0.29936218,9.830597
327871892916557,-0.8237152,-0.31602478,9.78775
327871902926323,-0.77848816,-0.33506775,9.778229
327871912997124,-0.7856293,-0.3136444,9.816315
327871922945854,-0.7856293,-0.32792664,9.716339
327871932955620,-0.8141937,-0.36125183,9.806793
327871942965386,-0.8165741,-0.30888367,9.797272
327871952944634,-0.8308563,-0.33744812,9.797272
327871962954399,-0.7737274,-0.32078552,9.7829895
327871972933647,-0.78086853,-0.3136444,9.78775
327871982943413,-0.7927704,-0.31840515,9.842499
327871992953178,-0.8498993,-0.35887146,9.761566
327872002962944,-0.7665863,-0.3136444,9.809174
327872012942192,-0.8070526,-0.3065033,9.804413
327872022890923,-0.77848816,-0.29936218,9.7829895
327872032900688,-0.79039,-0.29936218,9.806793
327872028139946,-0.80348206,-0.32138062,9.794769
327872042879936,-0.80467224,-0.3065033,9.766327
327872052523491,-0.7832489,-0.29222107,9.828217
327872067385552,-0.8427582,-0.31126404,9.766327
327872077883598,-0.7761078,-0.3065033,9.752045
327872087893364,-0.81895447,-0.34220886,9.818695
327872097872612,-0.81895447,-0.30174255,9.78537
327872107851860,-0.79039,-0.31602478,9.7211
327872117831108,-0.80229187,-0.3231659,9.737762
327872127840874,-0.809433,-0.31840515,9.792511
327872137850639,-0.8141937,-0.33506775,9.825836
327872147921440,-0.7975311,-0.32792664,9.811554
327872157839653,-0.7689667,-0.34458923,9.832977
327872167818901,-0.7927704,-0.3398285,9.790131
327872177828667,-0.81181335,-0.33506775,9.799652
327872187838432,-0.8403778,-0.30412292,9.813934
327872197817680,-0.79039,-0.27079773,9.78775
327872207827446,-0.7927704,-0.3136444,9.759186
327872217806694,-0.7975311,-0.33744812,9.842499
327872227816460,-0.8260956,-0.30412292,9.806793
327872237795708,-0.7999115,-0.33744812,9.78537
327872233034966,-0.8039551,-0.31840515,9.791199
327872247805473,-0.83561707,-0.3231659,9.813934
327872257784721,-0.79039,-0.30174255,9.804413
327872267763969,-0.809433,-0.34458923,9.794891
327872277804253,-0.8141937,-0.3136444,9.813934
327872287752983,-0.7927704,-0.29460144,9.799652
327872297762749,-0.7737274,-0.3231659,9.816315
327872307772514,-0.7975311,-0.30888367,9.828217
327872317751762,-0.7999115,-0.32792664,9.816315
327872327761528,-0.81181335,-0.330307,9.792511
327872337740776,-0.8141937,-0.31840515,9.749664
327872347750542,-0.81895447,-0.30412292,9.792511
327872357729790,-0.81895447,-0.30174255,9.840118
327872367739555,-0.8070526,-0.31602478,9.775848
327872377749321,-0.7689667,-0.33268738,9.823456
327872387728569,-0.81895447,-0.29460144,9.868683
327872397738335,-0.7975311,-0.29936218,9.7829895
327872407717583,-0.8260956,-0.330307,9.811554
327872417696831,-0.7999115,-0.30888367,9.794891
327872427706596,-0.79039,-0.3136444,9.763947
327872437685844,-0.78800964,-0.34458923,9.759186
327872432925102,-0.8037262,-0.31661987,9.802155
327872447695610,-0.7832489,-0.3231659,9.835358
327872457705376,-0.80229187,-0.33268738,9.813934
327872467684624,-0.7927704,-0.31602478,9.78775
327872477663872,-0.79039,-0.2969818,9.844879
327872487673637,-0.77848816,-0.31840515,9.775848
327872497683403,-0.8403778,-0.33506775,9.742523
327872507662651,-0.75468445,-0.32078552,9.7829895
327872517672417,-0.78800964,-0.3136444,9.763947
327872527651665,-0.8165741,-0.31840515,9.766327
327872537661430,-0.809433,-0.30174255,9.773468
327872547671196,-0.8594208,-0.3398285,9.804413
327872557619927,-0.80229187,-0.31126404,9.759186
327872567629692,-0.79039,-0.33506775,9.771088
327872577639458,-0.8070526,-0.35411072,9.806793
327872587618706,-0.77848816,-0.31840515,9.832977
327872597628471,-0.78086853,-0.33268738,9.871063
327872607607719,-0.8498993,-0.33506775,9.84964
327872617617485,-0.8165741,-0.29222107,9.761566
327872627627251,-0.8260956,-0.3136444,9.78537
327872637606499,-0.76420593,-0.30174255,9.713959
327872632845757,-0.8015747,-0.32054138,9.79216
327872647585747,-0.8237152,-0.3564911,9.828217
327872657595512,-0.77848816,-0.30412292,9.821075
327872667605278,-0.81895447,-0.32554626,9.792511
327872677584526,-0.80467224,-0.30888367,9.842499
327872687594292,-0.7689667,-0.330307,9.771088
327872697604057,-0.7832489,-0.34458923,9.842499
327872707583305,-0.81181335,-0.3231659,9.740143
327872717562553,-0.78086853,-0.29936218,9.828217
327872727572319,-0.8141937,-0.3136444,9.763947
327872737551567,-0.7356415,-0.31126404,9.802032
327872747561333,-0.81895447,-0.34458923,9.754425
327872757662651,-0.8260956,-0.3469696,9.72348
327872767550346,-0.7737274,-0.29222107,9.8663025
327872777529594,-0.7761078,-0.3136444,9.778229
327872787539360,-0.7689667,-0.30888367,9.835358
327872797549126,-0.80467224,-0.31602478,9.802032
327872807528374,-0.8141937,-0.31602478,9.804413
327872817538139,-0.809433,-0.3136444,9.821075
327872827517387,-0.80467224,-0.27793884,9.837738
327872837527153,-0.7927704,-0.33506775,9.78537
327872832766411,-0.7955017,-0.3191223,9.802032
327872847536919,-0.78800964,-0.33506775,9.72348
327872857516167,-0.82133484,-0.31126404,9.763947
327872867525932,-0.79039,-0.30888367,9.828217
327872877505180,-0.7927704,-0.39219666,9.756805
327872887698052,-0.80467224,-0.30412292,9.821075
327872897494194,-0.8165741,-0.32078552,9.837738
327872907503960,-0.83799744,-0.32554626,9.811554
327872917483208,-0.8332367,-0.34220886,9.830597
327872927462456,-0.8070526,-0.36601257,9.823456
327872937472221,-0.7832489,-0.33268738,9.687775
327872947451469,-0.7737274,-0.3564911,9.806793
327872957674858,-0.80229187,-0.34934998,9.835358
327872967471001,-0.7856293,-0.31602478,9.813934
327872977450249,-0.7761078,-0.3231659,9.844879
327872987460014,-0.7737274,-0.29936218,9.835358
327872997439262,-0.76182556,-0.30412292,9.813934
327873007449028,-0.76420593,-0.34934998,9.7829895
327873017428276,-0.7832489,-0.31840515,9.78537
327873027438042,-0.7856293,-0.29222107,9.773468
327873037417290,-0.8070526,-0.35411072,9.768707
327873032656548,-0.7944336,-0.33006287,9.797272
327873047427055,-0.7665863,-0.330307,9.823456
327873057436821,-0.81895447,-0.32792664,9.766327
327873067416069,-0.7999115,-0.35887146,9.78537
327873077425835,-0.83799744,-0.30412292,9.768707
327873087435600,-0.81895447,-0.33506775,9.78775
327873097414848,-0.7927704,-0.3231659,9.780609
327873107394096,-0.7737274,-0.34934998,9.768707
327873117373344,-0.8141937,-0.3231659,9.818695
327873127383110,-0.7737274,-0.28507996,9.756805
327873137392876,-0.8070526,-0.32554626,9.752045
327873147372124,-0.79515076,-0.30888367,9.754425
327873157381889,-0.81181335,-0.2969818,9.78537
327873167361137,-0.80229187,-0.30412292,9.790131
327873177370903,-0.7832489,-0.31602478,9.756805
327873187350151,-0.79039,-0.3469696,9.799652
327873197359917,-0.7832489,-0.31840515,9.742523
327873207369682,-0.7761078,-0.31840515,9.778229
327873217318413,-0.7737274,-0.3231659,9.740143
327873227358696,-0.7832489,-0.31126404,9.840118
327873237337944,-0.8141937,-0.30888367,9.818695
327873232577202,-0.7958679,-0.32078552,9.780731
327873247317192,-0.7499237,-0.31602478,9.761566
327873257326958,-0.78086853,-0.3065033,9.766327
327873267336723,-0.7999115,-0.31126404,9.804413
327873277315971,-0.82133484,-0.2898407,9.771088
327873287325737,-0.8237152,-0.2969818,9.771088
327873297335503,-0.80467224,-0.330307,9.780609
327873307314751,-0.7975311,-0.3065033,9.797272
327873317324516,-0.82847595,-0.2803192,9.716339
327873327303764,-0.8332367,-0.31840515,9.78537
327873337283012,-0.76182556,-0.34220886,9.737762
327873347292778,-0.8070526,-0.30888367,9.78775
327873357302544,-0.8070526,-0.27793884,9.761566
327873367342827,-0.8332367,-0.3231659,9.775848
327873377291557,-0.82133484,-0.35411072,9.773468
327873387270805,-0.7665863,-0.330307,9.790131
327873397280571,-0.8165741,-0.3136444,9.806793
327873407259819,-0.7665863,-0.32554626,9.828217
327873417269585,-0.8070526,-0.33506775,9.832977
327873427248833,-0.8332367,-0.3802948,9.7829895
327873437258598,-0.7761078,-0.3469696,9.823456
327873432497856,-0.80181885,-0.3197174,9.782745
327873447268364,-0.75468445,-0.31840515,9.730621
327873457247612,-0.80229187,-0.2969818,9.809174
327873467226860,-0.75468445,-0.3065033,9.835358
327873477236626,-0.7999115,-0.29460144,9.773468
327873487246391,-0.77848816,-0.3398285,9.775848
327873497225639,-0.8070526,-0.3136444,9.809174
327873507204887,-0.83799744,-0.31126404,9.818695
327873517214653,-0.78086853,-0.3136444,9.806793
327873527224419,-0.8141937,-0.330307,9.840118
327873537203667,-0.8260956,-0.33744812,9.8663025
327873547213432,-0.79515076,-0.30412292,9.799652
327873557192680,-0.8070526,-0.31602478,9.766327
327873567202446,-0.75468445,-0.32554626,9.78537
327873577181694,-0.8237152,-0.3398285,9.828217
327873587191460,-0.8070526,-0.37077332,9.818695
327873597201225,-0.79039,-0.30412292,9.763947
327873607149956,-0.7737274,-0.29936218,9.84964
327873617159721,-0.80229187,-0.32792664,9.840118
327873627169487,-0.7999115,-0.32792664,9.794891
327873637148735,-0.8070526,-0.2803192,9.816315
327873632387993,-0.7958679,-0.31793213,9.806442
327873647127983,-0.78086853,-0.32792664,9.844879
327873657168266,-0.7832489,-0.30412292,9.790131
327873667147514,-0.809433,-0.32792664,9.7829895
327873677126762,-0.8427582,-0.3231659,9.790131
327873687136528,-0.7832489,-0.33506775,9.792511
327873697146294,-0.8165741,-0.32554626,9.799652
327873707125542,-0.8165741,-0.35411072,9.752045
327873717104790,-0.80229187,-0.29936218,9.754425
327873727084038,-0.8165741,-0.35887146,9.728241
327873737093803,-0.7523041,-0.2969818,9.816315
327873747103569,-0.8308563,-0.33268738,9.794891
327873757082817,-0.7737274,-0.34220886,9.773468
327873767092583,-0.7927704,-0.30888367,9.725861
327873777071831,-0.7927704,-0.31126404,9.771088
327873787081596,-0.77134705,-0.3636322,9.816315
327873797060844,-0.7927704,-0.32078552,9.761566
327873807070610,-0.7665863,-0.3231659,9.830597
327873817049858,-0.8070526,-0.31840515,9.821075
327873827029106,-0.8260956,-0.36125183,9.794891
327873837038872,-0.79039,-0.37077332,9.742523
327873832278130,-0.79740906,-0.330307,9.78418
327873847018120,-0.7832489,-0.3136444,9.780609
327873857027886,-0.7856293,-0.35411072,9.780609
327873867007134,-0.81895447,-0.28746033,9.811554
327873876986382,-0.8165741,-0.29936218,9.768707
327873886965630,-0.80467224,-0.33268738,9.821075
327873897127983,-0.8070526,-0.31602478,9.897247
327873906985161,-0.7689667,-0.3065033,9.799652
327873916964409,-0.76420593,-0.3231659,9.7829895
327873926974175,-0.82133484,-0.29222107,9.802032
327873936953423,-0.8141937,-0.31840515,9.761566
327873946932671,-0.82133484,-0.3231659,9.844879
327873956942436,-0.78800964,-0.32554626,9.761566
327873966952202,-0.8070526,-0.32554626,9.737762
327873976992485,-0.80467224,-0.330307,9.761566
327873986941216,-0.7975311,-0.35887146,9.756805
327873996920464,-0.8070526,-0.36125183,9.840118
327874006930229,-0.78800964,-0.3231659,9.735382
327874016909477,-0.78800964,-0.33506775,9.792511
327874026888725,-0.79039,-0.3136444,9.78537
327874036898491,-0.8141937,-0.31840515,9.818695
327874032137749,-0.79956055,-0.32292175,9.792038
327874046908257,-0.809433,-0.30888367,9.766327
327874056887505,-0.8165741,-0.32078552,9.768707
327874066897270,-0.7856293,-0.29222107,9.794891
327874076876518,-0.8070526,-0.30888367,9.811554
327874086886284,-0.80467224,-0.3231659,9.828217
327874096865532,-0.81895447,-0.3065033,9.799652
327874106875298,-0.81181335,-0.34220886,9.763947
327874116854546,-0.79039,-0.33506775,9.725861
327874126864311,-0.78800964,-0.3231659,9.804413
327874136874077,-0.79515076,-0.33744812,9.8472595
327874146853325,-0.78800964,-0.29460144,9.816315
327874156832573,-0.81895447,-0.30174255,9.830597
327874166842339,-0.78086853,-0.3065033,9.799652
327874176821587,-0.79039,-0.2898407,9.747284
327874186831352,-0.78800964,-0.35173035,9.78537
327874196810600,-0.8260956,-0.3398285,9.813934
327874206820366,-0.7570648,-0.30412292,9.816315
327874216799614,-0.78800964,-0.3065033,9.835358
327874226809380,-0.79039,-0.30412292,9.792511
327874236788628,-0.7665863,-0.31126404,9.813934
327874232027886,-0.7960968,-0.3154297,9.798111
327874246798393,-0.75468445,-0.33268738,9.78775
327874256777641,-0.81895447,-0.35411072,9.804413
327874266787407,-0.7927704,-0.32792664,9.840118
327874276766655,-0.8308563,-0.28746033,9.752045
327874286776421,-0.8070526,-0.2731781,9.775848
327874296755669,-0.82133484,-0.33268738,9.768707
327874306765434,-0.76420593,-0.3136444,9.752045
327874316744682,-0.7856293,-0.31602478,9.747284
327874326754448,-0.8070526,-0.32554626,9.78537
327874336733696,-0.8070526,-0.3136444,9.811554
327874346743462,-0.81895447,-0.29936218,9.763947
327874356722710,-0.7689667,-0.32078552,9.763947
327874366732475,-0.8237152,-0.30412292,9.813934
327874376742241,-0.76420593,-0.33744812,9.823456
327874386690971,-0.78800964,-0.29222107,9.775848
327874396700737,-0.8260956,-0.29460144,9.780609
327874406710503,-0.7927704,-0.32554626,9.825836
327874416689751,-0.79515076,-0.33506775,9.806793
327874426791069,-0.7761078,-0.33506775,9.780609
327874436678764,-0.76182556,-0.29936218,9.78775
327874431918022,-0.7952728,-0.31602478,9.787399
327874446688530,-0.83799744,-0.30174255,9.804413
327874456698296,-0.8141937,-0.31126404,9.78537
327874466677544,-0.7999115,-0.36601257,9.78537
327874476656792,-0.77134705,-0.33506775,9.775848
327874486666557,-0.8237152,-0.2898407,9.840118
327874496676323,-0.85227966,-0.33268738,9.775848
327874506655571,-0.8332367,-0.3469696,9.816315
327874516665337,-0.8070526,-0.3065033,9.806793
327874526644585,-0.81181335,-0.3065033,9.797272
327874536654350,-0.7689667,-0.30412292,9.799652
327874546633598,-0.78800964,-0.29460144,9.754425
327874556643364,-0.8308563,-0.33506775,9.775848
327874566622612,-0.80467224,-0.32078552,9.771088
327874576632378,-0.8427582,-0.31840515,9.780609
327874586703178,-0.77134705,-0.31602478,9.85202
327874596621391,-0.7689667,-0.3065033,9.773468
327874606600639,-0.80467224,-0.32554626,9.825836
327874616610405,-0.7665863,-0.33268738,9.759186
327874626589653,-0.7523041,-0.34458923,9.811554
327874636599419,-0.8308563,-0.34934998,9.756805
327874631838677,-0.80407715,-0.32221985,9.792389
327874646578667,-0.78800964,-0.32792664,9.7829895
327874656588432,-0.83799744,-0.330307,9.835358
327874666598198,-0.7927704,-0.3564911,9.775848
327874676577446,-0.78086853,-0.29460144,9.737762
327874686587212,-0.77134705,-0.29460144,9.759186
327874696566460,-0.83561707,-0.3065033,9.78537
327874706576225,-0.7856293,-0.31126404,9.816315
327874716555473,-0.7999115,-0.30174255,9.802032
327874726534721,-0.7761078,-0.34458923,9.771088
327874736544487,-0.78086853,-0.33268738,9.752045
327874746523735,-0.79515076,-0.330307,9.797272
327874756533501,-0.7499237,-0.34220886,9.802032
327874766512749,-0.79515076,-0.35173035,9.799652
327874776491997,-0.8070526,-0.34934998,9.744904
327874786501762,-0.77134705,-0.29460144,9.780609
327874796511528,-0.87132263,-0.32792664,9.813934
327874806490776,-0.81895447,-0.3231659,9.832977
327874816500542,-0.8070526,-0.32554626,9.821075
327874826479790,-0.8141937,-0.32792664,9.78775
327874836489555,-0.80229187,-0.33506775,9.778229
327874831728813,-0.79907227,-0.3254242,9.788818
327874846468803,-0.8070526,-0.31840515,9.78775
327874856478569,-0.79039,-0.31840515,9.742523
327874866457817,-0.80467224,-0.31126404,9.7829895
327874876467583,-0.8165741,-0.32792664,9.790131
327874886477348,-0.80229187,-0.30888367,9.754425
327874896456596,-0.79515076,-0.32078552,9.837738
327874906435844,-0.7927704,-0.30174255,9.790131
327874916445610,-0.7975311,-0.32554626,9.840118
327874926424858,-0.809433,-0.33268738,9.744904
327874936434624,-0.82133484,-0.30174255,9.828217
327874946413872,-0.79039,-0.30888367,9.780609
327874956454155,-0.8141937,-0.3136444,9.78775
327874966433403,-0.7594452,-0.32792664,9.768707
327874976412651,-0.7761078,-0.31840515,9.797272
327874986422417,-0.79515076,-0.32554626,9.821075
327874996401665,-0.7761078,-0.30888367,9.747284
327875006411430,-0.77848816,-0.30888367,9.804413
327875016421196,-0.8141937,-0.30174255,9.790131
327875026400444,-0.73802185,-0.29222107,9.790131
327875036410210,-0.78086853,-0.2803192,9.792511
327875031649468,-0.7930145,-0.31269836,9.78894
327875046389458,-0.80229187,-0.3065033,9.752045
327875056399223,-0.7856293,-0.31840515,9.859161
327875066408989,-0.82133484,-0.32078552,9.825836
327875076388237,-0.81895447,-0.30412292,9.773468
327875086398003,-0.809433,-0.34934998,9.78537
327875096407768,-0.7570648,-0.29222107,9.806793
327875106387016,-0.7856293,-0.31840515,9.832977
327875116366264,-0.7927704,-0.33744812,9.882965
327875126376030,-0.77848816,-0.32554626,9.78537
327875136355278,-0.8070526,-0.30174255,9.775848
327875146365044,-0.7761078,-0.32792664,9.825836
327875156374809,-0.7665863,-0.330307,9.78775
327875166354057,-0.8165741,-0.31840515,9.813934
327875176363823,-0.82133484,-0.2898407,9.747284
327875186343071,-0.7927704,-0.31126404,9.813934
327875196413872,-0.7927704,-0.2969818,9.780609
327875206332085,-0.80229187,-0.2969818,9.813934
327875216311333,-0.7427826,-0.3231659,9.804413
327875226321098,-0.7761078,-0.29222107,9.799652
327875236330864,-0.78086853,-0.33268738,9.797272
327875231570122,-0.79133606,-0.31471252,9.803223
327875246340630,-0.79039,-0.36125183,9.761566
327875256289360,-0.85227966,-0.3065033,9.837738
327875266329643,-0.83799744,-0.3564911,9.802032
327875276308891,-0.80467224,-0.33506775,9.756805
327875286349175,-0.77134705,-0.330307,9.780609
327875296358940,-0.8165741,-0.33744812,9.799652
327875306368706,-0.7832489,-0.34220886,9.778229
327875316286919,-0.81181335,-0.29222107,9.790131
327875326296684,-0.7975311,-0.34458923,9.85202
327875336336968,-0.8141937,-0.3231659,9.794891
327875346316216,-0.76420593,-0.2898407,9.792511
327875356325981,-0.7975311,-0.29936218,9.856781
327875366335747,-0.7737274,-0.31840515,9.802032
327875376314995,-0.8237152,-0.31126404,9.742523
327875386263725,-0.8237152,-0.33506775,9.792511
327875396242973,-0.809433,-0.3398285,9.763947
327875406313774,-0.80229187,-0.33268738,9.832977
327875416293022,-0.809433,-0.34220886,9.735382
327875426302788,-0.8237152,-0.31840515,9.78537
327875436282036,-0.79515076,-0.3636322,9.794891
327875431521294,-0.80514526,-0.32899475,9.792633
327875446291802,-0.7975311,-0.32792664,9.797272
327875456301567,-0.8498993,-0.32554626,9.806793
327875466280815,-0.7737274,-0.36125183,9.756805
327875476290581,-0.7689667,-0.32078552,9.752045
327875486269829,-0.8237152,-0.31602478,9.804413
327875496249077,-0.81181335,-0.31602478,9.733002
327875506258843,-0.7856293,-0.33506775,9.799652
327875516268608,-0.82847595,-0.32554626,9.778229
327875526278374,-0.7927704,-0.30412292,9.825836
327875536257622,-0.83799744,-0.33268738,9.761566
327875546267387,-0.7856293,-0.3398285,9.804413
327875556246636,-0.809433,-0.32554626,9.773468
327875566256401,-0.7832489,-0.32554626,9.828217
327875576235649,-0.7927704,-0.35887146,9.811554
327875586214897,-0.82847595,-0.33506775,9.809174
327875596194145,-0.8237152,-0.330307,9.771088
327875606173393,-0.82133484,-0.32792664,9.78775
327875616183159,-0.8237152,-0.30174255,9.835358
327875626162407,-0.7975311,-0.32792664,9.797272
327875636172173,-0.8332367,-0.34220886,9.78775
327875631411430,-0.80848694,-0.32899475,9.791077
327875646151421,-0.7761078,-0.330307,9.813934
327875656161186,-0.79515076,-0.35173035,9.802032
327875666170952,-0.77134705,-0.31602478,9.761566
327875676150200,-0.77134705,-0.3231659,9.773468
327875686159966,-0.7665863,-0.32078552,9.778229
327875696169731,-0.7927704,-0.30412292,9.728241
327875706148979,-0.7856293,-0.32792664,9.8472595
327875716158745,-0.7665863,-0.31840515,9.7829895
327875726137993,-0.80229187,-0.34458923,9.775848
327875736147759,-0.79039,-0.32792664,9.802032
327875746127007,-0.8332367,-0.33506775,9.733002
327875756136772,-0.77134705,-0.29936218,9.766327
327875766115099,-0.82133484,-0.330307,9.78775
327875776124865,-0.77848816,-0.34934998,9.802032
327875786134631,-0.8260956,-0.3231659,9.773468
327875796113879,-0.79515076,-0.30888367,9.735382
327875806245715,-0.8141937,-0.27079773,9.809174
327875816163927,-0.78086853,-0.2969818,9.759186
327875826204211,-0.81181335,-0.3564911,9.794891
327875836122423,-0.82847595,-0.31126404,9.809174
327875831361681,-0.7939606,-0.32232666,9.781799
327875846101672,-0.79039,-0.34934998,9.733002
327875856080920,-0.7594452,-0.33268738,9.778229
327875866090685,-0.8237152,-0.31840515,9.792511
327875876100451,-0.8141937,-0.33506775,9.811554
327875886049181,-0.78086853,-0.2731781,9.799652
327875896119982,-0.7737274,-0.29460144,9.771088
327875906160265,-0.78086853,-0.32554626,9.813934
327875916139513,-0.7523041,-0.32792664,9.799652
327875926118761,-0.81895447,-0.3136444,9.8472595
327875936128527,-0.809433,-0.34220886,9.766327
327875946107775,-0.7737274,-0.31126404,9.863922
327875956117541,-0.8165741,-0.28269958,9.790131
327875966279894,-0.8141937,-0.3564911,9.8472595
327875976045519,-0.80467224,-0.31126404,9.840118
327875986055285,-0.8070526,-0.31840515,9.804413
327875996034533,-0.8403778,-0.31126404,9.749664
327876006044298,-0.75468445,-0.30888367,9.7829895
327876016054064,-0.7761078,-0.2803192,9.85202
327876026033312,-0.7927704,-0.33268738,9.771088
327876035982043,-0.7975311,-0.32078552,9.842499
327876031221300,-0.79408264,-0.31733704,9.802872
327876046022326,-0.78800964,-0.35173035,9.78775
327876056032091,-0.79039,-0.29460144,9.790131
327876066011340,-0.78800964,-0.27555847,9.809174
327876075532824,-0.8141937,-0.29460144,9.7829895
327876086030871,-0.79039,-0.34220886,9.78537
327876096010119,-0.78800964,-0.36125183,9.816315
327876106019884,-0.8332367,-0.31126404,9.742523
327876115999132,-0.80467224,-0.29936218,9.840118
327876126008898,-0.7999115,-0.3136444,9.813934
327876135988146,-0.8070526,-0.30888367,9.811554
327876145997912,-0.76182556,-0.29936218,9.735382
327876155977160,-0.7737274,-0.3231659,9.768707
327876165986925,-0.79039,-0.2969818,9.797272
327876175996691,-0.7975311,-0.30174255,9.809174
327876185975939,-0.7737274,-0.3065033,9.799652
327876195985705,-0.7761078,-0.33506775,9.792511
327876205995470,-0.80467224,-0.3136444,9.854401
327876215974718,-0.7832489,-0.30888367,9.823456
327876225984484,-0.7927704,-0.35411072,9.768707
327876235994250,-0.79515076,-0.31840515,9.809174
327876231233507,-0.7926483,-0.31555176,9.796921
327876245973498,-0.7975311,-0.3231659,9.828217
327876255952746,-0.8141937,-0.33744812,9.744904
327876265993029,-0.7999115,-0.330307,9.871063
327876275972277,-0.7856293,-0.3065033,9.7829895
327876285951525,-0.79515076,-0.32554626,9.802032
327876295991808,-0.7927704,-0.33744812,9.794891
327876305971056,-0.81181335,-0.3231659,9.821075
327876315980822,-0.7975311,-0.2803192,9.742523
327876325960070,-0.8070526,-0.30174255,9.799652
327876335939318,-0.8427582,-0.33506775,9.759186
327876345949084,-0.80467224,-0.3065033,9.804413
327876355958849,-0.7927704,-0.3065033,9.797272
327876365938097,-0.8070526,-0.3136444,9.756805
327876375947863,-0.7665863,-0.30412292,9.773468
327876385927111,-0.83561707,-0.31602478,9.759186
327876395936877,-0.8070526,-0.330307,9.752045
327876405946642,-0.7665863,-0.34220886,9.830597
327876416017443,-0.82847595,-0.32792664,9.842499
327876425935656,-0.7737274,-0.30174255,9.749664
327876435914904,-0.76420593,-0.33744812,9.792511
327876431154162,-0.79956055,-0.3193512,9.790253
327876445924670,-0.7999115,-0.30888367,9.840118
327876455934435,-0.809433,-0.31126404,9.840118
327876465913683,-0.7927704,-0.32792664,9.799652
327876475923449,-0.809433,-0.3231659,9.773468
327876485902697,-0.79039,-0.30174255,9.799652
327876495912463,-0.77848816,-0.35887146,9.759186
327876505922228,-0.809433,-0.2969818,9.749664
327876515931994,-0.7927704,-0.30888367,9.730621
327876525911242,-0.81895447,-0.330307,9.780609
327876535921007,-0.7856293,-0.30412292,9.78775
327876545900256,-0.7975311,-0.37077332,9.844879
327876555879504,-0.81181335,-0.30174255,9.811554
327876565889269,-0.80229187,-0.34458923,9.799652
327876575899035,-0.80229187,-0.3136444,9.761566
327876585908800,-0.77134705,-0.37791443,9.797272
327876595888048,-0.8141937,-0.32554626,9.823456
327876605867297,-0.7665863,-0.34458923,9.811554
327876615877062,-0.7832489,-0.29460144,9.749664
327876625886828,-0.7832489,-0.32554626,9.78775
327876635866076,-0.7689667,-0.33268738,9.799652
327876631105334,-0.7944336,-0.3251953,9.792389
327876645875841,-0.7975311,-0.35173035,9.78537
327876655885607,-0.81895447,-0.36601257,9.742523
327876665864855,-0.80229187,-0.35173035,9.747284
327876675874621,-0.7832489,-0.34934998,9.806793
327876685884386,-0.78800964,-0.31602478,9.837738
327876695863634,-0.7975311,-0.32078552,9.768707
327876705873400,-0.76182556,-0.28746033,9.840118
327876715883166,-0.8165741,-0.32078552,9.792511
327876725831896,-0.7975311,-0.34220886,9.7829895
327876735841662,-0.76182556,-0.2731781,9.780609
327876745851427,-0.7737274,-0.35173035,9.763947
327876755861193,-0.7927704,-0.31602478,9.828217
327876765840441,-0.7927704,-0.31602478,9.775848
327876775850207,-0.8165741,-0.32792664,9.78775
327876785829455,-0.82133484,-0.29222107,9.868683
327876795839220,-0.82133484,-0.32792664,9.818695
327876805818468,-0.79515076,-0.35887146,9.85202
327876815828234,-0.79515076,-0.33506775,9.749664
327876825807482,-0.81895447,-0.30412292,9.794891
327876835817248,-0.7999115,-0.3469696,9.794891
327876831056506,-0.7976532,-0.32780457,9.795959
327876845796496,-0.7856293,-0.31840515,9.806793
327876855806261,-0.79515076,-0.32792664,9.797272
327876865816027,-0.7761078,-0.33268738,9.773468
327876875795275,-0.8141937,-0.3231659,9.802032
327876885805041,-0.79515076,-0.30174255,9.78537
327876895784289,-0.8141937,-0.35887146,9.754425
327876905855090,-0.7832489,-0.2969818,9.752045
327876915834338,-0.809433,-0.2969818,9.804413
327876925844103,-0.7737274,-0.330307,9.780609
327876935823351,-0.77134705,-0.32554626,9.728241
327876945802599,-0.7856293,-0.34458923,9.823456
327876955812365,-0.8475189,-0.36839294,9.813934
327876965791613,-0.82133484,-0.3231659,9.763947
327876976015002,-0.809433,-0.34458923,9.794891
327876985780627,-0.7927704,-0.32792664,9.773468
327876995729357,-0.8141937,-0.33744812,9.742523
327877005739123,-0.8070526,-0.32554626,9.78775
327877015748888,-0.7832489,-0.32078552,9.754425
327877025819689,-0.8165741,-0.31840515,9.759186
327877035737902,-0.82133484,-0.3469696,9.802032
327877030977160,-0.80085754,-0.32852173,9.780014
327877045747668,-0.8070526,-0.32554626,9.780609
327877055726916,-0.78086853,-0.30888367,9.792511
327877065706164,-0.7975311,-0.33268738,9.840118
327877075746447,-0.8070526,-0.30174255,9.842499
327877085725695,-0.7975311,-0.3231659,9.859161
327877095735461,-0.809433,-0.37791443,9.809174
327877105714709,-0.79039,-0.3231659,9.78775
327877115693957,-0.79515076,-0.34458923,9.8472595
327877125703722,-0.809433,-0.32554626,9.830597
327877135713488,-0.8165741,-0.30888367,9.840118
327877145692736,-0.7570648,-0.33268738,9.740143
327877155702502,-0.7832489,-0.34220886,9.763947
327877165681750,-0.79515076,-0.33506775,9.854401
327877175691515,-0.83799744,-0.31126404,9.828217
327877185670763,-0.81895447,-0.2898407,9.806793
327877195680529,-0.77848816,-0.32792664,9.754425
327877205690295,-0.79515076,-0.31602478,9.802032
327877215669543,-0.79515076,-0.31126404,9.804413
327877225679308,-0.78086853,-0.32078552,9.804413
327877235658556,-0.77848816,-0.29936218,9.749664
327877230897814,-0.7965851,-0.32292175,9.806915
327877245668322,-0.7999115,-0.35173035,9.790131
327877255647570,-0.8403778,-0.330307,9.842499
327877265657336,-0.7856293,-0.31840515,9.778229
327877275667101,-0.80467224,-0.330307,9.818695
327877285646349,-0.8260956,-0.28507996,9.754425
327877295656115,-0.7856293,-0.31840515,9.737762
327877305635363,-0.8165741,-0.31126404,9.837738
327877315645129,-0.7999115,-0.32554626,9.844879
327877325624377,-0.79039,-0.330307,9.771088
327877335634142,-0.80229187,-0.31840515,9.842499
327877345643908,-0.8403778,-0.31602478,9.821075
327877355623156,-0.809433,-0.3231659,9.832977
327877365632922,-0.7999115,-0.34458923,9.856781
327877375612170,-0.8260956,-0.34458923,9.799652
327877385591418,-0.82133484,-0.3136444,9.825836
327877395631701,-0.76182556,-0.330307,9.804413
327877405610949,-0.79515076,-0.3398285,9.775848
327877415590197,-0.82133484,-0.31602478,9.804413
327877425599963,-0.81895447,-0.29936218,9.775848
327877435579211,-0.78800964,-0.32792664,9.771088
327877430818468,-0.80670166,-0.323761,9.804291
327877445588976,-0.79039,-0.3398285,9.752045
327877455598742,-0.8165741,-0.33506775,9.775848
327877465577990,-0.80229187,-0.34934998,9.813934
327877475587756,-0.78800964,-0.30412292,9.802032
327877485597521,-0.8070526,-0.33744812,9.813934
327877495576769,-0.7665863,-0.34220886,9.804413
327877505556017,-0.79515076,-0.28269958,9.811554
327877515565783,-0.7999115,-0.32554626,9.78775
327877525575548,-0.7761078,-0.32554626,9.823456
327877535554797,-0.74754333,-0.31840515,9.761566
327877545564562,-0.80467224,-0.3636322,9.742523
327877555543810,-0.80229187,-0.2803192,9.775848
327877565553576,-0.79039,-0.33744812,9.794891
327877575563341,-0.7975311,-0.30412292,9.825836
327877585542590,-0.82133484,-0.34220886,9.835358
327877595552355,-0.7737274,-0.30412292,9.790131
327877605531603,-0.8141937,-0.30412292,9.816315
327877615541369,-0.80229187,-0.330307,9.744904
327877625520617,-0.78800964,-0.29936218,9.747284
327877635591418,-0.82133484,-0.330307,9.830597
327877630830675,-0.7952728,-0.32281494,9.792511
327877645509631,-0.80467224,-0.32554626,9.740143
327877655519396,-0.76420593,-0.3065033,9.771088
327877665529162,-0.809433,-0.3065033,9.794891
327877675508410,-0.79039,-0.30888367,9.766327
327877685518175,-0.8165741,-0.3136444,9.818695
327877695497423,-0.78800964,-0.3231659,9.766327
327877705507189,-0.78800964,-0.33506775,9.816315
327877715516955,-0.82847595,-0.3398285,9.8472595
327877725496203,-0.7665863,-0.32554626,9.759186
327877735505968,-0.80229187,-0.2969818,9.778229
327877745485216,-0.7999115,-0.32078552,9.835358
327877755494982,-0.77134705,-0.3469696,9.811554
327877765504748,-0.83799744,-0.33268738,9.792511
327877775483996,-0.76420593,-0.3398285,9.804413
327877785493761,-0.8165741,-0.28269958,9.804413
327877795503527,-0.8260956,-0.3398285,9.811554
327877805482775,-0.8165741,-0.37077332,9.813934
327877815492541,-0.8070526,-0.32554626,9.756805
327877825471789,-0.7856293,-0.31602478,9.811554
327877835481554,-0.82133484,-0.32078552,9.816315
327877830720812,-0.80026245,-0.32388306,9.795837
327877845460802,-0.8141937,-0.32554626,9.778229
327877855470568,-0.8332367,-0.3065033,9.823456
327877865449816,-0.78800964,-0.3231659,9.811554
327877875459582,-0.7975311,-0.3398285,9.799652
327877885469347,-0.8237152,-0.31840515,9.813934
327877895448595,-0.7999115,-0.32078552,9.780609
327877905519396,-0.8070526,-0.33506775,9.763947
327877915498644,-0.80467224,-0.29222107,9.740143
327877925508410,-0.7927704,-0.30174255,9.754425
327877935487658,-0.77134705,-0.32792664,9.799652
327877945466906,-0.8165741,-0.3136444,9.78775
327877955476672,-0.8165741,-0.3231659,9.813934
327877965516955,-0.8070526,-0.34220886,9.806793
327877975435168,-0.82847595,-0.330307,9.771088
327877985414416,-0.809433,-0.31840515,9.747284
327877995424181,-0.8141937,-0.3636322,9.768707
327878005433947,-0.77848816,-0.32554626,9.78537
327878015413195,-0.7927704,-0.35411072,9.811554
327878025422961,-0.77848816,-0.27793884,9.811554
327878035432726,-0.7832489,-0.30412292,9.771088
327878030671984,-0.80288696,-0.32221985,9.787033
327878045411974,-0.8237152,-0.31126404,9.821075
327878055421740,-0.8308563,-0.330307,9.773468
327878065400988,-0.7927704,-0.3231659,9.842499
327878075410754,-0.8141937,-0.28746033,9.792511
327878085390002,-0.8165741,-0.33744812,9.799652
327878095399767,-0.7594452,-0.32792664,9.799652
327878105379015,-0.77134705,-0.2969818,9.830597
327878115388781,-0.80229187,-0.31602478,9.806793
327878125398547,-0.7975311,-0.2898407,9.804413
327878135377795,-0.79515076,-0.32792664,9.825836
327878145387560,-0.7975311,-0.29460144,9.766327
327878155366808,-0.80467224,-0.31126404,9.737762
327878165346056,-0.7832489,-0.30174255,9.702057
327878175355822,-0.7975311,-0.29460144,9.816315
327878185365588,-0.83799744,-0.31126404,9.802032
327878195344836,-0.82847595,-0.3136444,9.756805
327878205354601,-0.79039,-0.2969818,9.7211
327878215333849,-0.7975311,-0.30888367,9.763947
327878225343615,-0.80467224,-0.32792664,9.768707
327878235353381,-0.8070526,-0.3136444,9.780609
327878230592638,-0.8026428,-0.31114197,9.785614
327878245393664,-0.7737274,-0.32792664,9.797272
327878255311877,-0.7737274,-0.330307,9.804413
327878265321642,-0.79039,-0.33268738,9.804413
327878275331408,-0.8141937,-0.3136444,9.8472595
327878285310656,-0.809433,-0.31602478,9.806793
327878295320422,-0.73802185,-0.30888367,9.766327
327878305330187,-0.79515076,-0.32792664,9.761566
327878315309435,-0.7689667,-0.30888367,9.78537
327878325319201,-0.81181335,-0.31602478,9.761566
327878335298449,-0.7689667,-0.3065033,9.799652
327878345308215,-0.7832489,-0.31602478,9.771088
327878355317980,-0.8070526,-0.33506775,9.835358
327878365297228,-0.7999115,-0.31840515,9.804413
327878375306994,-0.8260956,-0.33744812,9.752045
327878385286242,-0.81895447,-0.33506775,9.744904
327878395296007,-0.82133484,-0.34220886,9.835358
327878405305773,-0.7737274,-0.34220886,9.813934
327878415285021,-0.7832489,-0.330307,9.7829895
327878425294787,-0.8165741,-0.31126404,9.854401
327878435274035,-0.80467224,-0.29936218,9.837738
327878430513293,-0.7939606,-0.32281494,9.79834
327878445283800,-0.809433,-0.33506775,9.773468
327878455293566,-0.8141937,-0.34220886,9.790131
327878465272814,-0.83561707,-0.31840515,9.844879
327878475282580,-0.75468445,-0.35173035,9.771088
327878485261828,-0.7927704,-0.3065033,9.825836
327878495271593,-0.7737274,-0.34934998,9.794891
327878505250841,-0.809433,-0.32078552,9.78537
327878515260607,-0.80229187,-0.3065033,9.780609
327878525270373,-0.81181335,-0.3231659,9.78775
327878535280138,-0.78086853,-0.32078552,9.792511
327878545259386,-0.8260956,-0.34458923,9.78537
327878555238634,-0.83799744,-0.3231659,9.752045
327878565248400,-0.8237152,-0.31126404,9.804413
327878575258166,-0.8237152,-0.30412292,9.802032
327878585267931,-0.80467224,-0.34220886,9.78537
327878595247179,-0.8165741,-0.31602478,9.778229
327878605226427,-0.7999115,-0.29936218,9.854401
327878615236193,-0.79515076,-0.32078552,9.742523
327878625245959,-0.809433,-0.34220886,9.802032
327878635255724,-0.809433,-0.32792664,9.861542
327878630494982,-0.8065796,-0.32530212,9.795731
327878645204455,-0.7737274,-0.30412292,9.832977
327878655214220,-0.7832489,-0.30174255,9.806793
327878665223986,-0.7594452,-0.3231659,9.771088
327878675203234,-0.82847595,-0.33506775,9.749664
327878685213000,-0.81895447,-0.3398285,9.780609
327878695222765,-0.79039,-0.31126404,9.794891
327878705202013,-0.80229187,-0.33506775,9.813934
327878715211779,-0.78800964,-0.28269958,9.811554
327878725221545,-0.81181335,-0.3231659,9.752045
327878735200793,-0.81895447,-0.32554626,9.790131
327878745210558,-0.7832489,-0.3398285,9.768707
327878755189806,-0.82847595,-0.330307,9.780609
327878765199572,-0.8141937,-0.31840515,9.816315
327878775178820,-0.78086853,-0.330307,9.759186
327878785249621,-0.7975311,-0.3636322,9.8472595
327878795228869,-0.8070526,-0.32792664,9.802032
327878805238634,-0.7689667,-0.33268738,9.835358
327878815248400,-0.78086853,-0.29460144,9.766327
327878825227648,-0.83799744,-0.34934998,9.821075
327878835237414,-0.7856293,-0.2969818,9.818695
327878830476672,-0.79800415,-0.32328796,9.795959
327878845186144,-0.7856293,-0.2898407,9.794891
327878855226427,-0.80229187,-0.31126404,9.775848
327878865175158,-0.7927704,-0.34220886,9.759186
327878875184923,-0.76182556,-0.31840515,9.806793
327878885164172,-0.8141937,-0.29222107,9.804413
327878895204455,-0.7999115,-0.35411072,9.790131
327878905153185,-0.78800964,-0.330307,9.756805
327878915193468,-0.80229187,-0.34458923,9.78775
327878925203234,-0.78086853,-0.3469696,9.78537
327878935213000,-0.7927704,-0.330307,9.740143
327878945192248,-0.82133484,-0.32792664,9.759186
327878955202013,-0.8237152,-0.30412292,9.792511
327878965150744,-0.79515076,-0.31602478,9.761566
327878975129992,-0.79515076,-0.30888367,9.823456
327878985139757,-0.81181335,-0.33268738,9.818695
327878995119006,-0.80229187,-0.30174255,9.875824
327879005128771,-0.77848816,-0.34934998,9.816315
327879015138537,-0.7689667,-0.29222107,9.792511
327879025117785,-0.809433,-0.31602478,9.811554
327879035097033,-0.7737274,-0.31840515,9.821075
327879030336291,-0.7950287,-0.32138062,9.793701
327879045106798,-0.80229187,-0.34934998,9.7829895
327879055116564,-0.77134705,-0.2969818,9.78537
327879065095812,-0.7999115,-0.32792664,9.799652
327879075105578,-0.80229187,-0.32792664,9.880585
327879085115343,-0.74516296,-0.33744812,9.837738
327879095094591,-0.8427582,-0.28746033,9.816315
327879105104357,-0.7975311,-0.33268738,9.818695
327879115083605,-0.79039,-0.3469696,9.742523
327879125093371,-0.7999115,-0.33506775,9.825836
327879135103136,-0.82847595,-0.33268738,9.842499
327879145082384,-0.7427826,-0.32554626,9.773468
327879155092150,-0.7975311,-0.2803192,9.780609
327879165071398,-0.8141937,-0.32078552,9.882965
327879175081164,-0.82133484,-0.29460144,9.828217
327879185090929,-0.7832489,-0.330307,9.725861
327879195070177,-0.83561707,-0.29460144,9.744904
327879205079943,-0.7832489,-0.33506775,9.78537
327879215059191,-0.8070526,-0.3398285,9.766327
327879225068957,-0.8141937,-0.32792664,9.761566
327879235078722,-0.8165741,-0.35887146,9.78537
327879230317980,-0.7997894,-0.32411194,9.79834
327879245057970,-0.8427582,-0.32078552,9.816315
327879255067736,-0.7761078,-0.31602478,9.78537
327879265077502,-0.7737274,-0.34934998,9.7829895
327879275056750,-0.82133484,-0.30412292,9.78775
327879285066515,-0.7832489,-0.3136444,9.775848
327879295076281,-0.7832489,-0.31840515,9.811554
327879305055529,-0.7927704,-0.32078552,9.790131
327879315065295,-0.80229187,-0.31840515,9.840118
327879325044543,-0.78086853,-0.32792664,9.790131
327879335023791,-0.77134705,-0.34220886,9.790131
327879345033556,-0.809433,-0.30412292,9.823456
327879355043322,-0.78800964,-0.3398285,9.816315
327879365022570,-0.7594452,-0.32554626,9.7829895
327879375032336,-0.7975311,-0.28746033,9.797272
327879385011584,-0.77134705,-0.30174255,9.771088
327879395021349,-0.8070526,-0.36125183,9.766327
327879405031115,-0.77134705,-0.31602478,9.761566
327879415040881,-0.76420593,-0.29936218,9.832977
327879425020129,-0.809433,-0.33268738,9.78775
327879434999377,-0.7999115,-0.3231659,9.752045
327879430238634,-0.79026794,-0.32113647,9.793106
327879445070177,-0.7999115,-0.37553406,9.735382
327879455018908,-0.7523041,-0.34934998,9.733002
327879465059191,-0.8260956,-0.29936218,9.813934
327879475007922,-0.8332367,-0.3231659,9.811554
327879484987170,-0.7856293,-0.33506775,9.818695
327879494996935,-0.7761078,-0.32078552,9.728241
327879504976183,-0.79039,-0.30412292,9.778229
327879514985949,-0.79515076,-0.30888367,9.794891
327879524965197,-0.7856293,-0.31840515,9.78775
327879535005480,-0.79039,-0.3065033,9.7829895
327879544984728,-0.82133484,-0.32078552,9.794891
327879554963976,-0.77848816,-0.32792664,9.816315
327879564973742,-0.8141937,-0.2969818,9.828217
327879574952990,-0.80229187,-0.33744812,9.790131
327879584962756,-0.8308563,-0.32078552,9.749664
327879594972521,-0.8141937,-0.35411072,9.78775
327879604951769,-0.79515076,-0.3231659,9.78537
327879614961535,-0.78086853,-0.3136444,9.78775
327879624940783,-0.83799744,-0.330307,9.730621
327879634950548,-0.78086853,-0.31126404,9.771088
327879630189806,-0.79956055,-0.32388306,9.781326
327879644929797,-0.8165741,-0.34458923,9.754425
327879654939562,-0.8141937,-0.37077332,9.806793
327879664918810,-0.7975311,-0.32792664,9.806793
327879674928576,-0.80229187,-0.31602478,9.766327
327879684938341,-0.80467224,-0.330307,9.802032
327879694917590,-0.7927704,-0.330307,9.78537
327879704927355,-0.7999115,-0.32792664,9.778229
327879714937121,-0.77134705,-0.31126404,9.792511
327879724916369,-0.8165741,-0.33506775,9.778229
327879734926134,-0.7927704,-0.34220886,9.816315
327879744935900,-0.7856293,-0.36601257,9.816315
327879754915148,-0.7975311,-0.36601257,9.8472595
327879764924914,-0.83799744,-0.35411072,9.859161
327879774904162,-0.78086853,-0.30412292,9.775848
327879784913927,-0.82133484,-0.36601257,9.740143
327879794923693,-0.79515076,-0.34220886,9.8472595
327879804902941,-0.7594452,-0.33268738,9.775848
327879814912707,-0.7927704,-0.33506775,9.771088
327879824891955,-0.79039,-0.27079773,9.780609
327879834901720,-0.8141937,-0.330307,9.763947
327879830140978,-0.79919434,-0.33518982,9.793228
327879844911486,-0.7999115,-0.3065033,9.775848
327879854890734,-0.7832489,-0.31126404,9.78537
327879864900500,-0.79039,-0.26841736,9.809174
327879874879748,-0.79039,-0.330307,9.756805
327879884920031,-0.7856293,-0.32078552,9.825836
327879894868761,-0.8260956,-0.33506775,9.768707
327879904909045,-0.7927704,-0.330307,9.804413
327879915651232,-0.8332367,-0.33506775,9.794891
327879924898058,-0.78800964,-0.3231659,9.780609
327879934877306,-0.80467224,-0.30412292,9.768707
327879944856554,-0.7665863,-0.32554626,9.821075
327879954896838,-0.809433,-0.32078552,9.811554
327879964876086,-0.8332367,-0.34458923,9.811554
327879974885851,-0.7999115,-0.27793884,9.794891
327879984895617,-0.81181335,-0.34934998,9.768707
327879994844347,-0.7737274,-0.29460144,9.711578
327880004854113,-0.77134705,-0.330307,9.794891
327880014863879,-0.81895447,-0.36125183,9.771088
327880024873644,-0.8237152,-0.31602478,9.811554
327880034883410,-0.8332367,-0.3564911,9.811554
327880030122668,-0.80181885,-0.32209778,9.78894
327880044862658,-0.7975311,-0.36125183,9.856781
327880054872423,-0.7927704,-0.3398285,9.773468
327880064851672,-0.7975311,-0.33268738,9.771088
327880074922472,-0.79039,-0.27555847,9.749664
327880084840685,-0.8260956,-0.3136444,9.752045
327880094850451,-0.80467224,-0.3136444,9.816315
327880104860216,-0.7761078,-0.2898407,9.823456
327880114839465,-0.77848816,-0.3231659,9.828217
327880124849230,-0.8141937,-0.28746033,9.766327
327880134858996,-0.79515076,-0.34220886,9.747284
327880144838244,-0.79039,-0.3136444,9.811554
327880154848009,-0.79515076,-0.330307,9.778229
327880164827257,-0.7975311,-0.3065033,9.792511
327880174837023,-0.7975311,-0.32554626,9.797272
327880184816271,-0.7856293,-0.33268738,9.744904
327880194826037,-0.82847595,-0.27079773,9.816315
327880204805285,-0.8141937,-0.33506775,9.816315
327880214784533,-0.809433,-0.30888367,9.809174
327880224824816,-0.7594452,-0.3636322,9.809174
327880234804064,-0.80467224,-0.30412292,9.761566
327880230043322,-0.79777527,-0.31852722,9.791077
327880244813830,-0.7975311,-0.31126404,9.754425
327880254793078,-0.7856293,-0.35173035,9.756805
327880264802843,-0.8403778,-0.32078552,9.759186
327880274782091,-0.7927704,-0.3136444,9.747284
327880284791857,-0.76420593,-0.3469696,9.766327
327880294771105,-0.8070526,-0.31126404,9.759186
327880304780871,-0.7999115,-0.30888367,9.837738
327880314790636,-0.8237152,-0.28269958,9.761566
327880324769884,-0.81181335,-0.28507996,9.811554
327880334749132,-0.81895447,-0.27555847,9.78775
327880344758898,-0.8260956,-0.2803192,9.771088
327880354768664,-0.78086853,-0.34458923,9.773468
327880364747912,-0.77848816,-0.31126404,9.775848
327880374757677,-0.7856293,-0.3231659,9.809174
327880384736925,-0.78086853,-0.34934998,9.744904
327880394746691,-0.8237152,-0.3231659,9.804413
327880404756457,-0.8070526,-0.31126404,9.84964
327880414735705,-0.83561707,-0.36125183,9.830597
327880424745470,-0.80467224,-0.32078552,9.809174
327880434724718,-0.76182556,-0.33506775,9.804413
327880429963976,-0.8013458,-0.31840515,9.785721
327880444734484,-0.7570648,-0.34458923,9.811554
327880454713732,-0.8237152,-0.3136444,9.752045
327880464723498,-0.8165741,-0.33744812,9.823456
327880474702746,-0.8165741,-0.34458923,9.806793
327880484712511,-0.7689667,-0.34458923,9.832977
327880494722277,-0.7570648,-0.30412292,9.818695
327880504701525,-0.80467224,-0.33744812,9.856781
327880514711291,-0.7999115,-0.33268738,9.78537
327880524690539,-0.80229187,-0.31126404,9.8472595
327880534669787,-0.79515076,-0.3231659,9.816315
327880544710070,-0.77134705,-0.31602478,9.771088
327880554689318,-0.8141937,-0.35411072,9.780609
327880564668566,-0.77848816,-0.2898407,9.792511
327880574678332,-0.7999115,-0.30888367,9.780609
327880584688097,-0.79039,-0.28746033,9.802032
327880594667345,-0.82847595,-0.34220886,9.775848
327880604646593,-0.7975311,-0.30888367,9.771088
327880614656359,-0.8070526,-0.3231659,9.771088
327880624666125,-0.80467224,-0.2898407,9.747284
327880634645373,-0.7927704,-0.35173035,9.773468
327880629884631,-0.79634094,-0.32328796,9.795837
327880644655138,-0.8165741,-0.34458923,9.797272
327880654634386,-0.78800964,-0.32078552,9.821075
327880664644152,-0.7737274,-0.3398285,9.733002
327880674623400,-0.82133484,-0.35887146,9.790131
327880684694201,-0.80229187,-0.330307,9.763947
327880694642931,-0.8165741,-0.34458923,9.790131
327880704622179,-0.77134705,-0.35887146,9.773468
327880714631945,-0.7856293,-0.30174255,9.778229
327880724611193,-0.78800964,-0.32554626,9.837738
327880734620959,-0.8260956,-0.36839294,9.813934
327880744630724,-0.7856293,-0.3136444,9.778229
327880754609972,-0.7856293,-0.3136444,9.780609
327880764619738,-0.7761078,-0.34220886,9.825836
327880774568468,-0.7927704,-0.31840515,9.804413
327880784608752,-0.82847595,-0.33744812,9.818695
327880794588000,-0.77848816,-0.33506775,9.840118
327880804597765,-0.80467224,-0.34934998,9.842499
327880814577013,-0.8260956,-0.33744812,9.823456
327880824556261,-0.79515076,-0.30174255,9.775848
327880834566027,-0.7927704,-0.2898407,9.813934
327880829805285,-0.79777527,-0.33161926,9.800125
327880844575793,-0.81181335,-0.33268738,9.761566
327880854585558,-0.77134705,-0.330307,9.78537
327880864564806,-0.7689667,-0.30174255,9.837738
327880874574572,-0.8165741,-0.28507996,9.821075
327880884584338,-0.81895447,-0.36839294,9.773468
327880894533068,-0.809433,-0.27555847,9.771088
327880904542834,-0.7832489,-0.3136444,9.840118
327880914552599,-0.81895447,-0.2969818,9.825836
327880924531847,-0.85466003,-0.30174255,9.790131
327880934541613,-0.81181335,-0.35887146,9.794891
327880944520861,-0.7832489,-0.29222107,9.771088
327880954530627,-0.8070526,-0.34458923,9.797272
327880964540392,-0.7832489,-0.33506775,9.761566
327880974550158,-0.8070526,-0.35173035,9.740143
327880984529406,-0.7594452,-0.32792664,9.763947
327880994508654,-0.7832489,-0.33268738,9.816315
327881004518420,-0.7927704,-0.37077332,9.799652
327881014528185,-0.8141937,-0.2898407,9.813934
327881024507433,-0.7737274,-0.32554626,9.775848
327881034517199,-0.7761078,-0.3065033,9.766327
327881029756457,-0.797287,-0.32209778,9.790375
327881044496447,-0.7999115,-0.32792664,9.797272
327881054506213,-0.81181335,-0.29460144,9.771088
327881064515978,-0.8070526,-0.31840515,9.811554
327881074495226,-0.78800964,-0.3398285,9.778229
327881084504992,-0.81181335,-0.3136444,9.823456
327881094514757,-0.78800964,-0.32792664,9.773468
327881104494006,-0.78800964,-0.3469696,9.856781
327881114412218,-0.8165741,-0.30888367,9.842499
327881124483019,-0.80229187,-0.3065033,9.78775
327881134492785,-0.78086853,-0.2898407,9.828217
327881144472033,-0.81181335,-0.31602478,9.823456
327881154481798,-0.78800964,-0.32792664,9.868683
327881164461047,-0.7737274,-0.31840515,9.813934
327881174470812,-0.79515076,-0.31840515,9.809174
327881184450060,-0.77134705,-0.31126404,9.759186
327881194459826,-0.77848816,-0.33744812,9.797272
327881204439074,-0.7927704,-0.2969818,9.761566
327881214418322,-0.809433,-0.35411072,9.804413
327881224428088,-0.75468445,-0.33506775,9.828217
327881234437853,-0.80229187,-0.32792664,9.832977
327881229677111,-0.7936096,-0.3209076,9.808456
327881244447619,-0.80229187,-0.31126404,9.728241
327881254396349,-0.8070526,-0.31840515,9.811554
327881264406115,-0.7975311,-0.31126404,9.811554
327881274415881,-0.7832489,-0.33506775,9.811554
327881284395129,-0.80229187,-0.31602478,9.790131
327881294465929,-0.78800964,-0.40171814,9.735382
327881304414660,-0.77134705,-0.32792664,9.813934
327881314393908,-0.78086853,-0.33506775,9.806793
327881324403673,-0.82847595,-0.3065033,9.816315
327881334382922,-0.8308563,-0.3065033,9.794891
327881344392687,-0.8141937,-0.30174255,9.804413
327881354371935,-0.8070526,-0.3065033,9.811554
327881364381701,-0.8237152,-0.3469696,9.804413
327881374360949,-0.8165741,-0.32554626,9.778229
327881384340197,-0.8141937,-0.2969818,9.78537
327881394380480,-0.7927704,-0.3231659,9.790131
327881404359728,-0.80467224,-0.3065033,9.775848
327881414369494,-0.80467224,-0.33506775,9.816315
327881424348742,-0.8141937,-0.31602478,9.816315
327881434327990,-0.7999115,-0.34220886,9.792511
327881429567248,-0.8041992,-0.32351685,9.794769
327881444337756,-0.80229187,-0.3231659,9.806793
327881454347521,-0.7761078,-0.31126404,9.7829895
327881464326769,-0.7832489,-0.31602478,9.832977
327881474336535,-0.7975311,-0.29222107,9.766327
327881484346300,-0.76182556,-0.32078552,9.811554
327881494325548,-0.7975311,-0.3469696,9.780609
327881504304797,-0.81181335,-0.3136444,9.806793
327881514345080,-0.83561707,-0.3398285,9.828217
327881524324328,-0.80467224,-0.32078552,9.763947
327881534303576,-0.78800964,-0.330307,9.749664
327881544313341,-0.78086853,-0.31840515,9.854401
327881554292590,-0.8308563,-0.31602478,9.802032
327881564302355,-0.82133484,-0.32554626,9.771088
327881574312121,-0.8141937,-0.33506775,9.821075
327881584291369,-0.80467224,-0.30174255,9.837738
327881594301134,-0.8165741,-0.3398285,9.825836
327881604280382,-0.8165741,-0.33506775,9.794891
327881614290148,-0.7999115,-0.29936218,9.771088
327881624299914,-0.82133484,-0.3231659,9.797272
327881634279162,-0.81181335,-0.32078552,9.761566
327881629518420,-0.803833,-0.3215027,9.79834
327881644258410,-0.76182556,-0.32078552,9.716339
327881654268175,-0.78800964,-0.33506775,9.771088
327881664277941,-0.80229187,-0.32792664,9.828217
327881674257189,-0.81895447,-0.3231659,9.802032
327881684266955,-0.7999115,-0.32078552,9.773468
327881694246203,-0.7689667,-0.30412292,9.811554
327881704255968,-0.8165741,-0.33268738,9.806793
327881714235216,-0.7856293,-0.32792664,9.818695
327881724244982,-0.7570648,-0.31126404,9.778229
327881734254748,-0.8165741,-0.33268738,9.8472595
327881744233996,-0.77848816,-0.3398285,9.797272
327881754243761,-0.78086853,-0.33268738,9.821075
327881764223009,-0.7999115,-0.32078552,9.766327
327881774202257,-0.79515076,-0.31602478,9.752045
327881784212023,-0.7856293,-0.32078552,9.811554
327881794221789,-0.8308563,-0.28507996,9.816315
327881804201037,-0.7975311,-0.34458923,9.813934
327881814210802,-0.79515076,-0.32078552,9.804413
327881824190050,-0.78800964,-0.3136444,9.747284
327881834199816,-0.80467224,-0.31126404,9.823456
327881829439074,-0.7936096,-0.32209778,9.795364
327881844209582,-0.7975311,-0.3469696,9.854401
327881854188830,-0.7975311,-0.35173035,9.749664
327881864198595,-0.7737274,-0.33744812,9.775848
327881874177843,-0.809433,-0.3136444,9.766327
327881884187609,-0.81181335,-0.32792664,9.835358
327881894166857,-0.80467224,-0.30174255,9.811554
327881904268175,-0.78086853,-0.3136444,9.792511
327881914186388,-0.80229187,-0.3136444,9.825836
327881924226672,-0.78800964,-0.33506775,9.811554
327881934205920,-0.78800964,-0.30888367,9.771088
327881944215685,-0.8070526,-0.33744812,9.821075
327881954194933,-0.7594452,-0.3469696,9.8663025
327881964204699,-0.78800964,-0.31840515,9.825836
327881974183947,-0.8141937,-0.3398285,9.802032
327881984193713,-0.7856293,-0.3136444,9.7211
327881994111925,-0.81895447,-0.3231659,9.804413
327882004121691,-0.7761078,-0.33744812,9.809174
327882014131457,-0.82133484,-0.330307,9.830597
327882024141222,-0.7975311,-0.3065033,9.854401
327882034120470,-0.80467224,-0.31126404,9.775848
327882029359728,-0.79634094,-0.3257904,9.805252
327882044099718,-0.80229187,-0.32078552,9.752045
327882054109484,-0.7927704,-0.31840515,9.806793
327882064088732,-0.81181335,-0.30888367,9.756805
327882074098498,-0.8070526,-0.31602478,9.790131
327882084108263,-0.8070526,-0.31602478,9.809174
327882094087511,-0.7761078,-0.34220886,9.802032
327882104097277,-0.7999115,-0.3398285,9.802032
327882114076525,-0.80467224,-0.29460144,9.813934
327882124055773,-0.80467224,-0.35411072,9.811554
327882134065539,-0.7975311,-0.33268738,9.792511
327882144075304,-0.7999115,-0.33268738,9.802032
327882154054552,-0.8165741,-0.330307,9.844879
327882164033800,-0.79039,-0.33268738,9.825836
327882174043566,-0.76182556,-0.33268738,9.78537
327882184022814,-0.7856293,-0.34220886,9.871063
327882194032580,-0.7832489,-0.31126404,9.780609
327882204042345,-0.8070526,-0.33268738,9.771088
327882214021593,-0.78086853,-0.30412292,9.813934
327882224031359,-0.81895447,-0.28746033,9.809174
327882234010607,-0.7761078,-0.33506775,9.802032
327882229249865,-0.7962189,-0.324234,9.802155
327882243989855,-0.85227966,-0.3469696,9.78537
327882253999621,-0.7761078,-0.32792664,9.792511
327882264009386,-0.7975311,-0.29936218,9.778229
327882273988634,-0.82133484,-0.3398285,9.78537
327882283967882,-0.83799744,-0.3136444,9.768707
327882293977648,-0.8165741,-0.32554626,9.825836
327882303956896,-0.78800964,-0.32554626,9.806793
327882313966662,-0.809433,-0.34220886,9.730621
327882323945910,-0.80229187,-0.32554626,9.7829895
327882333925158,-0.76420593,-0.32792664,9.7829895
327882343934923,-0.7927704,-0.33268738,9.816315
327882353944689,-0.7975311,-0.3469696,9.766327
327882363923937,-0.8237152,-0.32078552,9.780609
327882373933703,-0.7999115,-0.3636322,9.792511
327882383912951,-0.7523041,-0.31602478,9.72348
327882393922716,-0.7927704,-0.330307,9.768707
327882403901965,-0.78800964,-0.36125183,9.792511
327882413911730,-0.7689667,-0.3564911,9.844879
327882423890978,-0.82133484,-0.32078552,9.816315
327882433870226,-0.8308563,-0.31840515,9.759186
327882429109484,-0.8016968,-0.3320923,9.785019
327882443879992,-0.7832489,-0.330307,9.825836
327882453859240,-0.7927704,-0.31602478,9.802032
327882463869006,-0.7832489,-0.3136444,9.771088
327882473878771,-0.7975311,-0.33744812,9.861542
327882483858019,-0.78800964,-0.31840515,9.832977
327882493837267,-0.8141937,-0.32554626,9.756805
327882503847033,-0.85227966,-0.2731781,9.894867
327882513917834,-0.7975311,-0.30888367,9.816315
327882523836047,-0.8475189,-0.34934998,9.685394
327882533845812,-0.74754333,-0.4040985,9.780609
327882543825060,-0.85466003,-0.26841736,9.740143
327882553804308,-0.75468445,-0.35411072,9.799652
327882563814074,-0.809433,-0.33268738,9.823456
327882573823840,-0.7856293,-0.34934998,9.761566
327882583803088,-0.7689667,-0.33744812,9.837738
327882593812853,-0.809433,-0.31840515,9.737762
327882603792101,-0.7665863,-0.30888367,9.766327
327882613801867,-0.82133484,-0.33268738,9.754425
327882623781115,-0.7999115,-0.32078552,9.797272
327882633760363,-0.7927704,-0.31840515,9.744904
327882628999621,-0.79837036,-0.32589722,9.7895355
327882643770129,-0.8165741,-0.3065033,9.8472595
327882653779894,-0.7832489,-0.32078552,9.761566
327882663759142,-0.76420593,-0.33744812,9.747284
327882673738390,-0.7832489,-0.30888367,9.799652
327882683748156,-0.79515076,-0.36839294,9.813934
327882693757922,-0.7594452,-0.35173035,9.792511
327882703737170,-0.79039,-0.3136444,9.780609
327882713746935,-0.7975311,-0.32554626,9.78537
327882723695666,-0.79039,-0.2969818,9.816315
327882733735949,-0.7761078,-0.32078552,9.797272
327882743715197,-0.78800964,-0.330307,9.835358
327882753724963,-0.7999115,-0.3136444,9.763947
327882763704211,-0.82847595,-0.31602478,9.7829895
327882773683459,-0.83561707,-0.330307,9.773468
327882783693224,-0.8260956,-0.31602478,9.766327
327882793702990,-0.81181335,-0.33268738,9.818695
327882803682238,-0.8165741,-0.32078552,9.768707
327882813692004,-0.8165741,-0.330307,9.816315
327882823671252,-0.81181335,-0.34458923,9.763947
327882833681017,-0.8332367,-0.33744812,9.780609
327882828920275,-0.80122375,-0.32614136,9.790604
327882843660265,-0.7927704,-0.330307,9.794891
327882853670031,-0.84513855,-0.32078552,9.752045
327882863649279,-0.7761078,-0.28507996,9.797272
327882873659045,-0.85466003,-0.35887146,9.761566
327882883668810,-0.7975311,-0.32792664,9.823456
327882893648058,-0.78086853,-0.32078552,9.816315
327882904298693,-0.7832489,-0.31840515,9.792511
327882913637072,-0.8165741,-0.34458923,9.837738
327882923646838,-0.82133484,-0.33744812,9.797272
327882933626086,-0.8165741,-0.29460144,9.766327
327882943605334,-0.8403778,-0.30888367,9.811554
327882953615099,-0.7761078,-0.3564911,9.804413
327882963594347,-0.81895447,-0.31126404,9.768707
327882973604113,-0.8403778,-0.31840515,9.828217
327882983583361,-0.8070526,-0.32792664,9.844879
327882993562609,-0.7856293,-0.31602478,9.7829895
327883003572375,-0.80467224,-0.34458923,9.835358
327883013582140,-0.8498993,-0.3136444,9.840118
327883023561388,-0.8070526,-0.30888367,9.830597
327883033571154,-0.8165741,-0.28507996,9.804413
327883028810412,-0.8115692,-0.3215027,9.804535
327883043550402,-0.7999115,-0.32078552,9.78775
327883053529650,-0.7570648,-0.30888367,9.771088
327883063508898,-0.82847595,-0.33744812,9.799652
327883073518664,-0.77134705,-0.3136444,9.797272
327883083528429,-0.81181335,-0.30174255,9.792511
327883093507677,-0.7737274,-0.3065033,9.78537
327883103517443,-0.78800964,-0.34934998,9.771088
327883113466173,-0.7999115,-0.2898407,9.794891
327883123567492,-0.8165741,-0.30412292,9.763947
327883133485705,-0.80467224,-0.37077332,9.773468
327883143464953,-0.80229187,-0.45646667,9.756805
327883153474718,-0.7832489,-0.30412292,9.842499
327883163453966,-0.77848816,-0.29222107,9.825836
327883173463732,-0.82133484,-0.2398529,9.818695
327883183442980,-0.79039,-0.3136444,9.747284
327883193452746,-0.79515076,-0.34220886,9.78537
327883203431994,-0.77134705,-0.330307,9.775848
327883213441759,-0.77134705,-0.32078552,9.780609
327883223451525,-0.8260956,-0.34934998,9.759186
327883233430773,-0.7689667,-0.3398285,9.818695
327883228670031,-0.7930145,-0.32460022,9.787399
327883243410021,-0.8141937,-0.29222107,9.778229
327883253419787,-0.80467224,-0.3802948,9.806793
327883263399035,-0.76182556,-0.34934998,9.794891
327883273408800,-0.77134705,-0.330307,9.778229
327883283388048,-0.81895447,-0.3231659,9.823456
327883293397814,-0.8308563,-0.330307,9.799652
327883303377062,-0.8260956,-0.32078552,9.744904
327883313386828,-0.8403778,-0.2969818,9.78775
327883323366076,-0.7975311,-0.32078552,9.754425
327883333345324,-0.81181335,-0.32792664,9.756805
327883343355090,-0.7927704,-0.2803192,9.761566
327883353364855,-0.7927704,-0.31602478,9.759186
327883363344103,-0.7999115,-0.330307,9.78775
327883373353869,-0.77848816,-0.30174255,9.7829895
327883383333117,-0.79515076,-0.26841736,9.747284
327883393342882,-0.8237152,-0.34458923,9.78775
327883403322131,-0.80467224,-0.33268738,9.759186
327883413301379,-0.7832489,-0.30888367,9.754425
327883423311144,-0.80467224,-0.28269958,9.8472595
327883433290392,-0.7975311,-0.30888367,9.790131
327883428529650,-0.802536,-0.31733704,9.780136
327883443300158,-0.7832489,-0.31126404,9.816315
327883453279406,-0.7999115,-0.33268738,9.816315
327883463289172,-0.8070526,-0.33744812,9.790131
327883473268420,-0.7856293,-0.32554626,9.840118
327883483278185,-0.7832489,-0.28507996,9.830597
327883493257433,-0.79515076,-0.33744812,9.804413
327883503236681,-0.809433,-0.35887146,9.832977
327883513246447,-0.80467224,-0.3231659,9.780609
327883523256213,-0.7737274,-0.3065033,9.811554
327883533235461,-0.8570404,-0.32554626,9.768707
327883543214709,-0.8332367,-0.330307,9.7829895
327883553224474,-0.78086853,-0.36839294,9.711578
327883563234240,-0.8237152,-0.31602478,9.823456
327883573213488,-0.82133484,-0.30888367,9.830597
327883583223254,-0.7689667,-0.30412292,9.742523
327883593202502,-0.7927704,-0.33506775,9.809174
327883603181750,-0.83799744,-0.35173035,9.773468
327883613191515,-0.80229187,-0.33268738,9.773468
327883623170763,-0.7665863,-0.32554626,9.744904
327883633180529,-0.80467224,-0.3398285,9.813934
327883628419787,-0.8015747,-0.32780457,9.794891
327883643159777,-0.79515076,-0.32792664,9.802032
327883653169543,-0.8070526,-0.31602478,9.780609
327883663148791,-0.81895447,-0.34458923,9.775848
327883673158556,-0.8141937,-0.26365662,9.821075
327883683137804,-0.81181335,-0.30888367,9.802032
327883693147570,-0.79515076,-0.32554626,9.84964
327883703126818,-0.8308563,-0.3231659,9.752045
