328666924617421,-4.5776367E-4,2.593994E-4,-1.5258789E-4
328666924617421,-4.5776367E-4,2.593994E-4,-1.5258789E-4
328667124538075,-3.0517578E-5,2.593994E-4,2.746582E-4
328667124538075,-3.0517578E-5,2.593994E-4,2.746582E-4
328667324428212,1.373291E-4,5.187988E-4,-9.1552734E-5
328667324428212,1.373291E-4,5.187988E-4,-9.1552734E-5
328667524318349,-4.5776367E-4,4.7302246E-4,-1.9836426E-4
328667524318349,-4.5776367E-4,4.7302246E-4,-1.9836426E-4
328667724239003,-2.4414062E-4,1.5258789E-4,1.2207031E-4
328667724239003,-2.4414062E-4,1.5258789E-4,1.2207031E-4
328667924159657,-7.6293945E-5,6.866455E-4,2.746582E-4
328667924159657,-7.6293945E-5,6.866455E-4,2.746582E-4
328668124049794,7.6293945E-5,1.5258789E-4,6.1035156E-5
328668124049794,7.6293945E-5,1.5258789E-4,6.1035156E-5
328668323939931,-7.6293945E-5,1.9836426E-4,-3.6621094E-4
328668323939931,-7.6293945E-5,1.9836426E-4,-3.6621094E-4
328668523799550,2.89917E-4,6.2561035E-4,2.2888184E-4
328668523799550,2.89917E-4,6.2561035E-4,2.2888184E-4
328668723720204,1.373291E-4,4.119873E-4,-1.9836426E-4
328668723720204,1.373291E-4,4.119873E-4,-1.9836426E-4
328668923610341,-9.918213E-4,4.119873E-4,-4.5776367E-5
328668923610341,-9.918213E-4,4.119873E-4,-4.5776367E-5
328669123469960,-3.5095215E-4,-1.5258789E-5,1.6784668E-4
328669123469960,-3.5095215E-4,-1.5258789E-5,1.6784668E-4
328669323360097,-7.171631E-4,3.6621094E-4,-1.9836426E-4
328669323360097,-7.171631E-4,3.6621094E-4,-1.9836426E-4
328669523219716,-1.8310547E-4,3.6621094E-4,1.2207031E-4
328669523219716,-1.8310547E-4,3.6621094E-4,1.2207031E-4
328669723109853,7.6293945E-5,3.0517578E-4,-3.6621094E-4
328669723109853,7.6293945E-5,3.0517578E-4,-3.6621094E-4
328669922969472,-1.373291E-4,6.866455E-4,-1.9836426E-4
328669922969472,-1.373291E-4,6.866455E-4,-1.9836426E-4
328670122920644,-7.6293945E-5,7.9345703E-4,-1.9836426E-4
328670122920644,-7.6293945E-5,7.9345703E-4,-1.9836426E-4
328670322810780,7.6293945E-5,4.7302246E-4,-1.9836426E-4
328670322810780,7.6293945E-5,4.7302246E-4,-1.9836426E-4
328670522639882,-6.1035156E-4,2.593994E-4,1.6784668E-4
328670522639882,-6.1035156E-4,2.593994E-4,1.6784668E-4
328670722591054,-1.8310547E-4,2.593994E-4,1.2207031E-4
328670722591054,-1.8310547E-4,2.593994E-4,1.2207031E-4
328670922481191,1.8310547E-4,-6.1035156E-5,-2.89917E-4
328670922481191,1.8310547E-4,-6.1035156E-5,-2.89917E-4
328671122401845,-7.6293945E-5,0.0,-1.8310547E-4
328671122401845,-7.6293945E-5,0.0,-1.8310547E-4
328671322291982,7.6293945E-5,5.340576E-4,-7.6293945E-5
328671322291982,7.6293945E-5,5.340576E-4,-7.6293945E-5
328671522182118,-3.9672852E-4,0.0,-3.5095215E-4
328671522182118,-3.9672852E-4,0.0,-3.5095215E-4
328671722102773,1.373291E-4,1.5258789E-4,-2.89917E-4
328671722102773,1.373291E-4,1.5258789E-4,-2.89917E-4
328671921992909,6.1035156E-4,1.0681152E-4,-3.9672852E-4
328671921992909,6.1035156E-4,1.0681152E-4,-3.9672852E-4
328672121883046,-3.0517578E-5,0.0,-3.9672852E-4
328672121883046,-3.0517578E-5,0.0,-3.9672852E-4
328672321773183,5.0354004E-4,4.5776367E-5,7.6293945E-5
328672321773183,5.0354004E-4,4.5776367E-5,7.6293945E-5
328672521663319,-3.0517578E-5,2.1362305E-4,1.373291E-4
328672521663319,-3.0517578E-5,2.1362305E-4,1.373291E-4
328672721553456,-2.4414062E-4,-1.6784668E-4,-1.8310547E-4
328672721553456,-2.4414062E-4,-1.6784668E-4,-1.8310547E-4
328672921443593,3.0517578E-5,2.1362305E-4,1.8310547E-4
328672921443593,3.0517578E-5,2.1362305E-4,1.8310547E-4
328673121333730,-3.0517578E-5,-1.6784668E-4,1.8310547E-4
328673121333730,-3.0517578E-5,-1.6784668E-4,1.8310547E-4
328673321223866,6.713867E-4,2.593994E-4,-3.5095215E-4
328673321223866,6.713867E-4,2.593994E-4,-3.5095215E-4
328673521083486,-5.0354004E-4,2.593994E-4,-7.6293945E-5
328673521083486,-5.0354004E-4,2.593994E-4,-7.6293945E-5
328673720973622,2.4414062E-4,1.5258789E-4,1.373291E-4
328673720973622,2.4414062E-4,1.5258789E-4,1.373291E-4
328673920894277,-3.0517578E-5,1.0681152E-4,-2.89917E-4
328673920894277,-3.0517578E-5,1.0681152E-4,-2.89917E-4
328674120662343,7.6293945E-5,3.2043457E-4,-7.6293945E-5
328674120662343,7.6293945E-5,3.2043457E-4,-7.6293945E-5
328674320552480,3.5095215E-4,-1.0681152E-4,-6.1035156E-4
328674320552480,3.5095215E-4,-1.0681152E-4,-6.1035156E-4
328674520412099,3.9672852E-4,-1.6784668E-4,-6.713867E-4
328674520412099,3.9672852E-4,-1.6784668E-4,-6.713867E-4
328674720302236,3.0517578E-5,5.340576E-4,-1.8310547E-4
328674720302236,3.0517578E-5,5.340576E-4,-1.8310547E-4
328674920161855,1.8310547E-4,4.5776367E-5,-7.6293945E-5
328674920161855,1.8310547E-4,4.5776367E-5,-7.6293945E-5
328675120051991,2.89917E-4,-1.0681152E-4,-3.5095215E-4
328675120051991,2.89917E-4,-1.0681152E-4,-3.5095215E-4
328675319911611,3.0517578E-5,-5.340576E-4,-3.5095215E-4
328675319911611,3.0517578E-5,-5.340576E-4,-3.5095215E-4
328675519771230,9.3078613E-4,3.2043457E-4,-1.8310547E-4
328675519771230,9.3078613E-4,3.2043457E-4,-1.8310547E-4
328675719691884,4.5776367E-4,-1.6784668E-4,-3.0517578E-5
328675719691884,4.5776367E-4,-1.6784668E-4,-3.0517578E-5
328675919551503,-1.8310547E-4,-2.1362305E-4,-2.89917E-4
328675919551503,-1.8310547E-4,-2.1362305E-4,-2.89917E-4
328676119411122,3.5095215E-4,-1.6784668E-4,1.373291E-4
328676119411122,3.5095215E-4,-1.6784668E-4,1.373291E-4
328676319275581,4.5776367E-4,4.5776367E-5,3.0517578E-5
328676319275581,4.5776367E-4,4.5776367E-5,3.0517578E-5
328676519104683,-3.5095215E-4,-1.6784668E-4,-3.0517578E-5
328676519104683,-3.5095215E-4,-1.6784668E-4,-3.0517578E-5
328676718994820,-3.0517578E-5,0.0,-3.9672852E-4
328676718994820,-3.0517578E-5,0.0,-3.9672852E-4
328676918823921,7.7819824E-4,2.1362305E-4,-1.8310547E-4
328676918823921,7.7819824E-4,2.1362305E-4,-1.8310547E-4
328677118683540,4.5776367E-4,-1.0681152E-4,-7.171631E-4
328677118683540,4.5776367E-4,-1.0681152E-4,-7.171631E-4
328677318573677,3.9672852E-4,-3.2043457E-4,-1.373291E-4
328677318573677,3.9672852E-4,-3.2043457E-4,-1.373291E-4
328677518433296,2.89917E-4,2.593994E-4,3.0517578E-5
328677518433296,2.89917E-4,2.593994E-4,3.0517578E-5
328677718323433,5.645752E-4,-2.1362305E-4,3.0517578E-5
328677718323433,5.645752E-4,-2.1362305E-4,3.0517578E-5
328677918183052,3.5095215E-4,0.0,-2.4414062E-4
328677918183052,3.5095215E-4,0.0,-2.4414062E-4
328678118042671,-3.0517578E-5,-1.0681152E-4,-1.8310547E-4
328678118042671,-3.0517578E-5,-1.0681152E-4,-1.8310547E-4
328678317932808,3.5095215E-4,2.1362305E-4,-3.0517578E-5
328678317932808,3.5095215E-4,2.1362305E-4,-3.0517578E-5
328678517792427,4.5776367E-4,3.6621094E-4,-3.5095215E-4
328678517792427,4.5776367E-4,3.6621094E-4,-3.5095215E-4
328678717652046,-3.0517578E-5,1.0681152E-4,-2.89917E-4
328678717652046,-3.0517578E-5,1.0681152E-4,-2.89917E-4
328678917511665,1.8310547E-4,1.5258789E-4,-3.0517578E-5
328678917511665,1.8310547E-4,1.5258789E-4,-3.0517578E-5
328679117401802,8.8500977E-4,2.593994E-4,-2.4414062E-4
328679117401802,8.8500977E-4,2.593994E-4,-2.4414062E-4
328679317261421,7.6293945E-5,-1.0681152E-4,-4.5776367E-4
328679317261421,7.6293945E-5,-1.0681152E-4,-4.5776367E-4
328679517121040,-3.0517578E-5,-2.746582E-4,-2.89917E-4
328679517121040,-3.0517578E-5,-2.746582E-4,-2.89917E-4
328679717041695,2.89917E-4,-6.1035156E-5,-1.8310547E-4
328679717041695,2.89917E-4,-6.1035156E-5,-1.8310547E-4
328679916931831,3.0517578E-5,-2.746582E-4,1.373291E-4
328679916931831,3.0517578E-5,-2.746582E-4,1.373291E-4
328680116791451,2.89917E-4,2.593994E-4,7.6293945E-5
328680116791451,2.89917E-4,2.593994E-4,7.6293945E-5
328680316681587,7.171631E-4,-1.0681152E-4,3.0517578E-5
328680316681587,7.171631E-4,-1.0681152E-4,3.0517578E-5
328680516510689,6.1035156E-4,-6.1035156E-5,-7.7819824E-4
328680516510689,6.1035156E-4,-6.1035156E-5,-7.7819824E-4
328680716370308,3.0517578E-5,-6.1035156E-5,-2.89917E-4
328680716370308,3.0517578E-5,-6.1035156E-5,-2.89917E-4
328680916260445,1.373291E-4,-2.1362305E-4,-1.373291E-4
328680916260445,1.373291E-4,-2.1362305E-4,-1.373291E-4
328681116120064,2.89917E-4,-6.1035156E-5,-1.373291E-4
328681116120064,2.89917E-4,-6.1035156E-5,-1.373291E-4
328681315979683,3.9672852E-4,-2.746582E-4,-5.0354004E-4
328681315979683,3.9672852E-4,-2.746582E-4,-5.0354004E-4
328681515839302,3.0517578E-5,-1.6784668E-4,-2.89917E-4
328681515839302,3.0517578E-5,-1.6784668E-4,-2.89917E-4
328681715698921,3.0517578E-5,-2.746582E-4,1.8310547E-4
328681715698921,3.0517578E-5,-2.746582E-4,1.8310547E-4
328681915558540,3.0517578E-5,2.1362305E-4,-3.5095215E-4
328681915558540,3.0517578E-5,2.1362305E-4,-3.5095215E-4
328682115418159,7.7819824E-4,2.1362305E-4,-3.5095215E-4
328682115418159,7.7819824E-4,2.1362305E-4,-3.5095215E-4
328682315277779,3.0517578E-5,0.0,-1.8310547E-4
328682315277779,3.0517578E-5,0.0,-1.8310547E-4
328682515106880,3.5095215E-4,2.1362305E-4,-1.8310547E-4
328682515106880,3.5095215E-4,2.1362305E-4,-1.8310547E-4
328682714966499,3.9672852E-4,1.5258789E-4,-4.5776367E-4
328682714966499,3.9672852E-4,1.5258789E-4,-4.5776367E-4
328682914765083,-1.373291E-4,-1.0681152E-4,-1.8310547E-4
328682914765083,-1.373291E-4,-1.0681152E-4,-1.8310547E-4
328683114563667,-3.0517578E-5,-1.6784668E-4,-3.5095215E-4
328683114563667,-3.0517578E-5,-1.6784668E-4,-3.5095215E-4
328683314392769,-1.8310547E-4,2.593994E-4,-2.4414062E-4
328683314392769,-1.8310547E-4,2.593994E-4,-2.4414062E-4
328683514191353,-1.8310547E-4,1.5258789E-4,-6.713867E-4
328683514191353,-1.8310547E-4,1.5258789E-4,-6.713867E-4
328683714050972,3.0517578E-5,-1.0681152E-4,-4.5776367E-4
328683714050972,3.0517578E-5,-1.0681152E-4,-4.5776367E-4
328683913910591,6.1035156E-4,4.5776367E-5,-1.373291E-4
328683913910591,6.1035156E-4,4.5776367E-5,-1.373291E-4
328684113739693,7.7819824E-4,4.5776367E-5,-3.5095215E-4
328684113739693,7.7819824E-4,4.5776367E-5,-3.5095215E-4
328684313538277,-3.0517578E-5,-1.6784668E-4,1.8310547E-4
328684313538277,-3.0517578E-5,-1.6784668E-4,1.8310547E-4
328684513367378,5.645752E-4,2.1362305E-4,-3.5095215E-4
328684513367378,5.645752E-4,2.1362305E-4,-3.5095215E-4
328684713226997,3.5095215E-4,-1.6784668E-4,7.6293945E-5
328684713226997,3.5095215E-4,-1.6784668E-4,7.6293945E-5
328684913056099,-3.5095215E-4,-2.746582E-4,-8.8500977E-4
328684913056099,-3.5095215E-4,-2.746582E-4,-8.8500977E-4
328685112915718,1.8310547E-4,-2.1362305E-4,-7.6293945E-5
328685112915718,1.8310547E-4,-2.1362305E-4,-7.6293945E-5
328685312775337,3.9672852E-4,4.5776367E-5,-4.5776367E-4
328685312775337,3.9672852E-4,4.5776367E-5,-4.5776367E-4
328685512573921,6.1035156E-4,4.5776367E-5,-7.6293945E-5
328685512573921,6.1035156E-4,4.5776367E-5,-7.6293945E-5
328685712433540,-2.89917E-4,-1.6784668E-4,-4.5776367E-4
328685712433540,-2.89917E-4,-1.6784668E-4,-4.5776367E-4
328685912262642,3.0517578E-5,1.0681152E-4,-6.1035156E-4
328685912262642,3.0517578E-5,1.0681152E-4,-6.1035156E-4
328686112152779,3.0517578E-5,-2.1362305E-4,-5.0354004E-4
328686112152779,3.0517578E-5,-2.1362305E-4,-5.0354004E-4
328686311932427,2.4414062E-4,4.5776367E-5,-2.89917E-4
328686311932427,2.4414062E-4,4.5776367E-5,-2.89917E-4
328686511731011,7.6293945E-5,1.0681152E-4,-5.0354004E-4
328686511731011,7.6293945E-5,1.0681152E-4,-5.0354004E-4
328686711529595,-3.0517578E-5,-1.0681152E-4,-5.0354004E-4
328686711529595,-3.0517578E-5,-1.0681152E-4,-5.0354004E-4
328686911358696,5.645752E-4,1.0681152E-4,-2.4414062E-4
328686911358696,5.645752E-4,1.0681152E-4,-2.4414062E-4
328687111187798,3.0517578E-5,3.2043457E-4,-3.9672852E-4
328687111187798,3.0517578E-5,3.2043457E-4,-3.9672852E-4
328687311016899,3.9672852E-4,0.0,-5.0354004E-4
328687311016899,3.9672852E-4,0.0,-5.0354004E-4
328687510846001,-3.5095215E-4,-1.0681152E-4,-7.6293945E-5
328687510846001,-3.5095215E-4,-1.0681152E-4,-7.6293945E-5
328687710705620,5.0354004E-4,-6.1035156E-5,-1.373291E-4
328687710705620,5.0354004E-4,-6.1035156E-5,-1.373291E-4
328687910534722,3.5095215E-4,1.5258789E-4,-1.8310547E-4
328687910534722,3.5095215E-4,1.5258789E-4,-1.8310547E-4
328688110394341,-1.8310547E-4,1.0681152E-4,-2.89917E-4
328688110394341,-1.8310547E-4,1.0681152E-4,-2.89917E-4
328688310192925,1.373291E-4,1.0681152E-4,7.6293945E-5
328688310192925,1.373291E-4,1.0681152E-4,7.6293945E-5
328688509991509,3.9672852E-4,-4.272461E-4,-1.8310547E-4
328688509991509,3.9672852E-4,-4.272461E-4,-1.8310547E-4
328688709820610,5.645752E-4,-1.0681152E-4,-3.5095215E-4
328688709820610,5.645752E-4,-1.0681152E-4,-3.5095215E-4
328688909619194,1.8310547E-4,-1.6784668E-4,-7.171631E-4
328688909619194,1.8310547E-4,-1.6784668E-4,-7.171631E-4
328689109387261,8.8500977E-4,-2.1362305E-4,-2.89917E-4
328689109387261,8.8500977E-4,-2.1362305E-4,-2.89917E-4
328689309216362,5.645752E-4,-5.950928E-4,-1.373291E-4
328689309216362,5.645752E-4,-5.950928E-4,-1.373291E-4
328689509014946,1.8310547E-4,-3.8146973E-4,-2.4414062E-4
328689509014946,1.8310547E-4,-3.8146973E-4,-2.4414062E-4
328689708874565,2.89917E-4,-2.1362305E-4,-3.5095215E-4
328689708874565,2.89917E-4,-2.1362305E-4,-3.5095215E-4
328689908703667,3.0517578E-5,-2.746582E-4,-2.89917E-4
328689908703667,3.0517578E-5,-2.746582E-4,-2.89917E-4
328690108532768,3.0517578E-5,2.1362305E-4,-2.4414062E-4
328690108532768,3.0517578E-5,2.1362305E-4,-2.4414062E-4
328690308361870,7.6293945E-5,-1.0681152E-4,-2.89917E-4
328690308361870,7.6293945E-5,-1.0681152E-4,-2.89917E-4
328690508221489,2.89917E-4,1.0681152E-4,-2.89917E-4
328690508221489,2.89917E-4,1.0681152E-4,-2.89917E-4
328690708050591,1.8310547E-4,5.79834E-4,-4.5776367E-4
328690708050591,1.8310547E-4,5.79834E-4,-4.5776367E-4
328690907879692,-1.373291E-4,6.4086914E-4,-2.89917E-4
328690907879692,-1.373291E-4,6.4086914E-4,-2.89917E-4
328691107739311,7.6293945E-5,2.593994E-4,-7.171631E-4
328691107739311,7.6293945E-5,2.593994E-4,-7.171631E-4
328691307568413,-2.4414062E-4,2.1362305E-4,-2.4414062E-4
328691307568413,-2.4414062E-4,2.1362305E-4,-2.4414062E-4
328691507366997,-1.373291E-4,-2.746582E-4,-2.89917E-4
328691507366997,-1.373291E-4,-2.746582E-4,-2.89917E-4
328691707226616,5.645752E-4,3.6621094E-4,-6.1035156E-4
328691707226616,5.645752E-4,3.6621094E-4,-6.1035156E-4
328691907025200,-7.6293945E-5,-6.1035156E-5,-5.0354004E-4
328691907025200,-7.6293945E-5,-6.1035156E-5,-5.0354004E-4
328692106854302,-3.0517578E-5,-2.746582E-4,-3.9672852E-4
328692106854302,-3.0517578E-5,-2.746582E-4,-3.9672852E-4
328692306744438,7.6293945E-5,-2.746582E-4,-4.5776367E-4
328692306744438,7.6293945E-5,-2.746582E-4,-4.5776367E-4
328692506573540,5.0354004E-4,-1.0681152E-4,-2.4414062E-4
328692506573540,5.0354004E-4,-1.0681152E-4,-2.4414062E-4
328692706433159,5.0354004E-4,-3.2043457E-4,-3.0517578E-5
328692706433159,5.0354004E-4,-3.2043457E-4,-3.0517578E-5
328692906292778,6.713867E-4,4.7302246E-4,-5.0354004E-4
328692906292778,6.713867E-4,4.7302246E-4,-5.0354004E-4
328693106182915,-2.89917E-4,0.0,-4.5776367E-4
328693106182915,-2.89917E-4,0.0,-4.5776367E-4
328693306042534,5.645752E-4,-3.2043457E-4,3.0517578E-5
328693306042534,5.645752E-4,-3.2043457E-4,3.0517578E-5
328693505902153,3.0517578E-5,-1.6784668E-4,-3.9672852E-4
328693505902153,3.0517578E-5,-1.6784668E-4,-3.9672852E-4
328693705761772,-1.373291E-4,-3.2043457E-4,-3.5095215E-4
328693705761772,-1.373291E-4,-3.2043457E-4,-3.5095215E-4
328693905621391,5.0354004E-4,1.5258789E-4,-2.4414062E-4
328693905621391,5.0354004E-4,1.5258789E-4,-2.4414062E-4
328694105481011,-1.373291E-4,1.0681152E-4,-1.8310547E-4
328694105481011,-1.373291E-4,1.0681152E-4,-1.8310547E-4
328694305310112,6.1035156E-4,-2.1362305E-4,3.0517578E-5
328694305310112,6.1035156E-4,-2.1362305E-4,3.0517578E-5
328694505139214,-3.0517578E-5,-3.2043457E-4,3.0517578E-5
328694505139214,-3.0517578E-5,-3.2043457E-4,3.0517578E-5
328694705029350,6.713867E-4,-1.6784668E-4,-2.4414062E-4
328694705029350,6.713867E-4,-1.6784668E-4,-2.4414062E-4
328694904858452,5.645752E-4,-2.1362305E-4,1.373291E-4
328694904858452,5.645752E-4,-2.1362305E-4,1.373291E-4
328695104718071,6.1035156E-4,-7.019043E-4,-1.8310547E-4
328695104718071,6.1035156E-4,-7.019043E-4,-1.8310547E-4
328695304547173,3.0517578E-5,-2.1362305E-4,1.373291E-4
328695304547173,3.0517578E-5,-2.1362305E-4,1.373291E-4
328695504376274,1.373291E-4,-2.1362305E-4,-2.89917E-4
328695504376274,1.373291E-4,-2.1362305E-4,-2.89917E-4
328695704235893,-2.4414062E-4,2.593994E-4,-3.5095215E-4
328695704235893,-2.4414062E-4,2.593994E-4,-3.5095215E-4
328695904095513,-2.4414062E-4,-6.1035156E-5,-1.8310547E-4
328695904095513,-2.4414062E-4,-6.1035156E-5,-1.8310547E-4
328696103955132,3.0517578E-5,-6.1035156E-5,-2.89917E-4
328696103955132,3.0517578E-5,-6.1035156E-5,-2.89917E-4
328696303835994,7.6293945E-5,-1.0681152E-4,-1.373291E-4
328696303835994,7.6293945E-5,-1.0681152E-4,-1.373291E-4
328696503726131,5.0354004E-4,-5.950928E-4,-2.4414062E-4
328696503726131,5.0354004E-4,-5.950928E-4,-2.4414062E-4
328696703616267,3.0517578E-5,1.5258789E-4,-6.713867E-4
328696703616267,3.0517578E-5,1.5258789E-4,-6.713867E-4
328696903475886,2.4414062E-4,-1.0681152E-4,-2.89917E-4
328696903475886,2.4414062E-4,-1.0681152E-4,-2.89917E-4
328697103396541,3.9672852E-4,0.0,-5.0354004E-4
328697103396541,3.9672852E-4,0.0,-5.0354004E-4
328697303225642,7.171631E-4,-2.1362305E-4,-7.171631E-4
328697303225642,7.171631E-4,-2.1362305E-4,-7.171631E-4
328697503054744,2.4414062E-4,-1.6784668E-4,-5.0354004E-4
328697503054744,2.4414062E-4,-1.6784668E-4,-5.0354004E-4
328697702944881,5.645752E-4,-1.0681152E-4,-3.5095215E-4
328697702944881,5.645752E-4,-1.0681152E-4,-3.5095215E-4
328697902773982,1.373291E-4,-4.272461E-4,-5.645752E-4
328697902773982,1.373291E-4,-4.272461E-4,-5.645752E-4
328698102633601,7.6293945E-5,2.593994E-4,-5.0354004E-4
328698102633601,7.6293945E-5,2.593994E-4,-5.0354004E-4
328698302554256,5.0354004E-4,1.5258789E-4,-3.9672852E-4
328698302554256,5.0354004E-4,1.5258789E-4,-3.9672852E-4
328698502322322,-7.6293945E-5,-1.6784668E-4,-6.1035156E-4
328698502322322,-7.6293945E-5,-1.6784668E-4,-6.1035156E-4
328698702151424,2.89917E-4,-6.1035156E-5,-2.4414062E-4
328698702151424,2.89917E-4,-6.1035156E-5,-2.4414062E-4
328698902072078,7.6293945E-5,-4.8828125E-4,-1.8310547E-4
328698902072078,7.6293945E-5,-4.8828125E-4,-1.8310547E-4
328699101901179,6.1035156E-4,-1.0681152E-4,-9.918213E-4
328699101901179,6.1035156E-4,-1.0681152E-4,-9.918213E-4
328699301730281,2.89917E-4,1.0681152E-4,-5.0354004E-4
328699301730281,2.89917E-4,1.0681152E-4,-5.0354004E-4
328699501589900,2.4414062E-4,-4.8828125E-4,-6.713867E-4
328699501589900,2.4414062E-4,-4.8828125E-4,-6.713867E-4
328699701419002,1.8310547E-4,-1.0681152E-4,-6.1035156E-4
328699701419002,1.8310547E-4,-1.0681152E-4,-6.1035156E-4
328699901217586,-7.6293945E-5,-3.2043457E-4,-5.0354004E-4
328699901217586,-7.6293945E-5,-3.2043457E-4,-5.0354004E-4
328700101046687,5.645752E-4,-6.1035156E-5,-4.5776367E-4
328700101046687,5.645752E-4,-6.1035156E-5,-4.5776367E-4
328700300845271,4.5776367E-4,-2.1362305E-4,-7.171631E-4
328700300845271,4.5776367E-4,-2.1362305E-4,-7.171631E-4
328700500674373,3.0517578E-5,-3.2043457E-4,-5.0354004E-4
328700500674373,3.0517578E-5,-3.2043457E-4,-5.0354004E-4
328700700503474,7.6293945E-5,1.0681152E-4,-5.0354004E-4
328700700503474,7.6293945E-5,1.0681152E-4,-5.0354004E-4
328700900302058,4.5776367E-4,-2.746582E-4,-5.645752E-4
328700900302058,4.5776367E-4,-2.746582E-4,-5.645752E-4
328701100131160,-1.373291E-4,-6.1035156E-5,-8.8500977E-4
328701100131160,-1.373291E-4,-6.1035156E-5,-8.8500977E-4
328701299990779,3.0517578E-5,4.5776367E-5,-8.8500977E-4
328701299990779,3.0517578E-5,4.5776367E-5,-8.8500977E-4
328701499850398,-1.8310547E-4,1.5258789E-4,-6.713867E-4
328701499850398,-1.8310547E-4,1.5258789E-4,-6.713867E-4
328701699771052,3.5095215E-4,4.5776367E-5,-5.0354004E-4
328701699771052,3.5095215E-4,4.5776367E-5,-5.0354004E-4
328701899569636,2.89917E-4,4.5776367E-5,-6.1035156E-4
328701899569636,2.89917E-4,4.5776367E-5,-6.1035156E-4
328702099429256,3.5095215E-4,-6.1035156E-5,-2.4414062E-4
328702099429256,3.5095215E-4,-6.1035156E-5,-2.4414062E-4
328702299288875,4.5776367E-4,-3.2043457E-4,-5.0354004E-4
328702299288875,4.5776367E-4,-3.2043457E-4,-5.0354004E-4
328702499148494,3.0517578E-5,-3.8146973E-4,-8.239746E-4
328702499148494,3.0517578E-5,-3.8146973E-4,-8.239746E-4
328702699038631,1.8310547E-4,-1.0681152E-4,-2.4414062E-4
328702699038631,1.8310547E-4,-1.0681152E-4,-2.4414062E-4
328702898898250,-7.6293945E-5,-6.1035156E-5,-6.713867E-4
328702898898250,-7.6293945E-5,-6.1035156E-5,-6.713867E-4
328703098727351,-3.5095215E-4,2.593994E-4,-6.713867E-4
328703098727351,-3.5095215E-4,2.593994E-4,-6.713867E-4
328703298556453,7.6293945E-5,4.7302246E-4,-2.4414062E-4
328703298556453,7.6293945E-5,4.7302246E-4,-2.4414062E-4
328703516146785,-4.5776367E-4,6.4086914E-4,-3.9672852E-4
328703516146785,-4.5776367E-4,6.4086914E-4,-3.9672852E-4
328703719454890,-1.373291E-4,0.0,-4.5776367E-4
328703719454890,-1.373291E-4,0.0,-4.5776367E-4
328703914767390,-1.8310547E-4,-3.2043457E-4,-4.5776367E-4
328703914767390,-1.8310547E-4,-3.2043457E-4,-4.5776367E-4
328704117892390,-2.4414062E-4,1.5258789E-4,-6.713867E-4
328704117892390,-2.4414062E-4,1.5258789E-4,-6.713867E-4
328704321017390,3.5095215E-4,-5.950928E-4,-3.9672852E-4
328704321017390,3.5095215E-4,-5.950928E-4,-3.9672852E-4
328704516329890,-1.8310547E-4,5.340576E-4,-6.713867E-4
328704516329890,-1.8310547E-4,5.340576E-4,-6.713867E-4
328704719454890,3.0517578E-5,-1.0681152E-4,-5.645752E-4
328704719454890,3.0517578E-5,-1.0681152E-4,-5.645752E-4
328704914767390,8.8500977E-4,-2.1362305E-4,-3.9672852E-4
328704914767390,8.8500977E-4,-2.1362305E-4,-3.9672852E-4
328705117892390,6.713867E-4,-4.8828125E-4,-6.1035156E-4
328705117892390,6.713867E-4,-4.8828125E-4,-6.1035156E-4
328705313204890,5.0354004E-4,-2.746582E-4,-7.6293945E-5
328705313204890,5.0354004E-4,-2.746582E-4,-7.6293945E-5
328705516329890,4.5776367E-4,-3.8146973E-4,-6.1035156E-4
328705516329890,4.5776367E-4,-3.8146973E-4,-6.1035156E-4
328705719454890,5.0354004E-4,-2.746582E-4,-2.89917E-4
328705719454890,5.0354004E-4,-2.746582E-4,-2.89917E-4
328705914767390,-3.0517578E-5,-1.0681152E-4,-3.5095215E-4
328705914767390,-3.0517578E-5,-1.0681152E-4,-3.5095215E-4
328706117893188,3.9672852E-4,0.0,-3.5095215E-4
328706117893188,3.9672852E-4,0.0,-3.5095215E-4
328706313205688,7.7819824E-4,-2.746582E-4,-2.4414062E-4
328706313205688,7.7819824E-4,-2.746582E-4,-2.4414062E-4
328706516330688,7.6293945E-5,-1.0681152E-4,-0.0010375977
328706516330688,7.6293945E-5,-1.0681152E-4,-0.0010375977
328706719455688,6.713867E-4,-2.746582E-4,-6.713867E-4
328706719455688,6.713867E-4,-2.746582E-4,-6.713867E-4
328706914768188,7.171631E-4,1.0681152E-4,-1.373291E-4
328706914768188,7.171631E-4,1.0681152E-4,-1.373291E-4
328707117893188,9.3078613E-4,0.0,-2.89917E-4
328707117893188,9.3078613E-4,0.0,-2.89917E-4
328707313205688,4.5776367E-4,1.0681152E-4,1.373291E-4
328707313205688,4.5776367E-4,1.0681152E-4,1.373291E-4
328707516330688,5.0354004E-4,1.0681152E-4,-3.5095215E-4
328707516330688,5.0354004E-4,1.0681152E-4,-3.5095215E-4
328707711643188,5.0354004E-4,1.5258789E-4,-5.645752E-4
328707711643188,5.0354004E-4,1.5258789E-4,-5.645752E-4
328707914768188,7.7819824E-4,-2.746582E-4,-1.8310547E-4
328707914768188,7.7819824E-4,-2.746582E-4,-1.8310547E-4
328708117893188,2.4414062E-4,-1.6784668E-4,-3.5095215E-4
328708117893188,2.4414062E-4,-1.6784668E-4,-3.5095215E-4
328708313205688,2.4414062E-4,-1.0681152E-4,-1.8310547E-4
328708313205688,2.4414062E-4,-1.0681152E-4,-1.8310547E-4
328708516330688,3.0517578E-5,4.5776367E-5,-8.8500977E-4
328708516330688,3.0517578E-5,4.5776367E-5,-8.8500977E-4
328708711643188,3.0517578E-5,-6.1035156E-5,-5.645752E-4
328708711643188,3.0517578E-5,-6.1035156E-5,-5.645752E-4
328708914768188,2.4414062E-4,-2.1362305E-4,-7.7819824E-4
328708914768188,2.4414062E-4,-2.1362305E-4,-7.7819824E-4
328709117893188,3.5095215E-4,1.0681152E-4,-5.0354004E-4
328709117893188,3.5095215E-4,1.0681152E-4,-5.0354004E-4
328709313205688,1.373291E-4,-3.8146973E-4,-7.171631E-4
328709313205688,1.373291E-4,-3.8146973E-4,-7.171631E-4
328709516330688,2.4414062E-4,-2.1362305E-4,-5.645752E-4
328709516330688,2.4414062E-4,-2.1362305E-4,-5.645752E-4
328709711643188,4.5776367E-4,-6.1035156E-5,-8.8500977E-4
328709711643188,4.5776367E-4,-6.1035156E-5,-8.8500977E-4
328709914768188,2.4414062E-4,4.5776367E-5,-7.171631E-4
328709914768188,2.4414062E-4,4.5776367E-5,-7.171631E-4
328710110080688,-7.6293945E-5,-2.746582E-4,-4.5776367E-4
328710110080688,-7.6293945E-5,-2.746582E-4,-4.5776367E-4
328710313205688,7.6293945E-5,1.5258789E-4,-8.8500977E-4
328710313205688,7.6293945E-5,1.5258789E-4,-8.8500977E-4
328710516330688,3.0517578E-5,2.593994E-4,-4.5776367E-4
328710516330688,3.0517578E-5,2.593994E-4,-4.5776367E-4
328710711643188,-2.89917E-4,1.0681152E-4,-7.171631E-4
328710711643188,-2.89917E-4,1.0681152E-4,-7.171631E-4
328710914768188,7.6293945E-5,-2.746582E-4,-6.1035156E-4
328710914768188,7.6293945E-5,-2.746582E-4,-6.1035156E-4
328711110080688,-1.8310547E-4,4.7302246E-4,-2.4414062E-4
328711110080688,-1.8310547E-4,4.7302246E-4,-2.4414062E-4
328711313205688,7.6293945E-5,-5.340576E-4,-8.239746E-4
328711313205688,7.6293945E-5,-5.340576E-4,-8.239746E-4
328711508518188,-3.5095215E-4,-6.1035156E-5,-7.171631E-4
328711508518188,-3.5095215E-4,-6.1035156E-5,-7.171631E-4
328711711643188,3.9672852E-4,-1.0681152E-4,-6.713867E-4
328711711643188,3.9672852E-4,-1.0681152E-4,-6.713867E-4
328711914768188,8.239746E-4,-4.8828125E-4,-5.645752E-4
328711914768188,8.239746E-4,-4.8828125E-4,-5.645752E-4
328712110080688,2.89917E-4,0.0,-6.1035156E-4
328712110080688,2.89917E-4,0.0,-6.1035156E-4
328712313205688,3.5095215E-4,-2.746582E-4,-8.239746E-4
328712313205688,3.5095215E-4,-2.746582E-4,-8.239746E-4
328712508518188,3.5095215E-4,-2.746582E-4,-7.171631E-4
328712508518188,3.5095215E-4,-2.746582E-4,-7.171631E-4
328712711643188,4.5776367E-4,-3.8146973E-4,-1.373291E-4
328712711643188,4.5776367E-4,-3.8146973E-4,-1.373291E-4
328712914768188,-7.6293945E-5,-2.746582E-4,-9.918213E-4
328712914768188,-7.6293945E-5,-2.746582E-4,-9.918213E-4
328713110080688,3.9672852E-4,0.0,-6.713867E-4
328713110080688,3.9672852E-4,0.0,-6.713867E-4
328713313205688,1.373291E-4,-1.6784668E-4,-9.3078613E-4
328713313205688,1.373291E-4,-1.6784668E-4,-9.3078613E-4
328713508518188,-5.0354004E-4,4.272461E-4,-4.5776367E-4
328713508518188,-5.0354004E-4,4.272461E-4,-4.5776367E-4
328713711643188,-7.6293945E-5,-2.746582E-4,-9.3078613E-4
328713711643188,-7.6293945E-5,-2.746582E-4,-9.3078613E-4
328713906955688,3.5095215E-4,3.6621094E-4,-2.89917E-4
328713906955688,3.5095215E-4,3.6621094E-4,-2.89917E-4
328714110080688,3.0517578E-5,6.4086914E-4,-9.3078613E-4
328714110080688,3.0517578E-5,6.4086914E-4,-9.3078613E-4
328714313205688,7.6293945E-5,-2.1362305E-4,-7.171631E-4
328714313205688,7.6293945E-5,-2.1362305E-4,-7.171631E-4
328714508518188,5.0354004E-4,4.5776367E-5,-6.1035156E-4
328714508518188,5.0354004E-4,4.5776367E-5,-6.1035156E-4
328714711643188,5.645752E-4,-1.6784668E-4,-6.1035156E-4
328714711643188,5.645752E-4,-1.6784668E-4,-6.1035156E-4
328714906955688,7.7819824E-4,-3.2043457E-4,-7.7819824E-4
328714906955688,7.7819824E-4,-3.2043457E-4,-7.7819824E-4
328715110080688,8.239746E-4,-5.340576E-4,-1.8310547E-4
328715110080688,8.239746E-4,-5.340576E-4,-1.8310547E-4
328715313205688,7.171631E-4,-8.087158E-4,-8.8500977E-4
328715313205688,7.171631E-4,-8.087158E-4,-8.8500977E-4
328715508518188,2.4414062E-4,-1.0681152E-4,-9.3078613E-4
328715508518188,2.4414062E-4,-1.0681152E-4,-9.3078613E-4
328715711643188,2.89917E-4,-1.0681152E-4,-9.918213E-4
328715711643188,2.89917E-4,-1.0681152E-4,-9.918213E-4
328715906955688,2.4414062E-4,-1.6784668E-4,-9.918213E-4
328715906955688,2.4414062E-4,-1.6784668E-4,-9.918213E-4
328716110075090,-2.4414062E-4,-3.8146973E-4,-8.239746E-4
328716110075090,-2.4414062E-4,-3.8146973E-4,-8.239746E-4
328716305387590,3.0517578E-5,4.5776367E-5,-7.171631E-4
328716305387590,3.0517578E-5,4.5776367E-5,-7.171631E-4
328716508512590,-3.0517578E-5,-4.272461E-4,-6.713867E-4
328716508512590,-3.0517578E-5,-4.272461E-4,-6.713867E-4
328716711637590,2.4414062E-4,-1.0681152E-4,-2.4414062E-4
328716711637590,2.4414062E-4,-1.0681152E-4,-2.4414062E-4
328716906950090,-1.373291E-4,1.5258789E-4,-1.8310547E-4
328716906950090,-1.373291E-4,1.5258789E-4,-1.8310547E-4
328717110075090,-3.0517578E-5,-1.6784668E-4,-4.5776367E-4
328717110075090,-3.0517578E-5,-1.6784668E-4,-4.5776367E-4
328717305387590,1.373291E-4,-1.0681152E-4,-7.7819824E-4
328717305387590,1.373291E-4,-1.0681152E-4,-7.7819824E-4
328717508512590,-1.373291E-4,-4.272461E-4,-5.645752E-4
328717508512590,-1.373291E-4,-4.272461E-4,-5.645752E-4
328717711637590,7.6293945E-5,-3.2043457E-4,-6.713867E-4
328717711637590,7.6293945E-5,-3.2043457E-4,-6.713867E-4
328717906950090,2.4414062E-4,2.1362305E-4,-9.918213E-4
328717906950090,2.4414062E-4,2.1362305E-4,-9.918213E-4
328718110075090,-6.713867E-4,7.9345703E-4,-6.713867E-4
328718110075090,-6.713867E-4,7.9345703E-4,-6.713867E-4
328718305387590,-8.8500977E-4,-6.1035156E-5,-7.171631E-4
328718305387590,-8.8500977E-4,-6.1035156E-5,-7.171631E-4
328718508512590,8.239746E-4,-7.019043E-4,-2.4414062E-4
328718508512590,8.239746E-4,-7.019043E-4,-2.4414062E-4
328718703825090,2.4414062E-4,-2.746582E-4,-7.7819824E-4
328718703825090,2.4414062E-4,-2.746582E-4,-7.7819824E-4
328718906950090,2.89917E-4,-4.272461E-4,-2.89917E-4
328718906950090,2.89917E-4,-4.272461E-4,-2.89917E-4
328719110075090,1.373291E-4,0.0,-7.171631E-4
328719110075090,1.373291E-4,0.0,-7.171631E-4
328719305387590,8.239746E-4,-3.2043457E-4,-5.0354004E-4
328719305387590,8.239746E-4,-3.2043457E-4,-5.0354004E-4
328719508512590,-3.0517578E-5,-1.0681152E-4,-3.9672852E-4
328719508512590,-3.0517578E-5,-1.0681152E-4,-3.9672852E-4
328719703825090,-2.4414062E-4,-2.746582E-4,-6.713867E-4
328719703825090,-2.4414062E-4,-2.746582E-4,-6.713867E-4
328719906950090,2.89917E-4,-2.746582E-4,-5.645752E-4
328719906950090,2.89917E-4,-2.746582E-4,-5.645752E-4
328720110075090,3.9672852E-4,-2.1362305E-4,-7.7819824E-4
328720110075090,3.9672852E-4,-2.1362305E-4,-7.7819824E-4
328720305387590,7.6293945E-5,-3.2043457E-4,-6.713867E-4
328720305387590,7.6293945E-5,-3.2043457E-4,-6.713867E-4
328720508512590,6.713867E-4,-5.340576E-4,-4.5776367E-4
328720508512590,6.713867E-4,-5.340576E-4,-4.5776367E-4
328720703825090,1.8310547E-4,-2.1362305E-4,-8.8500977E-4
328720703825090,1.8310547E-4,-2.1362305E-4,-8.8500977E-4
328720906950090,5.0354004E-4,-2.1362305E-4,-6.713867E-4
328720906950090,5.0354004E-4,-2.1362305E-4,-6.713867E-4
328721102262590,7.6293945E-5,-5.340576E-4,-7.7819824E-4
328721102262590,7.6293945E-5,-5.340576E-4,-7.7819824E-4
328721305387590,1.8310547E-4,-1.0681152E-4,-2.89917E-4
328721305387590,1.8310547E-4,-1.0681152E-4,-2.89917E-4
328721508512590,3.0517578E-5,-2.1362305E-4,-3.9672852E-4
328721508512590,3.0517578E-5,-2.1362305E-4,-3.9672852E-4
328721703825090,2.4414062E-4,-6.1035156E-5,-3.9672852E-4
328721703825090,2.4414062E-4,-6.1035156E-5,-3.9672852E-4
328721906950090,1.8310547E-4,-6.1035156E-5,-2.89917E-4
328721906950090,1.8310547E-4,-6.1035156E-5,-2.89917E-4
328722102262590,3.5095215E-4,-1.6784668E-4,-3.9672852E-4
328722102262590,3.5095215E-4,-1.6784668E-4,-3.9672852E-4
328722305387590,-3.0517578E-5,-1.0681152E-4,-0.0012512207
328722305387590,-3.0517578E-5,-1.0681152E-4,-0.0012512207
328722508512590,-5.0354004E-4,-2.1362305E-4,-5.0354004E-4
328722508512590,-5.0354004E-4,-2.1362305E-4,-5.0354004E-4
328722703825090,4.5776367E-4,-4.272461E-4,-9.3078613E-4
328722703825090,4.5776367E-4,-4.272461E-4,-9.3078613E-4
328722906950090,1.373291E-4,2.593994E-4,-6.713867E-4
328722906950090,1.373291E-4,2.593994E-4,-6.713867E-4
328723102262590,7.6293945E-5,6.4086914E-4,-0.0010375977
328723102262590,7.6293945E-5,6.4086914E-4,-0.0010375977
328723305387590,3.0517578E-5,0.0,-8.8500977E-4
328723305387590,3.0517578E-5,0.0,-8.8500977E-4
328723504087541,2.4414062E-4,-2.746582E-4,-2.4414062E-4
328723504087541,2.4414062E-4,-2.746582E-4,-2.4414062E-4
328723711637590,7.6293945E-5,-6.1035156E-5,-8.8500977E-4
328723711637590,7.6293945E-5,-6.1035156E-5,-8.8500977E-4
328723914762590,2.4414062E-4,0.0,-3.5095215E-4
328723914762590,2.4414062E-4,0.0,-3.5095215E-4
328724110075090,3.5095215E-4,-4.8828125E-4,-3.5095215E-4
328724110075090,3.5095215E-4,-4.8828125E-4,-3.5095215E-4
328724313200090,-1.373291E-4,-2.746582E-4,-4.5776367E-4
328724313200090,-1.373291E-4,-2.746582E-4,-4.5776367E-4
328724513425920,4.5776367E-4,-3.2043457E-4,-7.171631E-4
328724513425920,4.5776367E-4,-3.2043457E-4,-7.171631E-4
328724766325090,-3.9672852E-4,4.5776367E-5,-5.645752E-4
328724766325090,-3.9672852E-4,4.5776367E-5,-5.645752E-4
328724961637590,2.89917E-4,1.0681152E-4,-6.713867E-4
328724961637590,2.89917E-4,1.0681152E-4,-6.713867E-4
328725156950090,-3.0517578E-5,1.5258789E-4,-3.9672852E-4
328725156950090,-3.0517578E-5,1.5258789E-4,-3.9672852E-4
328725360075090,-3.0517578E-5,1.5258789E-4,-8.239746E-4
328725360075090,-3.0517578E-5,1.5258789E-4,-8.239746E-4
328725563200090,3.5095215E-4,-7.019043E-4,-5.0354004E-4
328725563200090,3.5095215E-4,-7.019043E-4,-5.0354004E-4
328725758512590,7.6293945E-5,-5.340576E-4,-7.171631E-4
328725758512590,7.6293945E-5,-5.340576E-4,-7.171631E-4
328725961637590,8.8500977E-4,-5.950928E-4,-8.239746E-4
328725961637590,8.8500977E-4,-5.950928E-4,-8.239746E-4
328726156950090,4.5776367E-4,-6.4086914E-4,-0.0010986328
328726156950090,4.5776367E-4,-6.4086914E-4,-0.0010986328
328726360088423,-2.89917E-4,-8.544922E-4,-7.7819824E-4
328726360088423,-2.89917E-4,-8.544922E-4,-7.7819824E-4
328726563213423,1.373291E-4,-2.1362305E-4,-6.1035156E-4
328726563213423,1.373291E-4,-2.1362305E-4,-6.1035156E-4
328726758525923,-3.9672852E-4,-3.8146973E-4,-7.7819824E-4
328726758525923,-3.9672852E-4,-3.8146973E-4,-7.7819824E-4
328726961650923,2.89917E-4,0.0,-3.9672852E-4
328726961650923,2.89917E-4,0.0,-3.9672852E-4
328727156963423,2.4414062E-4,-6.1035156E-5,-1.8310547E-4
328727156963423,2.4414062E-4,-6.1035156E-5,-1.8310547E-4
328727360088423,-3.0517578E-5,-5.340576E-4,-5.645752E-4
328727360088423,-3.0517578E-5,-5.340576E-4,-5.645752E-4
328727555400923,1.373291E-4,-2.1362305E-4,-7.7819824E-4
328727555400923,1.373291E-4,-2.1362305E-4,-7.7819824E-4
328727758525923,7.6293945E-5,1.5258789E-4,-8.239746E-4
328727758525923,7.6293945E-5,1.5258789E-4,-8.239746E-4
328727961650923,2.4414062E-4,0.0,-2.4414062E-4
328727961650923,2.4414062E-4,0.0,-2.4414062E-4
328728156963423,3.5095215E-4,-2.746582E-4,-3.5095215E-4
328728156963423,3.5095215E-4,-2.746582E-4,-3.5095215E-4
328728360088423,-3.0517578E-5,1.0681152E-4,-5.0354004E-4
328728360088423,-3.0517578E-5,1.0681152E-4,-5.0354004E-4
328728555400923,-1.8310547E-4,-1.6784668E-4,-7.7819824E-4
328728555400923,-1.8310547E-4,-1.6784668E-4,-7.7819824E-4
328728805400923,1.5258789E-4,-7.6293945E-5,2.746582E-4
328728805400923,1.5258789E-4,-7.6293945E-5,2.746582E-4
328729008525923,5.79834E-4,-1.5258789E-5,2.1362305E-4
328729008525923,5.79834E-4,-1.5258789E-5,2.1362305E-4
328729211650923,-1.5258789E-5,9.1552734E-5,2.746582E-4
328729211650923,-1.5258789E-5,9.1552734E-5,2.746582E-4
328729406963423,1.5258789E-4,2.4414062E-4,3.8146973E-4
328729406963423,1.5258789E-4,2.4414062E-4,3.8146973E-4
328729610088423,-2.2888184E-4,3.0517578E-5,2.1362305E-4
328729610088423,-2.2888184E-4,3.0517578E-5,2.1362305E-4
328729805400923,2.593994E-4,1.373291E-4,6.1035156E-5
328729805400923,2.593994E-4,1.373291E-4,6.1035156E-5
328730008525923,-5.950928E-4,4.5776367E-4,-2.1362305E-4
328730008525923,-5.950928E-4,4.5776367E-4,-2.1362305E-4
328730203838423,-2.746582E-4,3.5095215E-4,1.0681152E-4
328730203838423,-2.746582E-4,3.5095215E-4,1.0681152E-4
328730406963423,-2.2888184E-4,3.0517578E-4,-1.0681152E-4
328730406963423,-2.2888184E-4,3.0517578E-4,-1.0681152E-4
328730610088423,6.866455E-4,-6.1035156E-4,0.0
328730610088423,6.866455E-4,-6.1035156E-4,0.0
328730805400923,-1.6784668E-4,4.119873E-4,0.0
328730805400923,-1.6784668E-4,4.119873E-4,0.0
328731008525923,-7.6293945E-4,6.2561035E-4,-1.0681152E-4
328731008525923,-7.6293945E-4,6.2561035E-4,-1.0681152E-4
328731203838423,-1.5258789E-5,-1.8310547E-4,-2.1362305E-4
328731203838423,-1.5258789E-5,-1.8310547E-4,-2.1362305E-4
328731406963423,4.5776367E-5,5.645752E-4,3.2043457E-4
328731406963423,4.5776367E-5,5.645752E-4,3.2043457E-4
328731610088423,-1.5258789E-5,4.119873E-4,-2.593994E-4
328731610088423,-1.5258789E-5,4.119873E-4,-2.593994E-4
328731805400923,1.5258789E-4,-4.4250488E-4,0.0
328731805400923,1.5258789E-4,-4.4250488E-4,0.0
328732008525923,-1.5258789E-5,-1.8310547E-4,-4.5776367E-5
328732008525923,-1.5258789E-5,-1.8310547E-4,-4.5776367E-5
328732203838423,9.1552734E-5,-6.1035156E-4,3.8146973E-4
328732203838423,9.1552734E-5,-6.1035156E-4,3.8146973E-4
328732406963423,-2.746582E-4,-4.4250488E-4,-2.1362305E-4
328732406963423,-2.746582E-4,-4.4250488E-4,-2.1362305E-4
328732610088423,4.5776367E-5,-3.3569336E-4,-3.2043457E-4
328732610088423,4.5776367E-5,-3.3569336E-4,-3.2043457E-4
328732805400923,-2.746582E-4,-6.1035156E-4,-4.5776367E-5
328732805400923,-2.746582E-4,-6.1035156E-4,-4.5776367E-5
